    0.0000    0.198370E-08    0.574507E-10    0.963124E-09
    0.0050    0.133364E+04    0.155764E+03    0.588936E+03
    0.0100    0.133657E+04   -0.560125E+02    0.696293E+03
    0.0150    0.130884E+04   -0.247666E+03    0.778253E+03
    0.0200    0.126132E+04   -0.415637E+03    0.838479E+03
    0.0250    0.119910E+04   -0.556012E+03    0.877555E+03
    0.0300    0.112467E+04   -0.666323E+03    0.895499E+03
    0.0350    0.104118E+04   -0.747150E+03    0.894165E+03
    0.0400    0.953642E+03   -0.802510E+03    0.878076E+03
    0.0450    0.868155E+03   -0.838736E+03    0.853446E+03
    0.0500    0.790064E+03   -0.862381E+03    0.826222E+03
    0.0550    0.722458E+03   -0.878187E+03    0.800322E+03
    0.0600    0.665842E+03   -0.888068E+03    0.776955E+03
    0.0650    0.618982E+03   -0.891449E+03    0.755215E+03
    0.0700    0.580280E+03   -0.886674E+03    0.733477E+03
    0.0750    0.548919E+03   -0.872655E+03    0.710787E+03
    0.0800    0.525285E+03   -0.849970E+03    0.687627E+03
    0.0850    0.510680E+03   -0.820994E+03    0.665837E+03
    0.0900    0.506619E+03   -0.789178E+03    0.647899E+03
    0.0950    0.514107E+03   -0.757926E+03    0.636017E+03
    0.1000    0.533198E+03   -0.729638E+03    0.631418E+03
    0.1050    0.562914E+03   -0.705246E+03    0.634080E+03
    0.1100    0.601446E+03   -0.684304E+03    0.642875E+03
    0.1150    0.646491E+03   -0.665463E+03    0.655977E+03
    0.1200    0.695589E+03   -0.647105E+03    0.671347E+03
    0.1250    0.746381E+03   -0.627919E+03    0.687150E+03
    0.1300    0.796806E+03   -0.607298E+03    0.702052E+03
    0.1350    0.845220E+03   -0.585500E+03    0.715360E+03
    0.1400    0.890459E+03   -0.563552E+03    0.727005E+03
    0.1450    0.931844E+03   -0.542937E+03    0.737391E+03
    0.1500    0.969142E+03   -0.525150E+03    0.747146E+03
    0.1550    0.100247E+04   -0.511258E+03    0.756866E+03
    0.1600    0.103233E+04   -0.501591E+03    0.766962E+03
    0.1650    0.105931E+04   -0.495730E+03    0.777520E+03
    0.1700    0.108416E+04   -0.492698E+03    0.788431E+03
    0.1750    0.110772E+04   -0.491364E+03    0.799541E+03
    0.1800    0.113080E+04   -0.490857E+03    0.810827E+03
    0.1850    0.115415E+04   -0.490855E+03    0.822502E+03
    0.1900    0.117840E+04   -0.491634E+03    0.835015E+03
    0.1950    0.120397E+04   -0.493877E+03    0.848924E+03
    0.2000    0.123110E+04   -0.498317E+03    0.864711E+03
    0.2050    0.125982E+04   -0.505360E+03    0.882590E+03
    0.2100    0.128996E+04   -0.514808E+03    0.902383E+03
    0.2150    0.132121E+04   -0.525794E+03    0.923500E+03
    0.2200    0.135315E+04   -0.536930E+03    0.945042E+03
    0.2250    0.138534E+04   -0.546623E+03    0.965980E+03
    0.2300    0.141730E+04   -0.553444E+03    0.985372E+03
    0.2350    0.144864E+04   -0.556460E+03    0.100255E+04
    0.2400    0.147901E+04   -0.555400E+03    0.101721E+04
    0.2450    0.150817E+04   -0.550651E+03    0.102941E+04
    0.2500    0.153590E+04   -0.543071E+03    0.103949E+04
    0.2550    0.156204E+04   -0.533697E+03    0.104787E+04
    0.2600    0.158641E+04   -0.523447E+03    0.105493E+04
    0.2650    0.160886E+04   -0.512911E+03    0.106089E+04
    0.2700    0.162923E+04   -0.502295E+03    0.106576E+04
    0.2750    0.164740E+04   -0.491507E+03    0.106945E+04
    0.2800    0.166330E+04   -0.480345E+03    0.107182E+04
    0.2850    0.167694E+04   -0.468693E+03    0.107281E+04
    0.2900    0.168838E+04   -0.456636E+03    0.107251E+04
    0.2950    0.169778E+04   -0.444468E+03    0.107112E+04
    0.3000    0.170533E+04   -0.432591E+03    0.106896E+04
    0.3050    0.171127E+04   -0.421288E+03    0.106628E+04
    0.3100    0.171583E+04   -0.407424E+03    0.106163E+04
    0.3150    0.171923E+04   -0.395019E+03    0.105712E+04
    0.3200    0.172165E+04   -0.388246E+03    0.105495E+04
    0.3250    0.172324E+04   -0.380985E+03    0.105211E+04
    0.3300    0.172410E+04   -0.373555E+03    0.104883E+04
    0.3350    0.172429E+04   -0.366103E+03    0.104519E+04
    0.3400    0.172383E+04   -0.358955E+03    0.104140E+04
    0.3450    0.172276E+04   -0.352657E+03    0.103771E+04
    0.3500    0.172108E+04   -0.347896E+03    0.103449E+04
    0.3550    0.171885E+04   -0.345373E+03    0.103211E+04
    0.3600    0.171615E+04   -0.345627E+03    0.103089E+04
    0.3650    0.171311E+04   -0.348936E+03    0.103102E+04
    0.3700    0.170990E+04   -0.355271E+03    0.103258E+04
    0.3750    0.170671E+04   -0.364327E+03    0.103552E+04
    0.3800    0.170374E+04   -0.375610E+03    0.103968E+04
    0.3850    0.170119E+04   -0.388542E+03    0.104486E+04
    0.3900    0.169919E+04   -0.402560E+03    0.105088E+04
    0.3950    0.169785E+04   -0.417166E+03    0.105751E+04
    0.4000    0.169715E+04   -0.431932E+03    0.106454E+04
    0.4050    0.169701E+04   -0.446456E+03    0.107173E+04
    0.4100    0.169723E+04   -0.460307E+03    0.107877E+04
    0.4150    0.169755E+04   -0.472985E+03    0.108527E+04
    0.4200    0.169761E+04   -0.483911E+03    0.109076E+04
    0.4250    0.169706E+04   -0.492477E+03    0.109477E+04
    0.4300    0.169549E+04   -0.498119E+03    0.109681E+04
    0.4350    0.169257E+04   -0.500400E+03    0.109648E+04
    0.4400    0.168798E+04   -0.499067E+03    0.109353E+04
    0.4450    0.168154E+04   -0.494074E+03    0.108781E+04
    0.4500    0.167314E+04   -0.485550E+03    0.107934E+04
    0.4550    0.166281E+04   -0.473750E+03    0.106828E+04
    0.4600    0.165070E+04   -0.458997E+03    0.105485E+04
    0.4650    0.163707E+04   -0.441632E+03    0.103935E+04
    0.4700    0.162225E+04   -0.421985E+03    0.102212E+04
    0.4750    0.160665E+04   -0.400358E+03    0.100350E+04
    0.4800    0.159065E+04   -0.377045E+03    0.983847E+03
    0.4850    0.157464E+04   -0.352363E+03    0.963501E+03
    0.4900    0.155893E+04   -0.326669E+03    0.942801E+03
    0.4950    0.154377E+04   -0.300377E+03    0.922072E+03
    0.5000    0.152928E+04   -0.273944E+03    0.901611E+03
    0.5050    0.151550E+04   -0.247843E+03    0.881672E+03
    0.5100    0.150240E+04   -0.222519E+03    0.862457E+03
    0.5150    0.148985E+04   -0.198355E+03    0.844102E+03
    0.5200    0.147771E+04   -0.175643E+03    0.826676E+03
    0.5250    0.146581E+04   -0.154573E+03    0.810191E+03
    0.5300    0.145398E+04   -0.135240E+03    0.794611E+03
    0.5350    0.144210E+04   -0.117655E+03    0.779876E+03
    0.5400    0.143007E+04   -0.101754E+03    0.765914E+03
    0.5450    0.141789E+04   -0.874062E+02    0.752650E+03
    0.5500    0.140559E+04   -0.744098E+02    0.740001E+03
    0.5550    0.139325E+04   -0.624817E+02    0.727867E+03
    0.5600    0.138098E+04   -0.512484E+02    0.716113E+03
    0.5650    0.136888E+04   -0.402507E+02    0.704567E+03
    0.5700    0.135706E+04   -0.289651E+02    0.693013E+03
    0.5750    0.134557E+04   -0.168453E+02    0.681207E+03
    0.5800    0.133442E+04   -0.337385E+01    0.668894E+03
    0.5850    0.132354E+04    0.118803E+02    0.655828E+03
    0.5900    0.131280E+04    0.292165E+02    0.641789E+03
    0.5950    0.130198E+04    0.487740E+02    0.626605E+03
    0.6000    0.129084E+04    0.705286E+02    0.610154E+03
    0.6050    0.127906E+04    0.943097E+02    0.592375E+03
    0.6100    0.126635E+04    0.119835E+03    0.573259E+03
    0.6150    0.125244E+04    0.146754E+03    0.552841E+03
    0.6200    0.123708E+04    0.174687E+03    0.531195E+03
    0.6250    0.122011E+04    0.203267E+03    0.508422E+03
    0.6300    0.120147E+04    0.232160E+03    0.484653E+03
    0.6350    0.118118E+04    0.261075E+03    0.460052E+03
    0.6400    0.115940E+04    0.289756E+03    0.434821E+03
    0.6450    0.113639E+04    0.317977E+03    0.409206E+03
    0.6500    0.111252E+04    0.345532E+03    0.383493E+03
    0.6550    0.108822E+04    0.372233E+03    0.357994E+03
    0.6600    0.106397E+04    0.397910E+03    0.333032E+03
    0.6650    0.104026E+04    0.422420E+03    0.308922E+03
    0.6700    0.101754E+04    0.445643E+03    0.285947E+03
    0.6750    0.996178E+03    0.467483E+03    0.264347E+03
    0.6800    0.976460E+03    0.487855E+03    0.244302E+03
    0.6850    0.958530E+03    0.506680E+03    0.225925E+03
    0.6900    0.942388E+03    0.523878E+03    0.209255E+03
    0.6950    0.927890E+03    0.539375E+03    0.194258E+03
    0.7000    0.914764E+03    0.553111E+03    0.180827E+03
    0.7050    0.902628E+03    0.565050E+03    0.168789E+03
    0.7100    0.891020E+03    0.575205E+03    0.157908E+03
    0.7150    0.879445E+03    0.583648E+03    0.147898E+03
    0.7200    0.867400E+03    0.590502E+03    0.138449E+03
    0.7250    0.854432E+03    0.595942E+03    0.129245E+03
    0.7300    0.840173E+03    0.600183E+03    0.119995E+03
    0.7350    0.824375E+03    0.603453E+03    0.110461E+03
    0.7400    0.806932E+03    0.605984E+03    0.100474E+03
    0.7450    0.787884E+03    0.607989E+03    0.899472E+02
    0.7500    0.767413E+03    0.609655E+03    0.788786E+02
    0.7550    0.745822E+03    0.611134E+03    0.673440E+02
    0.7600    0.723513E+03    0.612539E+03    0.554872E+02
    0.7650    0.700947E+03    0.613939E+03    0.435040E+02
    0.7700    0.678602E+03    0.615350E+03    0.316258E+02
    0.7750    0.656931E+03    0.616728E+03    0.201016E+02
    0.7800    0.636318E+03    0.617949E+03    0.918421E+01
    0.7850    0.617044E+03    0.618818E+03   -0.887206E+00
    0.7900    0.599263E+03    0.619032E+03   -0.988431E+01
    0.7950    0.582994E+03    0.618201E+03   -0.176036E+02
    0.8000    0.568142E+03    0.615835E+03   -0.238466E+02
    0.8050    0.554473E+03    0.611335E+03   -0.284308E+02
    0.8100    0.541663E+03    0.603942E+03   -0.311397E+02
    0.8150    0.529317E+03    0.592617E+03   -0.316495E+02
    0.8200    0.517011E+03    0.575763E+03   -0.293759E+02
    0.8250    0.504322E+03    0.550895E+03   -0.232861E+02
    0.8300    0.490868E+03    0.518129E+03   -0.136307E+02
    0.8350    0.476330E+03    0.549700E+03   -0.366846E+02
    0.8400    0.460456E+03    0.649977E+03   -0.947603E+02
    0.8450    0.443111E+03    0.693089E+03   -0.124989E+03
    0.8500    0.424274E+03    0.713711E+03   -0.144719E+03
    0.8550    0.404018E+03    0.725026E+03   -0.160504E+03
    0.8600    0.382496E+03    0.731618E+03   -0.174561E+03
    0.8650    0.359938E+03    0.735452E+03   -0.187757E+03
    0.8700    0.336613E+03    0.737463E+03   -0.200425E+03
    0.8750    0.312804E+03    0.738101E+03   -0.212648E+03
    0.8800    0.288773E+03    0.737584E+03   -0.224405E+03
    0.8850    0.264729E+03    0.735982E+03   -0.235626E+03
    0.8900    0.240793E+03    0.733294E+03   -0.246250E+03
    0.8950    0.216970E+03    0.729494E+03   -0.256262E+03
    0.9000    0.193115E+03    0.724558E+03   -0.265721E+03
    0.9050    0.168882E+03    0.718494E+03   -0.274806E+03
    0.9100    0.143683E+03    0.711367E+03   -0.283842E+03
    0.9150    0.116618E+03    0.703308E+03   -0.293345E+03
    0.9200    0.863715E+02    0.694523E+03   -0.304076E+03
    0.9250    0.510095E+02    0.685284E+03   -0.317137E+03
    0.9300    0.764514E+01    0.675914E+03   -0.334135E+03
    0.9350   -0.479125E+02    0.666775E+03   -0.357344E+03
    0.9400   -0.116865E+03    0.658234E+03   -0.387550E+03
    0.9450   -0.121265E+03    0.650640E+03   -0.385952E+03
    0.9500    0.588909E+02    0.644332E+03   -0.292721E+03
    0.9550    0.189791E+03    0.639616E+03   -0.224913E+03
    0.9600    0.259942E+03    0.636668E+03   -0.188363E+03
    0.9650    0.291378E+03    0.635582E+03   -0.172102E+03
    0.9700    0.295981E+03    0.636369E+03   -0.170194E+03
    0.9750    0.281039E+03    0.638930E+03   -0.178945E+03
    0.9800    0.251683E+03    0.643053E+03   -0.195685E+03
    0.9850    0.211944E+03    0.648397E+03   -0.218227E+03
    0.9900    0.165214E+03    0.654458E+03   -0.244622E+03
    0.9950    0.114342E+03    0.660537E+03   -0.273097E+03
    1.0000    0.617841E+02    0.665616E+03   -0.301916E+03
    1.0050    0.965870E+01    0.668069E+03   -0.329205E+03
    1.0100   -0.402400E+02    0.664971E+03   -0.352606E+03
    1.0150   -0.860438E+02    0.650342E+03   -0.368193E+03
    1.0200   -0.125234E+03    0.612167E+03   -0.368700E+03
    1.0250   -0.154630E+03    0.539568E+03   -0.347099E+03
    1.0300   -0.177222E+03    0.464007E+03   -0.320615E+03
    1.0350   -0.200644E+03    0.424488E+03   -0.312566E+03
    1.0400   -0.225345E+03    0.413481E+03   -0.319413E+03
    1.0450   -0.249403E+03    0.417159E+03   -0.333281E+03
    1.0500   -0.271656E+03    0.428149E+03   -0.349903E+03
    1.0550   -0.291563E+03    0.442839E+03   -0.367201E+03
    1.0600   -0.308941E+03    0.459363E+03   -0.384152E+03
    1.0650   -0.323724E+03    0.476669E+03   -0.400197E+03
    1.0700   -0.335871E+03    0.494127E+03   -0.414999E+03
    1.0750   -0.345336E+03    0.511345E+03   -0.428340E+03
    1.0800   -0.352059E+03    0.528079E+03   -0.440069E+03
    1.0850   -0.355927E+03    0.544181E+03   -0.450054E+03
    1.0900   -0.356823E+03    0.559568E+03   -0.458196E+03
    1.0950   -0.354619E+03    0.574210E+03   -0.464414E+03
    1.1000   -0.349226E+03    0.588105E+03   -0.468665E+03
    1.1050   -0.340611E+03    0.601280E+03   -0.470945E+03
    1.1100   -0.328794E+03    0.613767E+03   -0.471281E+03
    1.1150   -0.313888E+03    0.625619E+03   -0.469754E+03
    1.1200   -0.296120E+03    0.636865E+03   -0.466493E+03
    1.1250   -0.275787E+03    0.647526E+03   -0.461657E+03
    1.1300   -0.253330E+03    0.657605E+03   -0.455467E+03
    1.1350   -0.229224E+03    0.667073E+03   -0.448149E+03
    1.1400   -0.204043E+03    0.675872E+03   -0.439957E+03
    1.1450   -0.178377E+03    0.683914E+03   -0.431145E+03
    1.1500   -0.152792E+03    0.691080E+03   -0.421936E+03
    1.1550   -0.127859E+03    0.697247E+03   -0.412553E+03
    1.1600   -0.104027E+03    0.702281E+03   -0.403154E+03
    1.1650   -0.816902E+02    0.706073E+03   -0.393882E+03
    1.1700   -0.610979E+02    0.708538E+03   -0.384818E+03
    1.1750   -0.423784E+02    0.709643E+03   -0.376011E+03
    1.1800   -0.255410E+02    0.709417E+03   -0.367479E+03
    1.1850   -0.104770E+02    0.707955E+03   -0.359216E+03
    1.1900    0.301127E+01    0.705419E+03   -0.351204E+03
    1.1950    0.151941E+02    0.702023E+03   -0.343414E+03
    1.2000    0.264009E+02    0.698011E+03   -0.335805E+03
    1.2050    0.369804E+02    0.693641E+03   -0.328330E+03
    1.2100    0.472588E+02    0.689169E+03   -0.320955E+03
    1.2150    0.575264E+02    0.684834E+03   -0.313654E+03
    1.2200    0.679791E+02    0.680851E+03   -0.306436E+03
    1.2250    0.787173E+02    0.677396E+03   -0.299339E+03
    1.2300    0.896944E+02    0.674642E+03   -0.292474E+03
    1.2350    0.100775E+03    0.672689E+03   -0.285957E+03
    1.2400    0.111708E+03    0.671602E+03   -0.279947E+03
    1.2450    0.122158E+03    0.671404E+03   -0.274623E+03
    1.2500    0.131764E+03    0.672066E+03   -0.270151E+03
    1.2550    0.140130E+03    0.673520E+03   -0.266695E+03
    1.2600    0.146911E+03    0.675654E+03   -0.264371E+03
    1.2650    0.151819E+03    0.678321E+03   -0.263251E+03
    1.2700    0.154614E+03    0.681379E+03   -0.263382E+03
    1.2750    0.155220E+03    0.684651E+03   -0.264715E+03
    1.2800    0.153641E+03    0.687970E+03   -0.267164E+03
    1.2850    0.150007E+03    0.691184E+03   -0.270589E+03
    1.2900    0.144521E+03    0.694166E+03   -0.274823E+03
    1.2950    0.137481E+03    0.696814E+03   -0.279666E+03
    1.3000    0.129178E+03    0.699070E+03   -0.284946E+03
    1.3050    0.119936E+03    0.700902E+03   -0.290483E+03
    1.3100    0.110040E+03    0.702318E+03   -0.296139E+03
    1.3150    0.997054E+02    0.703356E+03   -0.301825E+03
    1.3200    0.890669E+02    0.704083E+03   -0.307508E+03
    1.3250    0.781573E+02    0.704582E+03   -0.313212E+03
    1.3300    0.669112E+02    0.704942E+03   -0.319015E+03
    1.3350    0.551829E+02    0.705242E+03   -0.325029E+03
    1.3400    0.427374E+02    0.705563E+03   -0.331413E+03
    1.3450    0.293556E+02    0.705942E+03   -0.338293E+03
    1.3500    0.147162E+02    0.706394E+03   -0.345839E+03
    1.3550   -0.138456E+01    0.706902E+03   -0.354143E+03
    1.3600   -0.191216E+02    0.707416E+03   -0.363269E+03
    1.3650   -0.386426E+02    0.707879E+03   -0.373261E+03
    1.3700   -0.599838E+02    0.708218E+03   -0.384101E+03
    1.3750   -0.830660E+02    0.708338E+03   -0.395702E+03
    1.3800   -0.107708E+03    0.708130E+03   -0.407919E+03
    1.3850   -0.133737E+03    0.707510E+03   -0.420623E+03
    1.3900   -0.160868E+03    0.706363E+03   -0.433616E+03
    1.3950   -0.188801E+03    0.704566E+03   -0.446683E+03
    1.4000   -0.217238E+03    0.701986E+03   -0.459612E+03
    1.4050   -0.245927E+03    0.698474E+03   -0.472201E+03
    1.4100   -0.274686E+03    0.693880E+03   -0.484283E+03
    1.4150   -0.303421E+03    0.688036E+03   -0.495729E+03
    1.4200   -0.332141E+03    0.680779E+03   -0.506460E+03
    1.4250   -0.360946E+03    0.671940E+03   -0.516443E+03
    1.4300   -0.390018E+03    0.661357E+03   -0.525688E+03
    1.4350   -0.419594E+03    0.648883E+03   -0.534239E+03
    1.4400   -0.449939E+03    0.634385E+03   -0.542162E+03
    1.4450   -0.481309E+03    0.617760E+03   -0.549535E+03
    1.4500   -0.513908E+03    0.598936E+03   -0.556422E+03
    1.4550   -0.547930E+03    0.577874E+03   -0.562902E+03
    1.4600   -0.583425E+03    0.554581E+03   -0.569003E+03
    1.4650   -0.620385E+03    0.529115E+03   -0.574750E+03
    1.4700   -0.658639E+03    0.501532E+03   -0.580086E+03
    1.4750   -0.697987E+03    0.471955E+03   -0.584971E+03
    1.4800   -0.738174E+03    0.440537E+03   -0.589355E+03
    1.4850   -0.778884E+03    0.407436E+03   -0.593160E+03
    1.4900   -0.819794E+03    0.372811E+03   -0.596303E+03
    1.4950   -0.860610E+03    0.336821E+03   -0.598716E+03
    1.5000   -0.901072E+03    0.299597E+03   -0.600335E+03
    1.5050   -0.940992E+03    0.261254E+03   -0.601123E+03
    1.5100   -0.980232E+03    0.221865E+03   -0.601049E+03
    1.5150   -0.101871E+04    0.181485E+03   -0.600099E+03
    1.5200   -0.105635E+04    0.140127E+03   -0.598238E+03
    1.5250   -0.109300E+04    0.977890E+02   -0.595394E+03
    1.5300   -0.112832E+04    0.544468E+02   -0.591384E+03
    1.5350   -0.116162E+04    0.100762E+02   -0.585850E+03
    1.5400   -0.119154E+04   -0.353563E+02   -0.578090E+03
    1.5450   -0.121561E+04   -0.818687E+02   -0.566869E+03
    1.5500   -0.122980E+04   -0.129473E+03   -0.550165E+03
    1.5550   -0.122869E+04   -0.178160E+03   -0.525264E+03
    1.5600   -0.120837E+04   -0.227907E+03   -0.490233E+03
    1.5650   -0.117435E+04   -0.278673E+03   -0.447837E+03
    1.5700   -0.114604E+04   -0.330396E+03   -0.407820E+03
    1.5750   -0.114474E+04   -0.382999E+03   -0.380868E+03
    1.5800   -0.117845E+04   -0.436400E+03   -0.371027E+03
    1.5850   -0.124311E+04   -0.490485E+03   -0.376310E+03
    1.5900   -0.132976E+04   -0.545150E+03   -0.392305E+03
    1.5950   -0.142997E+04   -0.600250E+03   -0.414858E+03
    1.6000   -0.153677E+04   -0.655654E+03   -0.440556E+03
    1.6050   -0.164498E+04   -0.711212E+03   -0.466886E+03
    1.6100   -0.175092E+04   -0.766766E+03   -0.492078E+03
    1.6150   -0.185205E+04   -0.822155E+03   -0.514946E+03
    1.6200   -0.194672E+04   -0.877211E+03   -0.534753E+03
    1.6250   -0.203399E+04   -0.931766E+03   -0.551113E+03
    1.6300   -0.211346E+04   -0.985653E+03   -0.563904E+03
    1.6350   -0.218511E+04   -0.103872E+04   -0.573193E+03
    1.6400   -0.224920E+04   -0.109082E+04   -0.579188E+03
    1.6450   -0.230618E+04   -0.114185E+04   -0.582168E+03
    1.6500   -0.235665E+04   -0.119169E+04   -0.582478E+03
    1.6550   -0.240119E+04   -0.124029E+04   -0.580447E+03
    1.6600   -0.244041E+04   -0.128763E+04   -0.576392E+03
    1.6650   -0.247487E+04   -0.133366E+04   -0.570608E+03
    1.6700   -0.250504E+04   -0.137847E+04   -0.563287E+03
    1.6750   -0.253131E+04   -0.142204E+04   -0.554636E+03
    1.6800   -0.255397E+04   -0.146443E+04   -0.544769E+03
    1.6850   -0.257323E+04   -0.150570E+04   -0.533765E+03
    1.6900   -0.258921E+04   -0.154588E+04   -0.521665E+03
    1.6950   -0.260196E+04   -0.158500E+04   -0.508480E+03
    1.7000   -0.261149E+04   -0.162306E+04   -0.494215E+03
    1.7050   -0.261776E+04   -0.166003E+04   -0.478863E+03
    1.7100   -0.262069E+04   -0.169586E+04   -0.462419E+03
    1.7150   -0.262031E+04   -0.173049E+04   -0.444911E+03
    1.7200   -0.261656E+04   -0.176382E+04   -0.426370E+03
    1.7250   -0.260942E+04   -0.179574E+04   -0.406844E+03
    1.7300   -0.259897E+04   -0.182613E+04   -0.386422E+03
    1.7350   -0.258529E+04   -0.185486E+04   -0.365211E+03
    1.7400   -0.256851E+04   -0.188185E+04   -0.343334E+03
    1.7450   -0.254885E+04   -0.190698E+04   -0.320935E+03
    1.7500   -0.252656E+04   -0.193019E+04   -0.298182E+03
    1.7550   -0.250196E+04   -0.195145E+04   -0.275255E+03
    1.7600   -0.247539E+04   -0.197073E+04   -0.252330E+03
    1.7650   -0.244725E+04   -0.198806E+04   -0.229596E+03
    1.7700   -0.241797E+04   -0.200347E+04   -0.207247E+03
    1.7750   -0.238794E+04   -0.201704E+04   -0.185451E+03
    1.7800   -0.235759E+04   -0.202885E+04   -0.164373E+03
    1.7850   -0.232728E+04   -0.203898E+04   -0.144150E+03
    1.7900   -0.229730E+04   -0.204753E+04   -0.124886E+03
    1.7950   -0.226789E+04   -0.205460E+04   -0.106642E+03
    1.8000   -0.223913E+04   -0.206027E+04   -0.894304E+02
    1.8050   -0.221104E+04   -0.206460E+04   -0.732197E+02
    1.8100   -0.218348E+04   -0.206766E+04   -0.579099E+02
    1.8150   -0.215621E+04   -0.206950E+04   -0.433546E+02
    1.8200   -0.212886E+04   -0.207014E+04   -0.293613E+02
    1.8250   -0.210098E+04   -0.206961E+04   -0.156868E+02
    1.8300   -0.207204E+04   -0.206792E+04   -0.206040E+01
    1.8350   -0.204153E+04   -0.206509E+04    0.117777E+02
    1.8400   -0.200891E+04   -0.206113E+04    0.261076E+02
    1.8450   -0.197370E+04   -0.205603E+04    0.411658E+02
    1.8500   -0.193550E+04   -0.204980E+04    0.571517E+02
    1.8550   -0.189402E+04   -0.204245E+04    0.742125E+02
    1.8600   -0.184914E+04   -0.203398E+04    0.924185E+02
    1.8650   -0.180087E+04   -0.202439E+04    0.111758E+03
    1.8700   -0.174942E+04   -0.201371E+04    0.132143E+03
    1.8750   -0.169515E+04   -0.200194E+04    0.153400E+03
    1.8800   -0.163859E+04   -0.198913E+04    0.175267E+03
    1.8850   -0.158048E+04   -0.197530E+04    0.197413E+03
    1.8900   -0.152166E+04   -0.196052E+04    0.219431E+03
    1.8950   -0.146316E+04   -0.194485E+04    0.240842E+03
    1.9000   -0.140613E+04   -0.192839E+04    0.261127E+03
    1.9050   -0.135178E+04   -0.191125E+04    0.279731E+03
    1.9100   -0.130134E+04   -0.189355E+04    0.296106E+03
    1.9150   -0.125595E+04   -0.187546E+04    0.309754E+03
    1.9200   -0.121655E+04   -0.185711E+04    0.320280E+03
    1.9250   -0.118380E+04   -0.183865E+04    0.327424E+03
    1.9300   -0.115800E+04   -0.182022E+04    0.331111E+03
    1.9350   -0.113902E+04   -0.180192E+04    0.331450E+03
    1.9400   -0.112641E+04   -0.178384E+04    0.328717E+03
    1.9450   -0.111932E+04   -0.176601E+04    0.323345E+03
    1.9500   -0.111668E+04   -0.174841E+04    0.315865E+03
    1.9550   -0.111719E+04   -0.173099E+04    0.306899E+03
    1.9600   -0.111942E+04   -0.171364E+04    0.297111E+03
    1.9650   -0.112215E+04   -0.169622E+04    0.287032E+03
    1.9700   -0.112420E+04   -0.167855E+04    0.277177E+03
    1.9750   -0.112444E+04   -0.166047E+04    0.268018E+03
    1.9800   -0.112255E+04   -0.164188E+04    0.259663E+03
    1.9850   -0.111879E+04   -0.162275E+04    0.251981E+03
    1.9900   -0.111390E+04   -0.160316E+04    0.244627E+03
    1.9950   -0.110890E+04   -0.158332E+04    0.237213E+03
    2.0000   -0.110461E+04   -0.156353E+04    0.229464E+03
    2.0050   -0.110144E+04   -0.154413E+04    0.221347E+03
    2.0100   -0.109925E+04   -0.152540E+04    0.213074E+03
    2.0150   -0.109740E+04   -0.150749E+04    0.205045E+03
    2.0200   -0.109484E+04   -0.149040E+04    0.197780E+03
    2.0250   -0.109031E+04   -0.147393E+04    0.191808E+03
    2.0300   -0.108263E+04   -0.145776E+04    0.187563E+03
    2.0350   -0.107113E+04   -0.144156E+04    0.185214E+03
    2.0400   -0.105599E+04   -0.142506E+04    0.184535E+03
    2.0450   -0.103845E+04   -0.140816E+04    0.184856E+03
    2.0500   -0.102071E+04   -0.139094E+04    0.185116E+03
    2.0550   -0.100569E+04   -0.137373E+04    0.184018E+03
    2.0600   -0.996586E+03   -0.135704E+04    0.180228E+03
    2.0650   -0.996269E+03   -0.134149E+04    0.172612E+03
    2.0700   -0.100649E+04   -0.132770E+04    0.160606E+03
    2.0750   -0.102446E+04   -0.131611E+04    0.145825E+03
    2.0800   -0.103524E+04   -0.130685E+04    0.135802E+03
    2.0850   -0.100623E+04   -0.129977E+04    0.146772E+03
    2.0900   -0.908737E+03   -0.129462E+04    0.192939E+03
    2.0950   -0.746361E+03   -0.129126E+04    0.272450E+03
    2.1000   -0.544914E+03   -0.128985E+04    0.372466E+03
    2.1050   -0.327871E+03   -0.129074E+04    0.481435E+03
    2.1100   -0.110438E+03   -0.129429E+04    0.591925E+03
    2.1150    0.966951E+02   -0.130048E+04    0.698589E+03
    2.1200    0.284762E+03   -0.130886E+04    0.796809E+03
    2.1250    0.447095E+03   -0.131869E+04    0.882893E+03
    2.1300    0.579492E+03   -0.132972E+04    0.954606E+03
    2.1350    0.680646E+03   -0.134316E+04    0.101190E+04
    2.1400    0.755083E+03   -0.136167E+04    0.105838E+04
    2.1450    0.814574E+03   -0.138664E+04    0.110061E+04
    2.1500    0.869549E+03   -0.141579E+04    0.114267E+04
    2.1550    0.918364E+03   -0.144701E+04    0.118269E+04
    2.1600    0.951747E+03   -0.148250E+04    0.121712E+04
    2.1650    0.963344E+03   -0.152786E+04    0.124560E+04
    2.1700    0.949653E+03   -0.159676E+04    0.127321E+04
    2.1750    0.915367E+03   -0.170904E+04    0.131220E+04
    2.1800    0.883105E+03   -0.184179E+04    0.136245E+04
    2.1850    0.869275E+03   -0.191898E+04    0.139413E+04
    2.1900    0.857792E+03   -0.195618E+04    0.140698E+04
    2.1950    0.826855E+03   -0.204253E+04    0.143469E+04
    2.2000    0.769975E+03   -0.223859E+04    0.150428E+04
    2.2050    0.692320E+03   -0.249684E+04    0.159458E+04
    2.2100    0.622594E+03   -0.260362E+04    0.161311E+04
    2.2150    0.580149E+03   -0.260608E+04    0.159312E+04
    2.2200    0.538338E+03   -0.260623E+04    0.157228E+04
    2.2250    0.473290E+03   -0.262466E+04    0.154898E+04
    2.2300    0.384578E+03   -0.261096E+04    0.149777E+04
    2.2350    0.290262E+03   -0.256368E+04    0.142697E+04
    2.2400    0.221159E+03   -0.256113E+04    0.139115E+04
    2.2450    0.166234E+03   -0.260576E+04    0.138600E+04
    2.2500    0.956173E+02   -0.263652E+04    0.136607E+04
    2.2550    0.479874E+01   -0.262877E+04    0.131678E+04
    2.2600   -0.910800E+02   -0.261789E+04    0.126340E+04
    2.2650   -0.165435E+03   -0.265585E+04    0.124521E+04
    2.2700   -0.227891E+03   -0.272472E+04    0.124841E+04
    2.2750   -0.304237E+03   -0.277035E+04    0.123305E+04
    2.2800   -0.396755E+03   -0.278192E+04    0.119258E+04
    2.2850   -0.487823E+03   -0.279299E+04    0.115258E+04
    2.2900   -0.560381E+03   -0.282628E+04    0.113295E+04
    2.2950   -0.630814E+03   -0.285735E+04    0.111327E+04
    2.3000   -0.715540E+03   -0.286091E+04    0.107269E+04
    2.3050   -0.809299E+03   -0.284474E+04    0.101772E+04
    2.3100   -0.894350E+03   -0.282793E+04    0.966791E+03
    2.3150   -0.969343E+03   -0.280957E+04    0.920115E+03
    2.3200   -0.105132E+04   -0.277941E+04    0.864042E+03
    2.3250   -0.114489E+04   -0.273834E+04    0.796726E+03
    2.3300   -0.123943E+04   -0.269270E+04    0.726634E+03
    2.3350   -0.132635E+04   -0.264164E+04    0.657643E+03
    2.3400   -0.141488E+04   -0.258733E+04    0.586222E+03
    2.3450   -0.151405E+04   -0.253753E+04    0.511736E+03
    2.3500   -0.161976E+04   -0.249298E+04    0.436612E+03
    2.3550   -0.172261E+04   -0.244475E+04    0.361072E+03
    2.3600   -0.182396E+04   -0.239436E+04    0.285199E+03
    2.3650   -0.193200E+04   -0.235710E+04    0.212550E+03
    2.3700   -0.204658E+04   -0.233649E+04    0.144954E+03
    2.3750   -0.215934E+04   -0.231759E+04    0.791287E+02
    2.3800   -0.226655E+04   -0.229407E+04    0.137597E+02
    2.3850   -0.237373E+04   -0.228354E+04   -0.450948E+02
    2.3900   -0.248327E+04   -0.229717E+04   -0.930485E+02
    2.3950   -0.258917E+04   -0.231885E+04   -0.135158E+03
    2.4000   -0.268617E+04   -0.233273E+04   -0.176720E+03
    2.4050   -0.277805E+04   -0.235321E+04   -0.212421E+03
    2.4100   -0.286950E+04   -0.239946E+04   -0.235017E+03
    2.4150   -0.295807E+04   -0.245878E+04   -0.249647E+03
    2.4200   -0.303946E+04   -0.250733E+04   -0.266065E+03
    2.4250   -0.311634E+04   -0.255181E+04   -0.282265E+03
    2.4300   -0.319446E+04   -0.261551E+04   -0.289477E+03
    2.4350   -0.327407E+04   -0.269353E+04   -0.290273E+03
    2.4400   -0.335168E+04   -0.275951E+04   -0.296087E+03
    2.4450   -0.342772E+04   -0.281035E+04   -0.308686E+03
    2.4500   -0.350626E+04   -0.286786E+04   -0.319199E+03
    2.4550   -0.358787E+04   -0.293767E+04   -0.325099E+03
    2.4600   -0.366875E+04   -0.299895E+04   -0.334900E+03
    2.4650   -0.374636E+04   -0.304063E+04   -0.352865E+03
    2.4700   -0.382163E+04   -0.307764E+04   -0.371995E+03
    2.4750   -0.389466E+04   -0.312414E+04   -0.385260E+03
    2.4800   -0.396223E+04   -0.317120E+04   -0.395514E+03
    2.4850   -0.402094E+04   -0.320500E+04   -0.407969E+03
    2.4900   -0.407033E+04   -0.323033E+04   -0.419999E+03
    2.4950   -0.411137E+04   -0.326232E+04   -0.424523E+03
    2.5000   -0.414381E+04   -0.330391E+04   -0.419950E+03
    2.5050   -0.416666E+04   -0.334641E+04   -0.410122E+03
    2.5100   -0.418043E+04   -0.338795E+04   -0.396242E+03
    2.5150   -0.418756E+04   -0.343845E+04   -0.374553E+03
    2.5200   -0.419062E+04   -0.350373E+04   -0.343447E+03
    2.5250   -0.419130E+04   -0.357965E+04   -0.305822E+03
    2.5300   -0.419093E+04   -0.366805E+04   -0.261438E+03
    2.5350   -0.419133E+04   -0.378089E+04   -0.205221E+03
    2.5400   -0.419449E+04   -0.392084E+04   -0.136827E+03
    2.5450   -0.420163E+04   -0.406538E+04   -0.681212E+02
    2.5500   -0.421285E+04   -0.419603E+04   -0.841123E+01
    2.5550   -0.422754E+04   -0.432096E+04    0.467118E+02
    2.5600   -0.424477E+04   -0.445257E+04    0.103901E+03
    2.5650   -0.426339E+04   -0.458584E+04    0.161229E+03
    2.5700   -0.428184E+04   -0.470664E+04    0.212400E+03
    2.5750   -0.429823E+04   -0.481010E+04    0.255938E+03
    2.5800   -0.431071E+04   -0.490359E+04    0.296441E+03
    2.5850   -0.431781E+04   -0.499799E+04    0.340092E+03
    2.5900   -0.431862E+04   -0.509973E+04    0.390557E+03
    2.5950   -0.431280E+04   -0.520837E+04    0.447785E+03
    2.6000   -0.430052E+04   -0.531989E+04    0.509687E+03
    2.6050   -0.428243E+04   -0.543129E+04    0.574426E+03
    2.6100   -0.425976E+04   -0.554217E+04    0.641207E+03
    2.6150   -0.423417E+04   -0.565380E+04    0.709819E+03
    2.6200   -0.420761E+04   -0.576737E+04    0.779881E+03
    2.6250   -0.418203E+04   -0.588275E+04    0.850362E+03
    2.6300   -0.415911E+04   -0.599832E+04    0.919606E+03
    2.6350   -0.414013E+04   -0.611165E+04    0.985760E+03
    2.6400   -0.412576E+04   -0.622053E+04    0.104739E+04
    2.6450   -0.411621E+04   -0.632355E+04    0.110367E+04
    2.6500   -0.411118E+04   -0.642015E+04    0.115449E+04
    2.6550   -0.410996E+04   -0.651034E+04    0.120019E+04
    2.6600   -0.411145E+04   -0.659438E+04    0.124147E+04
    2.6650   -0.411436E+04   -0.667255E+04    0.127909E+04
    2.6700   -0.411732E+04   -0.674502E+04    0.131385E+04
    2.6750   -0.411906E+04   -0.681188E+04    0.134641E+04
    2.6800   -0.411859E+04   -0.687318E+04    0.137730E+04
    2.6850   -0.411532E+04   -0.692897E+04    0.140683E+04
    2.6900   -0.410912E+04   -0.697934E+04    0.143511E+04
    2.6950   -0.410038E+04   -0.702439E+04    0.146200E+04
    2.7000   -0.408995E+04   -0.706420E+04    0.148712E+04
    2.7050   -0.407903E+04   -0.709880E+04    0.150989E+04
    2.7100   -0.406904E+04   -0.712815E+04    0.152956E+04
    2.7150   -0.406146E+04   -0.715217E+04    0.154536E+04
    2.7200   -0.405767E+04   -0.717076E+04    0.155655E+04
    2.7250   -0.405880E+04   -0.718387E+04    0.156253E+04
    2.7300   -0.406564E+04   -0.719153E+04    0.156294E+04
    2.7350   -0.407855E+04   -0.719388E+04    0.155767E+04
    2.7400   -0.409745E+04   -0.719123E+04    0.154689E+04
    2.7450   -0.412190E+04   -0.718402E+04    0.153106E+04
    2.7500   -0.415114E+04   -0.717283E+04    0.151084E+04
    2.7550   -0.418420E+04   -0.715833E+04    0.148706E+04
    2.7600   -0.422016E+04   -0.714125E+04    0.146054E+04
    2.7650   -0.425812E+04   -0.712231E+04    0.143210E+04
    2.7700   -0.429696E+04   -0.710219E+04    0.140262E+04
    2.7750   -0.433621E+04   -0.708145E+04    0.137262E+04
    2.7800   -0.437564E+04   -0.706047E+04    0.134241E+04
    2.7850   -0.441529E+04   -0.703949E+04    0.131210E+04
    2.7900   -0.445532E+04   -0.701852E+04    0.128160E+04
    2.7950   -0.449605E+04   -0.699742E+04    0.125068E+04
    2.8000   -0.453802E+04   -0.697591E+04    0.121895E+04
    2.8050   -0.458152E+04   -0.695360E+04    0.118604E+04
    2.8100   -0.462678E+04   -0.693006E+04    0.115164E+04
    2.8150   -0.467380E+04   -0.690487E+04    0.111554E+04
    2.8200   -0.472232E+04   -0.687770E+04    0.107769E+04
    2.8250   -0.477184E+04   -0.684830E+04    0.103823E+04
    2.8300   -0.482159E+04   -0.681661E+04    0.997508E+03
    2.8350   -0.487066E+04   -0.678268E+04    0.956010E+03
    2.8400   -0.491804E+04   -0.674674E+04    0.914351E+03
    2.8450   -0.496271E+04   -0.670911E+04    0.873202E+03
    2.8500   -0.500380E+04   -0.667021E+04    0.833201E+03
    2.8550   -0.504059E+04   -0.663043E+04    0.794919E+03
    2.8600   -0.507261E+04   -0.659016E+04    0.758778E+03
    2.8650   -0.509958E+04   -0.654964E+04    0.725032E+03
    2.8700   -0.512151E+04   -0.650898E+04    0.693736E+03
    2.8750   -0.513857E+04   -0.646811E+04    0.664769E+03
    2.8800   -0.515106E+04   -0.642676E+04    0.637848E+03
    2.8850   -0.515929E+04   -0.638449E+04    0.612601E+03
    2.8900   -0.516350E+04   -0.634075E+04    0.588621E+03
    2.8950   -0.516386E+04   -0.629487E+04    0.565506E+03
    2.9000   -0.516030E+04   -0.624622E+04    0.542961E+03
    2.9050   -0.515260E+04   -0.619424E+04    0.520818E+03
    2.9100   -0.514037E+04   -0.613852E+04    0.499071E+03
    2.9150   -0.512309E+04   -0.607880E+04    0.477852E+03
    2.9200   -0.510020E+04   -0.601489E+04    0.457346E+03
    2.9250   -0.507137E+04   -0.594681E+04    0.437719E+03
    2.9300   -0.503647E+04   -0.587479E+04    0.419160E+03
    2.9350   -0.499560E+04   -0.579930E+04    0.401852E+03
    2.9400   -0.494909E+04   -0.572100E+04    0.385958E+03
    2.9450   -0.489747E+04   -0.564066E+04    0.371594E+03
    2.9500   -0.484139E+04   -0.555906E+04    0.358834E+03
    2.9550   -0.478160E+04   -0.547694E+04    0.347673E+03
    2.9600   -0.471875E+04   -0.539497E+04    0.338108E+03
    2.9650   -0.465333E+04   -0.531357E+04    0.330116E+03
    2.9700   -0.458550E+04   -0.523304E+04    0.323770E+03
    2.9750   -0.451499E+04   -0.515352E+04    0.319267E+03
    2.9800   -0.444099E+04   -0.507492E+04    0.316965E+03
    2.9850   -0.436219E+04   -0.499709E+04    0.317450E+03
    2.9900   -0.427675E+04   -0.491978E+04    0.321518E+03
    2.9950   -0.418244E+04   -0.484276E+04    0.330161E+03
    3.0000   -0.407676E+04   -0.476583E+04    0.344533E+03
    3.0050   -0.395721E+04   -0.468889E+04    0.365840E+03
    3.0100   -0.382141E+04   -0.461197E+04    0.395284E+03
    3.0150   -0.366737E+04   -0.453525E+04    0.433942E+03
    3.0200   -0.349373E+04   -0.445900E+04    0.482638E+03
    3.0250   -0.329973E+04   -0.438365E+04    0.541963E+03
    3.0300   -0.308555E+04   -0.430963E+04    0.612040E+03
    3.0350   -0.285209E+04   -0.423736E+04    0.692638E+03
    3.0400   -0.260103E+04   -0.416721E+04    0.783093E+03
    3.0450   -0.233456E+04   -0.409940E+04    0.882420E+03
    3.0500   -0.205527E+04   -0.403398E+04    0.989354E+03
    3.0550   -0.176583E+04   -0.397079E+04    0.110248E+04
    3.0600   -0.146873E+04   -0.390944E+04    0.122035E+04
    3.0650   -0.116609E+04   -0.384939E+04    0.134165E+04
    3.0700   -0.859337E+03   -0.378992E+04    0.146529E+04
    3.0750   -0.549366E+03   -0.373019E+04    0.159041E+04
    3.0800   -0.236099E+03   -0.366935E+04    0.171662E+04
    3.0850    0.811956E+02   -0.360660E+04    0.184390E+04
    3.0900    0.403837E+03   -0.354125E+04    0.197254E+04
    3.0950    0.733351E+03   -0.347268E+04    0.210302E+04
    3.1000    0.107175E+04   -0.340059E+04    0.223617E+04
    3.1050    0.142068E+04   -0.332476E+04    0.237272E+04
    3.1100    0.178168E+04   -0.324521E+04    0.251345E+04
    3.1150    0.215603E+04   -0.316216E+04    0.265909E+04
    3.1200    0.254472E+04   -0.307597E+04    0.281035E+04
    3.1250    0.294843E+04   -0.298716E+04    0.296780E+04
    3.1300    0.336753E+04   -0.289627E+04    0.313190E+04
    3.1350    0.380204E+04   -0.280384E+04    0.330294E+04
    3.1400    0.425160E+04   -0.271029E+04    0.348094E+04
    3.1450    0.471540E+04   -0.261590E+04    0.366565E+04
    3.1500    0.519210E+04   -0.252076E+04    0.385643E+04
    3.1550    0.567976E+04   -0.242475E+04    0.405225E+04
    3.1600    0.617581E+04   -0.232753E+04    0.425167E+04
    3.1650    0.667716E+04   -0.222862E+04    0.445289E+04
    3.1700    0.718038E+04   -0.212746E+04    0.465392E+04
    3.1750    0.768191E+04   -0.202331E+04    0.485261E+04
    3.1800    0.817840E+04   -0.191554E+04    0.504697E+04
    3.1850    0.866701E+04   -0.180366E+04    0.523533E+04
    3.1900    0.914545E+04   -0.168739E+04    0.541642E+04
    3.1950    0.961205E+04   -0.156678E+04    0.558942E+04
    3.2000    0.100657E+05   -0.144226E+04    0.575396E+04
    3.2050    0.105056E+05   -0.131473E+04    0.591016E+04
    3.2100    0.109314E+05   -0.118559E+04    0.605852E+04
    3.2150    0.113431E+05   -0.105662E+04    0.619986E+04
    3.2200    0.117407E+05   -0.929754E+03    0.633521E+04
    3.2250    0.121245E+05   -0.807067E+03    0.646580E+04
    3.2300    0.124954E+05   -0.690048E+03    0.659274E+04
    3.2350    0.128546E+05   -0.579969E+03    0.671731E+04
    3.2400    0.132039E+05   -0.477643E+03    0.684076E+04
    3.2450    0.135453E+05   -0.383888E+03    0.696458E+04
    3.2500    0.138812E+05   -0.299878E+03    0.709052E+04
    3.2550    0.142138E+05   -0.227084E+03    0.722042E+04
    3.2600    0.145450E+05   -0.167348E+03    0.735616E+04
    3.2650    0.148759E+05   -0.122226E+03    0.749907E+04
    3.2700    0.152068E+05   -0.924591E+02    0.764962E+04
    3.2750    0.155367E+05   -0.776331E+02    0.780717E+04
    3.2800    0.158639E+05   -0.760759E+02    0.796997E+04
    3.2850    0.161855E+05   -0.851377E+02    0.813534E+04
    3.2900    0.164983E+05   -0.101650E+03    0.830000E+04
    3.2950    0.167985E+05   -0.122475E+03    0.846048E+04
    3.3000    0.170820E+05   -0.145004E+03    0.861351E+04
    3.3050    0.173451E+05   -0.167499E+03    0.875631E+04
    3.3100    0.175843E+05   -0.189245E+03    0.888675E+04
    3.3150    0.177964E+05   -0.210532E+03    0.900346E+04
    3.3200    0.179790E+05   -0.232522E+03    0.910578E+04
    3.3250    0.181304E+05   -0.256989E+03    0.919370E+04
    3.3300    0.182493E+05   -0.286071E+03    0.926770E+04
    3.3350    0.183353E+05   -0.321950E+03    0.932861E+04
    3.3400    0.183882E+05   -0.366834E+03    0.937751E+04
    3.3450    0.184085E+05   -0.422490E+03    0.941548E+04
    3.3500    0.183968E+05   -0.490346E+03    0.944357E+04
    3.3550    0.183541E+05   -0.571393E+03    0.946274E+04
    3.3600    0.182812E+05   -0.665988E+03    0.947360E+04
    3.3650    0.181795E+05   -0.774240E+03    0.947686E+04
    3.3700    0.180501E+05   -0.895785E+03    0.947294E+04
    3.3750    0.178941E+05   -0.102963E+04    0.946188E+04
    3.3800    0.177129E+05   -0.117444E+04    0.944368E+04
    3.3850    0.175078E+05   -0.132845E+04    0.941813E+04
    3.3900    0.172804E+05   -0.148946E+04    0.938494E+04
    3.3950    0.170326E+05   -0.165487E+04    0.934372E+04
    3.4000    0.167663E+05   -0.182156E+04    0.929392E+04
    3.4050    0.164839E+05   -0.198605E+04    0.923499E+04
    3.4100    0.161881E+05   -0.214441E+04    0.916625E+04
    3.4150    0.158815E+05   -0.229227E+04    0.908691E+04
    3.4200    0.155671E+05   -0.242498E+04    0.899606E+04
    3.4250    0.152478E+05   -0.253774E+04    0.889276E+04
    3.4300    0.149261E+05   -0.262596E+04    0.877603E+04
    3.4350    0.146045E+05   -0.268589E+04    0.864519E+04
    3.4400    0.142851E+05   -0.271540E+04    0.850026E+04
    3.4450    0.139694E+05   -0.271434E+04    0.834185E+04
    3.4500    0.136581E+05   -0.268476E+04    0.817143E+04
    3.4550    0.133516E+05   -0.263041E+04    0.799100E+04
    3.4600    0.130496E+05   -0.255575E+04    0.780266E+04
    3.4650    0.127512E+05   -0.246514E+04    0.760819E+04
    3.4700    0.124555E+05   -0.236231E+04    0.740889E+04
    3.4750    0.121610E+05   -0.225048E+04    0.720575E+04
    3.4800    0.118666E+05   -0.213213E+04    0.699934E+04
    3.4850    0.115711E+05   -0.200939E+04    0.679022E+04
    3.4900    0.112738E+05   -0.188415E+04    0.657899E+04
    3.4950    0.109747E+05   -0.175814E+04    0.636643E+04
    3.5000    0.106741E+05   -0.163294E+04    0.615354E+04
    3.5050    0.103731E+05   -0.151003E+04    0.594155E+04
    3.5100    0.100730E+05   -0.139074E+04    0.573188E+04
    3.5150    0.977589E+04   -0.127623E+04    0.552606E+04
    3.5200    0.948379E+04   -0.116753E+04    0.532566E+04
    3.5250    0.919882E+04   -0.106552E+04    0.513217E+04
    3.5300    0.892288E+04   -0.970919E+03    0.494690E+04
    3.5350    0.865747E+04   -0.884291E+03    0.477088E+04
    3.5400    0.840352E+04   -0.806048E+03    0.460478E+04
    3.5450    0.816132E+04   -0.736435E+03    0.444888E+04
    3.5500    0.793058E+04   -0.675554E+03    0.430307E+04
    3.5550    0.771037E+04   -0.623292E+03    0.416683E+04
    3.5600    0.749935E+04   -0.579351E+03    0.403935E+04
    3.5650    0.729598E+04   -0.543210E+03    0.391960E+04
    3.5700    0.709869E+04   -0.514133E+03    0.380641E+04
    3.5750    0.690618E+04   -0.491156E+03    0.369867E+04
    3.5800    0.671753E+04   -0.473096E+03    0.359531E+04
    3.5850    0.653250E+04   -0.458597E+03    0.349555E+04
    3.5900    0.635149E+04   -0.446164E+03    0.339883E+04
    3.5950    0.617561E+04   -0.434220E+03    0.330491E+04
    3.6000    0.600655E+04   -0.421177E+03    0.321386E+04
    3.6050    0.584643E+04   -0.405509E+03    0.312597E+04
    3.6100    0.569754E+04   -0.385823E+03    0.304168E+04
    3.6150    0.556213E+04   -0.360943E+03    0.296153E+04
    3.6200    0.544206E+04   -0.329933E+03    0.288600E+04
    3.6250    0.533864E+04   -0.292150E+03    0.281540E+04
    3.6300    0.525239E+04   -0.247255E+03    0.274982E+04
    3.6350    0.518293E+04   -0.195211E+03    0.268907E+04
    3.6400    0.512902E+04   -0.136251E+03    0.263264E+04
    3.6450    0.508858E+04   -0.708435E+02    0.257971E+04
    3.6500    0.505890E+04    0.361902E+00    0.252927E+04
    3.6550    0.503688E+04    0.765900E+02    0.248014E+04
    3.6600    0.501935E+04    0.156978E+03    0.243119E+04
    3.6650    0.500341E+04    0.240644E+03    0.238138E+04
    3.6700    0.498667E+04    0.326703E+03    0.232998E+04
    3.6750    0.496757E+04    0.414283E+03    0.227664E+04
    3.6800    0.494550E+04    0.502526E+03    0.222149E+04
    3.6850    0.492083E+04    0.590566E+03    0.216513E+04
    3.6900    0.489489E+04    0.677538E+03    0.210868E+04
    3.6950    0.486989E+04    0.762563E+03    0.205366E+04
    3.7000    0.484870E+04    0.844748E+03    0.200198E+04
    3.7050    0.483451E+04    0.923171E+03    0.195567E+04
    3.7100    0.483044E+04    0.996882E+03    0.191678E+04
    3.7150    0.483914E+04    0.106491E+04    0.188711E+04
    3.7200    0.486251E+04    0.112631E+04    0.186810E+04
    3.7250    0.490131E+04    0.118014E+04    0.186058E+04
    3.7300    0.495522E+04    0.122559E+04    0.186481E+04
    3.7350    0.502281E+04    0.126196E+04    0.188042E+04
    3.7400    0.510167E+04    0.128872E+04    0.190648E+04
    3.7450    0.518882E+04    0.130557E+04    0.194163E+04
    3.7500    0.528086E+04    0.131242E+04    0.198422E+04
    3.7550    0.537455E+04    0.130947E+04    0.203254E+04
    3.7600    0.546702E+04    0.129709E+04    0.208496E+04
    3.7650    0.555618E+04    0.127585E+04    0.214017E+04
    3.7700    0.564090E+04    0.124640E+04    0.219725E+04
    3.7750    0.572115E+04    0.120947E+04    0.225584E+04
    3.7800    0.579793E+04    0.116559E+04    0.231617E+04
    3.7850    0.587317E+04    0.111507E+04    0.237905E+04
    3.7900    0.594947E+04    0.105772E+04    0.244587E+04
    3.7950    0.602988E+04    0.992579E+03    0.251865E+04
    3.8000    0.611750E+04    0.917459E+03    0.260002E+04
    3.8050    0.621547E+04    0.828196E+03    0.269364E+04
    3.8100    0.632692E+04    0.717626E+03    0.280465E+04
    3.8150    0.645527E+04    0.575479E+03    0.293990E+04
    3.8200    0.660385E+04    0.400434E+03    0.310171E+04
    3.8250    0.676550E+04    0.254956E+03    0.325527E+04
    3.8300    0.691315E+04    0.240473E+03    0.333634E+04
    3.8350    0.703997E+04    0.314567E+03    0.336270E+04
    3.8400    0.715708E+04    0.400165E+03    0.337846E+04
    3.8450    0.726985E+04    0.466980E+03    0.340143E+04
    3.8500    0.737842E+04    0.507327E+03    0.343554E+04
    3.8550    0.748113E+04    0.520761E+03    0.348019E+04
    3.8600    0.757617E+04    0.509239E+03    0.353347E+04
    3.8650    0.766227E+04    0.475601E+03    0.359334E+04
    3.8700    0.773903E+04    0.423050E+03    0.365799E+04
    3.8750    0.780697E+04    0.354912E+03    0.372603E+04
    3.8800    0.786747E+04    0.274491E+03    0.379649E+04
    3.8850    0.792255E+04    0.184969E+03    0.386879E+04
    3.8900    0.797464E+04    0.893335E+02    0.394265E+04
    3.8950    0.802626E+04   -0.970208E+01    0.401798E+04
    3.9000    0.807974E+04   -0.109717E+03    0.409473E+04
    3.9050    0.813700E+04   -0.208625E+03    0.417281E+04
    3.9100    0.819929E+04   -0.304677E+03    0.425199E+04
    3.9150    0.826714E+04   -0.396454E+03    0.433180E+04
    3.9200    0.834030E+04   -0.482854E+03    0.441158E+04
    3.9250    0.841782E+04   -0.563082E+03    0.449045E+04
    3.9300    0.849819E+04   -0.636619E+03    0.456740E+04
    3.9350    0.857954E+04   -0.703210E+03    0.464138E+04
    3.9400    0.865986E+04   -0.762851E+03    0.471136E+04
    3.9450    0.873724E+04   -0.815769E+03    0.477650E+04
    3.9500    0.881000E+04   -0.862438E+03    0.483622E+04
    3.9550    0.887699E+04   -0.903533E+03    0.489026E+04
    3.9600    0.893758E+04   -0.939946E+03    0.493877E+04
    3.9650    0.899173E+04   -0.972757E+03    0.498224E+04
    3.9700    0.903992E+04   -0.100320E+04    0.502156E+04
    3.9750    0.908312E+04   -0.103264E+04    0.505788E+04
    3.9800    0.912258E+04   -0.106249E+04    0.509253E+04
    3.9850    0.915967E+04   -0.109417E+04    0.512692E+04
    3.9900    0.919576E+04   -0.112903E+04    0.516239E+04
    3.9950    0.923198E+04   -0.116827E+04    0.520012E+04
    4.0000    0.926913E+04   -0.121289E+04    0.524101E+04
    4.0050    0.930763E+04   -0.126364E+04    0.528563E+04
    4.0100    0.934743E+04   -0.132097E+04    0.533420E+04
    4.0150    0.938806E+04   -0.138497E+04    0.538651E+04
    4.0200    0.942874E+04   -0.145548E+04    0.544211E+04
    4.0250    0.946845E+04   -0.153207E+04    0.550026E+04
    4.0300    0.950610E+04   -0.161408E+04    0.556009E+04
    4.0350    0.954062E+04   -0.170068E+04    0.562065E+04
    4.0400    0.957114E+04   -0.179092E+04    0.568103E+04
    4.0450    0.959705E+04   -0.188385E+04    0.574045E+04
    4.0500    0.961808E+04   -0.197853E+04    0.579831E+04
    4.0550    0.963434E+04   -0.207412E+04    0.585423E+04
    4.0600    0.964629E+04   -0.216985E+04    0.590807E+04
    4.0650    0.965469E+04   -0.226509E+04    0.595989E+04
    4.0700    0.966050E+04   -0.235931E+04    0.600991E+04
    4.0750    0.966483E+04   -0.245213E+04    0.605848E+04
    4.0800    0.966880E+04   -0.254321E+04    0.610600E+04
    4.0850    0.967341E+04   -0.263231E+04    0.615286E+04
    4.0900    0.967953E+04   -0.271916E+04    0.619934E+04
    4.0950    0.968771E+04   -0.280351E+04    0.624561E+04
    4.1000    0.969825E+04   -0.288510E+04    0.629167E+04
    4.1050    0.971109E+04   -0.296357E+04    0.633733E+04
    4.1100    0.972586E+04   -0.303852E+04    0.638219E+04
    4.1150    0.974189E+04   -0.310953E+04    0.642571E+04
    4.1200    0.975825E+04   -0.317616E+04    0.646721E+04
    4.1250    0.977380E+04   -0.323801E+04    0.650591E+04
    4.1300    0.978731E+04   -0.329479E+04    0.654105E+04
    4.1350    0.979749E+04   -0.334624E+04    0.657186E+04
    4.1400    0.980308E+04   -0.339235E+04    0.659772E+04
    4.1450    0.980293E+04   -0.343328E+04    0.661811E+04
    4.1500    0.979610E+04   -0.346937E+04    0.663273E+04
    4.1550    0.978187E+04   -0.350115E+04    0.664151E+04
    4.1600    0.975986E+04   -0.352929E+04    0.664458E+04
    4.1650    0.973006E+04   -0.355457E+04    0.664231E+04
    4.1700    0.969281E+04   -0.357780E+04    0.663530E+04
    4.1750    0.964888E+04   -0.359978E+04    0.662433E+04
    4.1800    0.959941E+04   -0.362122E+04    0.661032E+04
    4.1850    0.954587E+04   -0.364268E+04    0.659427E+04
    4.1900    0.948997E+04   -0.366452E+04    0.657725E+04
    4.1950    0.943361E+04   -0.368694E+04    0.656027E+04
    4.2000    0.937869E+04   -0.370989E+04    0.654429E+04
    4.2050    0.932702E+04   -0.373318E+04    0.653010E+04
    4.2100    0.928014E+04   -0.375647E+04    0.651831E+04
    4.2150    0.923924E+04   -0.377936E+04    0.650930E+04
    4.2200    0.920497E+04   -0.380143E+04    0.650320E+04
    4.2250    0.917742E+04   -0.382231E+04    0.649987E+04
    4.2300    0.915605E+04   -0.384175E+04    0.649890E+04
    4.2350    0.913973E+04   -0.385961E+04    0.649967E+04
    4.2400    0.912677E+04   -0.387591E+04    0.650134E+04
    4.2450    0.911507E+04   -0.389083E+04    0.650295E+04
    4.2500    0.910227E+04   -0.390462E+04    0.650344E+04
    4.2550    0.908596E+04   -0.391760E+04    0.650178E+04
    4.2600    0.906385E+04   -0.393013E+04    0.649699E+04
    4.2650    0.903401E+04   -0.394247E+04    0.648824E+04
    4.2700    0.899502E+04   -0.395479E+04    0.647491E+04
    4.2750    0.894615E+04   -0.396711E+04    0.645663E+04
    4.2800    0.888741E+04   -0.397928E+04    0.643334E+04
    4.2850    0.881956E+04   -0.399095E+04    0.640526E+04
    4.2900    0.874409E+04   -0.400166E+04    0.637288E+04
    4.2950    0.866308E+04   -0.401079E+04    0.633693E+04
    4.3000    0.857901E+04   -0.401768E+04    0.629834E+04
    4.3050    0.849457E+04   -0.402165E+04    0.625811E+04
    4.3100    0.841243E+04   -0.402209E+04    0.621726E+04
    4.3150    0.833501E+04   -0.401846E+04    0.617673E+04
    4.3200    0.826426E+04   -0.401041E+04    0.613733E+04
    4.3250    0.820154E+04   -0.399772E+04    0.609963E+04
    4.3300    0.814751E+04   -0.398036E+04    0.606393E+04
    4.3350    0.810213E+04   -0.395846E+04    0.603029E+04
    4.3400    0.806468E+04   -0.393227E+04    0.599848E+04
    4.3450    0.803390E+04   -0.390215E+04    0.596803E+04
    4.3500    0.800810E+04   -0.386849E+04    0.593830E+04
    4.3550    0.798540E+04   -0.383170E+04    0.590855E+04
    4.3600    0.796390E+04   -0.379213E+04    0.587802E+04
    4.3650    0.794188E+04   -0.375008E+04    0.584598E+04
    4.3700    0.791793E+04   -0.370572E+04    0.581182E+04
    4.3750    0.789107E+04   -0.365912E+04    0.577509E+04
    4.3800    0.786082E+04   -0.361024E+04    0.573553E+04
    4.3850    0.782715E+04   -0.355898E+04    0.569306E+04
    4.3900    0.779046E+04   -0.350512E+04    0.564779E+04
    4.3950    0.775144E+04   -0.344844E+04    0.559994E+04
    4.4000    0.771096E+04   -0.338873E+04    0.554985E+04
    4.4050    0.766993E+04   -0.332580E+04    0.549786E+04
    4.4100    0.762912E+04   -0.325952E+04    0.544432E+04
    4.4150    0.758913E+04   -0.318987E+04    0.538950E+04
    4.4200    0.755026E+04   -0.311689E+04    0.533358E+04
    4.4250    0.751251E+04   -0.304074E+04    0.527662E+04
    4.4300    0.747554E+04   -0.296165E+04    0.521860E+04
    4.4350    0.743882E+04   -0.287991E+04    0.515936E+04
    4.4400    0.740164E+04   -0.279584E+04    0.509874E+04
    4.4450    0.736332E+04   -0.270977E+04    0.503655E+04
    4.4500    0.732333E+04   -0.262203E+04    0.497268E+04
    4.4550    0.728163E+04   -0.253287E+04    0.490725E+04
    4.4600    0.723901E+04   -0.244254E+04    0.484078E+04
    4.4650    0.719791E+04   -0.235120E+04    0.477456E+04
    4.4700    0.716399E+04   -0.225900E+04    0.471149E+04
    4.4750    0.714911E+04   -0.216604E+04    0.465757E+04
    4.4800    0.717343E+04   -0.207242E+04    0.462292E+04
    4.4850    0.725302E+04   -0.197826E+04    0.461564E+04
    4.4900    0.736877E+04   -0.188372E+04    0.462624E+04
    4.4950    0.747873E+04   -0.178900E+04    0.463387E+04
    4.5000    0.756363E+04   -0.169436E+04    0.462899E+04
    4.5050    0.762547E+04   -0.160011E+04    0.461279E+04
    4.5100    0.766881E+04   -0.150659E+04    0.458770E+04
    4.5150    0.769348E+04   -0.141414E+04    0.455381E+04
    4.5200    0.769668E+04   -0.132310E+04    0.450989E+04
    4.5250    0.767684E+04   -0.123376E+04    0.445530E+04
    4.5300    0.763535E+04   -0.114632E+04    0.439084E+04
    4.5350    0.757597E+04   -0.106091E+04    0.431844E+04
    4.5400    0.750351E+04   -0.977544E+03    0.424053E+04
    4.5450    0.742293E+04   -0.896138E+03    0.415953E+04
    4.5500    0.733885E+04   -0.816535E+03    0.407769E+04
    4.5550    0.725518E+04   -0.738514E+03    0.399685E+04
    4.5600    0.717514E+04   -0.661838E+03    0.391849E+04
    4.5650    0.710128E+04   -0.586283E+03    0.384378E+04
    4.5700    0.703526E+04   -0.511675E+03    0.377347E+04
    4.5750    0.697798E+04   -0.437919E+03    0.370795E+04
    4.5800    0.692950E+04   -0.365007E+03    0.364725E+04
    4.5850    0.688914E+04   -0.293028E+03    0.359109E+04
    4.5900    0.685555E+04   -0.222162E+03    0.353885E+04
    4.5950    0.682680E+04   -0.152649E+03    0.348972E+04
    4.6000    0.680062E+04   -0.847613E+02    0.344269E+04
    4.6050    0.677456E+04   -0.187687E+02    0.339667E+04
    4.6100    0.674621E+04    0.451031E+02    0.335055E+04
    4.6150    0.671339E+04    0.106702E+03    0.330335E+04
    4.6200    0.667440E+04    0.165974E+03    0.325421E+04
    4.6250    0.662808E+04    0.222973E+03    0.320255E+04
    4.6300    0.657395E+04    0.277857E+03    0.314805E+04
    4.6350    0.651222E+04    0.330872E+03    0.309067E+04
    4.6400    0.644375E+04    0.382324E+03    0.303071E+04
    4.6450    0.636994E+04    0.432546E+03    0.296870E+04
    4.6500    0.629255E+04    0.481848E+03    0.290535E+04
    4.6550    0.621358E+04    0.530496E+03    0.284154E+04
    4.6600    0.613500E+04    0.578678E+03    0.277816E+04
    4.6650    0.605855E+04    0.626475E+03    0.271604E+04
    4.6700    0.598564E+04    0.673866E+03    0.265589E+04
    4.6750    0.591715E+04    0.720733E+03    0.259821E+04
    4.6800    0.585339E+04    0.766881E+03    0.254325E+04
    4.6850    0.579411E+04    0.812068E+03    0.249102E+04
    4.6900    0.573854E+04    0.856047E+03    0.244124E+04
    4.6950    0.568551E+04    0.898599E+03    0.239345E+04
    4.7000    0.563359E+04    0.939571E+03    0.234701E+04
    4.7050    0.558127E+04    0.978905E+03    0.230118E+04
    4.7100    0.552710E+04    0.101665E+04    0.225522E+04
    4.7150    0.546985E+04    0.105297E+04    0.220844E+04
    4.7200    0.540863E+04    0.108814E+04    0.216025E+04
    4.7250    0.534294E+04    0.112248E+04    0.211023E+04
    4.7300    0.527267E+04    0.115639E+04    0.205814E+04
    4.7350    0.519807E+04    0.119025E+04    0.200391E+04
    4.7400    0.511973E+04    0.122442E+04    0.194765E+04
    4.7450    0.503834E+04    0.125917E+04    0.188958E+04
    4.7500    0.495466E+04    0.129467E+04    0.183000E+04
    4.7550    0.486936E+04    0.133097E+04    0.176920E+04
    4.7600    0.478293E+04    0.136800E+04    0.170746E+04
    4.7650    0.469557E+04    0.140559E+04    0.164499E+04
    4.7700    0.460716E+04    0.144347E+04    0.158185E+04
    4.7750    0.451731E+04    0.148131E+04    0.151800E+04
    4.7800    0.442532E+04    0.151876E+04    0.145328E+04
    4.7850    0.433034E+04    0.155553E+04    0.138740E+04
    4.7900    0.423142E+04    0.159135E+04    0.132003E+04
    4.7950    0.412765E+04    0.162608E+04    0.125078E+04
    4.8000    0.401825E+04    0.165966E+04    0.117929E+04
    4.8050    0.390265E+04    0.169216E+04    0.110524E+04
    4.8100    0.378054E+04    0.172374E+04    0.102840E+04
    4.8150    0.365192E+04    0.175463E+04    0.948645E+03
    4.8200    0.351702E+04    0.178513E+04    0.865945E+03
    4.8250    0.337631E+04    0.181553E+04    0.780393E+03
    4.8300    0.323039E+04    0.184607E+04    0.692162E+03
    4.8350    0.307990E+04    0.187694E+04    0.601482E+03
    4.8400    0.292546E+04    0.190823E+04    0.508614E+03
    4.8450    0.276756E+04    0.193993E+04    0.413815E+03
    4.8500    0.260655E+04    0.197191E+04    0.317321E+03
    4.8550    0.244260E+04    0.200396E+04    0.219320E+03
    4.8600    0.227572E+04    0.203582E+04    0.119953E+03
    4.8650    0.210583E+04    0.206719E+04    0.193161E+02
    4.8700    0.193276E+04    0.209782E+04   -0.825290E+02
    4.8750    0.175642E+04    0.212749E+04   -0.185531E+03
    4.8800    0.157682E+04    0.215607E+04   -0.289623E+03
    4.8850    0.139416E+04    0.218357E+04   -0.394706E+03
    4.8900    0.120884E+04    0.221008E+04   -0.500621E+03
    4.8950    0.102153E+04    0.223583E+04   -0.607147E+03
    4.9000    0.833099E+03    0.226110E+04   -0.714000E+03
    4.9050    0.644521E+03    0.228622E+04   -0.820850E+03
    4.9100    0.456871E+03    0.231154E+04   -0.927333E+03
    4.9150    0.271080E+03    0.233732E+04   -0.103312E+04
    4.9200    0.879678E+02    0.236378E+04   -0.113790E+04
    4.9250   -0.920244E+02    0.239098E+04   -0.124150E+04
    4.9300   -0.268817E+03    0.241886E+04   -0.134384E+04
    4.9350   -0.442756E+03    0.244724E+04   -0.144500E+04
    4.9400   -0.614604E+03    0.247581E+04   -0.154520E+04
    4.9450   -0.785475E+03    0.250418E+04   -0.164483E+04
    4.9500   -0.956733E+03    0.253194E+04   -0.174434E+04
    4.9550   -0.112984E+04    0.255870E+04   -0.184427E+04
    4.9600   -0.130617E+04    0.258412E+04   -0.194515E+04
    4.9650   -0.148687E+04    0.260799E+04   -0.204743E+04
    4.9700   -0.167271E+04    0.263023E+04   -0.215147E+04
    4.9750   -0.186383E+04    0.265093E+04   -0.225738E+04
    4.9800   -0.205987E+04    0.267032E+04   -0.236510E+04
    4.9850   -0.225983E+04    0.268875E+04   -0.247429E+04
    4.9900   -0.246215E+04    0.270666E+04   -0.258440E+04
    4.9950   -0.266482E+04    0.272450E+04   -0.269466E+04
    5.0000   -0.286552E+04    0.274275E+04   -0.280413E+04
    5.0050   -0.306195E+04    0.276174E+04   -0.291185E+04
    5.0100   -0.325190E+04    0.278174E+04   -0.301682E+04
    5.0150   -0.343344E+04    0.280283E+04   -0.311814E+04
    5.0200   -0.360526E+04    0.282494E+04   -0.321510E+04
    5.0250   -0.376658E+04    0.284785E+04   -0.330722E+04
    5.0300   -0.391747E+04    0.287120E+04   -0.339434E+04
    5.0350   -0.405859E+04    0.289454E+04   -0.347656E+04
    5.0400   -0.419124E+04    0.291738E+04   -0.355431E+04
    5.0450   -0.431713E+04    0.293925E+04   -0.362819E+04
    5.0500   -0.443831E+04    0.295974E+04   -0.369903E+04
    5.0550   -0.455691E+04    0.297855E+04   -0.376773E+04
    5.0600   -0.467481E+04    0.299555E+04   -0.383518E+04
    5.0650   -0.479366E+04    0.301071E+04   -0.390218E+04
    5.0700   -0.491452E+04    0.302418E+04   -0.396935E+04
    5.0750   -0.503798E+04    0.303623E+04   -0.403711E+04
    5.0800   -0.516404E+04    0.304720E+04   -0.410562E+04
    5.0850   -0.529210E+04    0.305747E+04   -0.417479E+04
    5.0900   -0.542125E+04    0.306740E+04   -0.424432E+04
    5.0950   -0.555030E+04    0.307726E+04   -0.431378E+04
    5.1000   -0.567799E+04    0.308723E+04   -0.438261E+04
    5.1050   -0.580321E+04    0.309732E+04   -0.445027E+04
    5.1100   -0.592506E+04    0.310742E+04   -0.451624E+04
    5.1150   -0.604308E+04    0.311723E+04   -0.458016E+04
    5.1200   -0.615743E+04    0.312636E+04   -0.464190E+04
    5.1250   -0.626858E+04    0.313435E+04   -0.470147E+04
    5.1300   -0.637755E+04    0.314069E+04   -0.475912E+04
    5.1350   -0.648566E+04    0.314492E+04   -0.481529E+04
    5.1400   -0.659446E+04    0.314667E+04   -0.487057E+04
    5.1450   -0.670554E+04    0.314572E+04   -0.492563E+04
    5.1500   -0.682024E+04    0.314203E+04   -0.498113E+04
    5.1550   -0.693973E+04    0.313570E+04   -0.503771E+04
    5.1600   -0.706468E+04    0.312704E+04   -0.509586E+04
    5.1650   -0.719547E+04    0.311653E+04   -0.515600E+04
    5.1700   -0.733188E+04    0.310471E+04   -0.521829E+04
    5.1750   -0.747342E+04    0.309220E+04   -0.528281E+04
    5.1800   -0.761941E+04    0.307959E+04   -0.534950E+04
    5.1850   -0.776916E+04    0.306737E+04   -0.541827E+04
    5.1900   -0.792211E+04    0.305592E+04   -0.548901E+04
    5.1950   -0.807789E+04    0.304540E+04   -0.556164E+04
    5.2000   -0.823622E+04    0.303579E+04   -0.563601E+04
    5.2050   -0.839638E+04    0.302686E+04   -0.571162E+04
    5.2100   -0.855599E+04    0.301819E+04   -0.578709E+04
    5.2150   -0.870899E+04    0.300923E+04   -0.585911E+04
    5.2200   -0.884451E+04    0.299931E+04   -0.592191E+04
    5.2250   -0.895098E+04    0.298780E+04   -0.596939E+04
    5.2300   -0.902985E+04    0.297407E+04   -0.600196E+04
    5.2350   -0.910309E+04    0.295763E+04   -0.603036E+04
    5.2400   -0.919995E+04    0.293814E+04   -0.606904E+04
    5.2450   -0.933938E+04    0.291544E+04   -0.612741E+04
    5.2500   -0.952583E+04    0.288960E+04   -0.620771E+04
    5.2550   -0.975356E+04    0.286082E+04   -0.630719E+04
    5.2600   -0.100117E+05    0.282950E+04   -0.642061E+04
