    0.0000   -0.714963E-09    0.149372E-09   -0.432168E-09
    0.0050    0.133666E+04    0.136044E+03    0.600308E+03
    0.0100    0.134027E+04   -0.744028E+02    0.707335E+03
    0.0150    0.131375E+04   -0.265016E+03    0.789385E+03
    0.0200    0.126764E+04   -0.432193E+03    0.849919E+03
    0.0250    0.120676E+04   -0.571972E+03    0.889366E+03
    0.0300    0.113345E+04   -0.681843E+03    0.907648E+03
    0.0350    0.105081E+04   -0.762361E+03    0.906586E+03
    0.0400    0.963902E+03   -0.817538E+03    0.890720E+03
    0.0450    0.878901E+03   -0.853725E+03    0.866313E+03
    0.0500    0.801241E+03   -0.877494E+03    0.839367E+03
    0.0550    0.734079E+03   -0.893607E+03    0.813843E+03
    0.0600    0.677964E+03   -0.903974E+03    0.790969E+03
    0.0650    0.631679E+03   -0.907998E+03    0.769838E+03
    0.0700    0.593626E+03   -0.903984E+03    0.748805E+03
    0.0750    0.562982E+03   -0.890808E+03    0.726895E+03
    0.0800    0.540127E+03   -0.869024E+03    0.704576E+03
    0.0850    0.526363E+03   -0.841011E+03    0.683687E+03
    0.0900    0.523210E+03   -0.810228E+03    0.666719E+03
    0.0950    0.531686E+03   -0.780094E+03    0.655890E+03
    0.1000    0.551861E+03   -0.753014E+03    0.652438E+03
    0.1050    0.582767E+03   -0.729906E+03    0.656337E+03
    0.1100    0.622595E+03   -0.710290E+03    0.666443E+03
    0.1150    0.669034E+03   -0.692773E+03    0.680903E+03
    0.1200    0.719600E+03   -0.675688E+03    0.697644E+03
    0.1250    0.771914E+03   -0.657680E+03    0.714797E+03
    0.1300    0.823891E+03   -0.638115E+03    0.731003E+03
    0.1350    0.873865E+03   -0.617237E+03    0.745551E+03
    0.1400    0.920657E+03   -0.596080E+03    0.758368E+03
    0.1450    0.963580E+03   -0.576141E+03    0.769861E+03
    0.1500    0.100240E+04   -0.558939E+03    0.780669E+03
    0.1550    0.103726E+04   -0.545557E+03    0.791407E+03
    0.1600    0.106859E+04   -0.536350E+03    0.802467E+03
    0.1650    0.109701E+04   -0.530897E+03    0.813956E+03
    0.1700    0.112331E+04   -0.528224E+03    0.825766E+03
    0.1750    0.114830E+04   -0.527199E+03    0.837747E+03
    0.1800    0.117281E+04   -0.526957E+03    0.849882E+03
    0.1850    0.119760E+04   -0.527193E+03    0.862396E+03
    0.1900    0.122329E+04   -0.528205E+03    0.875749E+03
    0.1950    0.125033E+04   -0.530707E+03    0.890518E+03
    0.2000    0.127894E+04   -0.535461E+03    0.907200E+03
    0.2050    0.130914E+04   -0.542896E+03    0.926018E+03
    0.2100    0.134077E+04   -0.552823E+03    0.946797E+03
    0.2150    0.137351E+04   -0.564373E+03    0.968943E+03
    0.2200    0.140695E+04   -0.576142E+03    0.991543E+03
    0.2250    0.144060E+04   -0.586512E+03    0.101356E+04
    0.2300    0.147401E+04   -0.594036E+03    0.103402E+04
    0.2350    0.150677E+04   -0.597759E+03    0.105227E+04
    0.2400    0.153855E+04   -0.597406E+03    0.106798E+04
    0.2450    0.156910E+04   -0.593370E+03    0.108123E+04
    0.2500    0.159821E+04   -0.586525E+03    0.109237E+04
    0.2550    0.162572E+04   -0.577930E+03    0.110183E+04
    0.2600    0.165147E+04   -0.568517E+03    0.110999E+04
    0.2650    0.167528E+04   -0.558877E+03    0.111708E+04
    0.2700    0.169700E+04   -0.549196E+03    0.112310E+04
    0.2750    0.171647E+04   -0.539351E+03    0.112791E+04
    0.2800    0.173363E+04   -0.529106E+03    0.113137E+04
    0.2850    0.174848E+04   -0.518313E+03    0.113340E+04
    0.2900    0.176109E+04   -0.507030E+03    0.113406E+04
    0.2950    0.177162E+04   -0.495533E+03    0.113358E+04
    0.3000    0.178028E+04   -0.484147E+03    0.113221E+04
    0.3050    0.178729E+04   -0.473778E+03    0.113054E+04
    0.3100    0.179292E+04   -0.463862E+03    0.112839E+04
    0.3150    0.179737E+04   -0.454774E+03    0.112607E+04
    0.3200    0.180085E+04   -0.446333E+03    0.112359E+04
    0.3250    0.180348E+04   -0.438263E+03    0.112087E+04
    0.3300    0.180537E+04   -0.430345E+03    0.111786E+04
    0.3350    0.180658E+04   -0.422562E+03    0.111457E+04
    0.3400    0.180714E+04   -0.415170E+03    0.111115E+04
    0.3450    0.180704E+04   -0.408687E+03    0.110787E+04
    0.3500    0.180632E+04   -0.403791E+03    0.110506E+04
    0.3550    0.180501E+04   -0.401171E+03    0.110309E+04
    0.3600    0.180320E+04   -0.401362E+03    0.110228E+04
    0.3650    0.180101E+04   -0.404636E+03    0.110282E+04
    0.3700    0.179861E+04   -0.410955E+03    0.110478E+04
    0.3750    0.179622E+04   -0.419999E+03    0.110811E+04
    0.3800    0.179403E+04   -0.431257E+03    0.111264E+04
    0.3850    0.179224E+04   -0.444137E+03    0.111819E+04
    0.3900    0.179100E+04   -0.458065E+03    0.112453E+04
    0.3950    0.179039E+04   -0.472536E+03    0.113146E+04
    0.4000    0.179042E+04   -0.487117E+03    0.113877E+04
    0.4050    0.179100E+04   -0.501406E+03    0.114620E+04
    0.4100    0.179191E+04   -0.514972E+03    0.115344E+04
    0.4150    0.179288E+04   -0.527315E+03    0.116010E+04
    0.4200    0.179354E+04   -0.537823E+03    0.116568E+04
    0.4250    0.179354E+04   -0.545991E+03    0.116976E+04
    0.4300    0.179247E+04   -0.551223E+03    0.117185E+04
    0.4350    0.178998E+04   -0.553099E+03    0.117154E+04
    0.4400    0.178578E+04   -0.551392E+03    0.116858E+04
    0.4450    0.177965E+04   -0.546070E+03    0.116286E+04
    0.4500    0.177151E+04   -0.537265E+03    0.115439E+04
    0.4550    0.176138E+04   -0.525226E+03    0.114330E+04
    0.4600    0.174942E+04   -0.510263E+03    0.112984E+04
    0.4650    0.173590E+04   -0.492699E+03    0.111430E+04
    0.4700    0.172117E+04   -0.472848E+03    0.109701E+04
    0.4750    0.170563E+04   -0.451007E+03    0.107832E+04
    0.4800    0.168970E+04   -0.427465E+03    0.105858E+04
    0.4850    0.167376E+04   -0.402536E+03    0.103815E+04
    0.4900    0.165814E+04   -0.376579E+03    0.101736E+04
    0.4950    0.164307E+04   -0.350010E+03    0.996540E+03
    0.5000    0.162869E+04   -0.323293E+03    0.975990E+03
    0.5050    0.161502E+04   -0.296909E+03    0.955963E+03
    0.5100    0.160200E+04   -0.271312E+03    0.936658E+03
    0.5150    0.158953E+04   -0.246893E+03    0.918211E+03
    0.5200    0.157743E+04   -0.223948E+03    0.900690E+03
    0.5250    0.156553E+04   -0.202675E+03    0.884104E+03
    0.5300    0.155367E+04   -0.183171E+03    0.868419E+03
    0.5350    0.154170E+04   -0.165446E+03    0.853574E+03
    0.5400    0.152956E+04   -0.149438E+03    0.839498E+03
    0.5450    0.151722E+04   -0.135012E+03    0.826118E+03
    0.5500    0.150474E+04   -0.121962E+03    0.813353E+03
    0.5550    0.149221E+04   -0.109999E+03    0.801102E+03
    0.5600    0.147973E+04   -0.987393E+02    0.789233E+03
    0.5650    0.146742E+04   -0.877167E+02    0.777568E+03
    0.5700    0.145538E+04   -0.763957E+02    0.765889E+03
    0.5750    0.144368E+04   -0.642196E+02    0.753948E+03
    0.5800    0.143230E+04   -0.506616E+02    0.741481E+03
    0.5850    0.142119E+04   -0.352850E+02    0.728238E+03
    0.5900    0.141020E+04   -0.177861E+02    0.713995E+03
    0.5950    0.139912E+04    0.197043E+01    0.698577E+03
    0.6000    0.138769E+04    0.239553E+02    0.681866E+03
    0.6050    0.137560E+04    0.479872E+02    0.663805E+03
    0.6100    0.136255E+04    0.737675E+02    0.644392E+03
    0.6150    0.134828E+04    0.100926E+03    0.623678E+03
    0.6200    0.133256E+04    0.129065E+03    0.601750E+03
    0.6250    0.131524E+04    0.157801E+03    0.578722E+03
    0.6300    0.129626E+04    0.186791E+03    0.554734E+03
    0.6350    0.127564E+04    0.215747E+03    0.529947E+03
    0.6400    0.125355E+04    0.244430E+03    0.504558E+03
    0.6450    0.123024E+04    0.272636E+03    0.478800E+03
    0.6500    0.120607E+04    0.300180E+03    0.452947E+03
    0.6550    0.118150E+04    0.326892E+03    0.427302E+03
    0.6600    0.115698E+04    0.352618E+03    0.402179E+03
    0.6650    0.113300E+04    0.377228E+03    0.377885E+03
    0.6700    0.111001E+04    0.400610E+03    0.354699E+03
    0.6750    0.108839E+04    0.422674E+03    0.332856E+03
    0.6800    0.106840E+04    0.443335E+03    0.312535E+03
    0.6850    0.105021E+04    0.462514E+03    0.293848E+03
    0.6900    0.103380E+04    0.480128E+03    0.276838E+03
    0.6950    0.101905E+04    0.496099E+03    0.261476E+03
    0.7000    0.100568E+04    0.510357E+03    0.247662E+03
    0.7050    0.993322E+03    0.522866E+03    0.235228E+03
    0.7100    0.981526E+03    0.533633E+03    0.223947E+03
    0.7150    0.969802E+03    0.542724E+03    0.213539E+03
    0.7200    0.957660E+03    0.550265E+03    0.203698E+03
    0.7250    0.944651E+03    0.556435E+03    0.194108E+03
    0.7300    0.930414E+03    0.561457E+03    0.184478E+03
    0.7350    0.914702E+03    0.565571E+03    0.174565E+03
    0.7400    0.897405E+03    0.569022E+03    0.164192E+03
    0.7450    0.878561E+03    0.572041E+03    0.153260E+03
    0.7500    0.858344E+03    0.574835E+03    0.141754E+03
    0.7550    0.837051E+03    0.577578E+03    0.129737E+03
    0.7600    0.815078E+03    0.580411E+03    0.117333E+03
    0.7650    0.792880E+03    0.583435E+03    0.104723E+03
    0.7700    0.770936E+03    0.586708E+03    0.921141E+02
    0.7750    0.749701E+03    0.590236E+03    0.797326E+02
    0.7800    0.729568E+03    0.593972E+03    0.677977E+02
    0.7850    0.710826E+03    0.597812E+03    0.565074E+02
    0.7900    0.693648E+03    0.601601E+03    0.460232E+02
    0.7950    0.678070E+03    0.605155E+03    0.364578E+02
    0.8000    0.664002E+03    0.608279E+03    0.278617E+02
    0.8050    0.651222E+03    0.610801E+03    0.202105E+02
    0.8100    0.639415E+03    0.612611E+03    0.134020E+02
    0.8150    0.628183E+03    0.613678E+03    0.725227E+01
    0.8200    0.617091E+03    0.614069E+03    0.151093E+01
    0.8250    0.605706E+03    0.613935E+03   -0.411465E+01
    0.8300    0.593637E+03    0.613490E+03   -0.992657E+01
    0.8350    0.580567E+03    0.612972E+03   -0.162024E+02
    0.8400    0.566262E+03    0.612608E+03   -0.231729E+02
    0.8450    0.550602E+03    0.612594E+03   -0.309963E+02
    0.8500    0.533577E+03    0.613074E+03   -0.397486E+02
    0.8550    0.515281E+03    0.614122E+03   -0.494202E+02
    0.8600    0.495921E+03    0.615771E+03   -0.599250E+02
    0.8650    0.475790E+03    0.617963E+03   -0.710867E+02
    0.8700    0.455252E+03    0.620587E+03   -0.826676E+02
    0.8750    0.434696E+03    0.623442E+03   -0.943728E+02
    0.8800    0.414533E+03    0.626238E+03   -0.105853E+03
    0.8850    0.395156E+03    0.628466E+03   -0.116655E+03
    0.8900    0.376900E+03    0.628436E+03   -0.125768E+03
    0.8950    0.360054E+03    0.631397E+03   -0.135672E+03
    0.9000    0.344809E+03    0.635325E+03   -0.145258E+03
    0.9050    0.331258E+03    0.635459E+03   -0.152100E+03
    0.9100    0.319400E+03    0.633756E+03   -0.157178E+03
    0.9150    0.309131E+03    0.630680E+03   -0.160774E+03
    0.9200    0.300257E+03    0.626501E+03   -0.163122E+03
    0.9250    0.292526E+03    0.621489E+03   -0.164481E+03
    0.9300    0.285633E+03    0.615931E+03   -0.165149E+03
    0.9350    0.279279E+03    0.610145E+03   -0.165433E+03
    0.9400    0.273176E+03    0.604445E+03   -0.165634E+03
    0.9450    0.267134E+03    0.599140E+03   -0.166003E+03
    0.9500    0.261140E+03    0.594510E+03   -0.166685E+03
    0.9550    0.255545E+03    0.590780E+03   -0.167617E+03
    0.9600    0.251673E+03    0.588123E+03   -0.168225E+03
    0.9650    0.254352E+03    0.586652E+03   -0.166150E+03
    0.9700    0.292452E+03    0.586409E+03   -0.146979E+03
    0.9750    0.311095E+03    0.587352E+03   -0.138128E+03
    0.9800    0.215217E+03    0.589370E+03   -0.187077E+03
    0.9850    0.131429E+03    0.592270E+03   -0.230421E+03
    0.9900    0.642100E+02    0.595779E+03   -0.265785E+03
    0.9950    0.112296E+02    0.599588E+03   -0.294179E+03
    1.0000   -0.300713E+02    0.603323E+03   -0.316697E+03
    1.0050   -0.618217E+02    0.606535E+03   -0.334178E+03
    1.0100   -0.858806E+02    0.608658E+03   -0.347269E+03
    1.0150   -0.103810E+03    0.608791E+03   -0.356300E+03
    1.0200   -0.116991E+03    0.605175E+03   -0.361083E+03
    1.0250   -0.127121E+03    0.593448E+03   -0.360284E+03
    1.0300   -0.137037E+03    0.559406E+03   -0.348221E+03
    1.0350   -0.151795E+03    0.463115E+03   -0.307455E+03
    1.0400   -0.157921E+03    0.377917E+03   -0.267919E+03
    1.0450   -0.150944E+03    0.366348E+03   -0.258646E+03
    1.0500   -0.141663E+03    0.376060E+03   -0.258862E+03
    1.0550   -0.133123E+03    0.391373E+03   -0.262248E+03
    1.0600   -0.126225E+03    0.408155E+03   -0.267190E+03
    1.0650   -0.121331E+03    0.424996E+03   -0.273163E+03
    1.0700   -0.118488E+03    0.441325E+03   -0.279907E+03
    1.0750   -0.117571E+03    0.456886E+03   -0.287229E+03
    1.0800   -0.118318E+03    0.471568E+03   -0.294943E+03
    1.0850   -0.120288E+03    0.485336E+03   -0.302812E+03
    1.0900   -0.123046E+03    0.498207E+03   -0.310626E+03
    1.0950   -0.126075E+03    0.510239E+03   -0.318157E+03
    1.1000   -0.128834E+03    0.521494E+03   -0.325164E+03
    1.1050   -0.130890E+03    0.532061E+03   -0.331476E+03
    1.1100   -0.131861E+03    0.542033E+03   -0.336947E+03
    1.1150   -0.131441E+03    0.551479E+03   -0.341460E+03
    1.1200   -0.129508E+03    0.560484E+03   -0.344996E+03
    1.1250   -0.126021E+03    0.569086E+03   -0.347553E+03
    1.1300   -0.121100E+03    0.577306E+03   -0.349203E+03
    1.1350   -0.114994E+03    0.585136E+03   -0.350065E+03
    1.1400   -0.108034E+03    0.592520E+03   -0.350277E+03
    1.1450   -0.100606E+03    0.599380E+03   -0.349993E+03
    1.1500   -0.931354E+02    0.605598E+03   -0.349366E+03
    1.1550   -0.860425E+02    0.611056E+03   -0.348549E+03
    1.1600   -0.796798E+02    0.615625E+03   -0.347653E+03
    1.1650   -0.743290E+02    0.619192E+03   -0.346760E+03
    1.1700   -0.701791E+02    0.621680E+03   -0.345930E+03
    1.1750   -0.672744E+02    0.623053E+03   -0.345164E+03
    1.1800   -0.655457E+02    0.623341E+03   -0.344443E+03
    1.1850   -0.648292E+02    0.622641E+03   -0.343735E+03
    1.1900   -0.648336E+02    0.621105E+03   -0.342969E+03
    1.1950   -0.652314E+02    0.618944E+03   -0.342088E+03
    1.2000   -0.656419E+02    0.616393E+03   -0.341018E+03
    1.2050   -0.656592E+02    0.613687E+03   -0.339673E+03
    1.2100   -0.649379E+02    0.611059E+03   -0.337999E+03
    1.2150   -0.631716E+02    0.608711E+03   -0.335941E+03
    1.2200   -0.601663E+02    0.606825E+03   -0.333496E+03
    1.2250   -0.558596E+02    0.605548E+03   -0.330704E+03
    1.2300   -0.502878E+02    0.604986E+03   -0.327637E+03
    1.2350   -0.436452E+02    0.605211E+03   -0.324428E+03
    1.2400   -0.362132E+02    0.606257E+03   -0.321235E+03
    1.2450   -0.283594E+02    0.608110E+03   -0.318235E+03
    1.2500   -0.205086E+02    0.610723E+03   -0.315616E+03
    1.2550   -0.130855E+02    0.614009E+03   -0.313547E+03
    1.2600   -0.651925E+01    0.617851E+03   -0.312185E+03
    1.2650   -0.115938E+01    0.622112E+03   -0.311636E+03
    1.2700    0.271382E+01    0.626629E+03   -0.311957E+03
    1.2750    0.493064E+01    0.631248E+03   -0.313159E+03
    1.2800    0.542469E+01    0.635814E+03   -0.315195E+03
    1.2850    0.423248E+01    0.640196E+03   -0.317982E+03
    1.2900    0.148835E+01    0.644274E+03   -0.321393E+03
    1.2950   -0.261184E+01    0.647969E+03   -0.325290E+03
    1.3000   -0.784016E+01    0.651240E+03   -0.329540E+03
    1.3050   -0.139562E+02    0.654069E+03   -0.334013E+03
    1.3100   -0.207483E+02    0.656490E+03   -0.338619E+03
    1.3150   -0.280486E+02    0.658552E+03   -0.343300E+03
    1.3200   -0.357172E+02    0.660346E+03   -0.348032E+03
    1.3250   -0.440396E+02    0.662000E+03   -0.353020E+03
    1.3300   -0.528299E+02    0.663618E+03   -0.358224E+03
    1.3350   -0.623838E+02    0.665321E+03   -0.363852E+03
    1.3400   -0.729533E+02    0.667219E+03   -0.370086E+03
    1.3450   -0.848306E+02    0.669390E+03   -0.377110E+03
    1.3500   -0.983077E+02    0.671893E+03   -0.385100E+03
    1.3550   -0.113648E+03    0.674746E+03   -0.394197E+03
    1.3600   -0.131080E+03    0.677954E+03   -0.404517E+03
    1.3650   -0.150729E+03    0.681495E+03   -0.416112E+03
    1.3700   -0.172640E+03    0.685348E+03   -0.428994E+03
    1.3750   -0.196764E+03    0.689482E+03   -0.443123E+03
    1.3800   -0.222964E+03    0.693868E+03   -0.458416E+03
    1.3850   -0.251028E+03    0.698462E+03   -0.474745E+03
    1.3900   -0.280694E+03    0.703206E+03   -0.491950E+03
    1.3950   -0.311686E+03    0.708023E+03   -0.509855E+03
    1.4000   -0.343739E+03    0.712814E+03   -0.528276E+03
    1.4050   -0.376639E+03    0.717457E+03   -0.547048E+03
    1.4100   -0.410246E+03    0.721813E+03   -0.566029E+03
    1.4150   -0.444510E+03    0.725727E+03   -0.585118E+03
    1.4200   -0.479485E+03    0.729031E+03   -0.604258E+03
    1.4250   -0.515314E+03    0.731555E+03   -0.623434E+03
    1.4300   -0.552227E+03    0.733129E+03   -0.642678E+03
    1.4350   -0.590515E+03    0.733597E+03   -0.662056E+03
    1.4400   -0.630510E+03    0.732835E+03   -0.681673E+03
    1.4450   -0.672503E+03    0.730709E+03   -0.701606E+03
    1.4500   -0.716770E+03    0.727134E+03   -0.721952E+03
    1.4550   -0.763562E+03    0.722089E+03   -0.742826E+03
    1.4600   -0.813029E+03    0.715578E+03   -0.764304E+03
    1.4650   -0.865227E+03    0.707644E+03   -0.786435E+03
    1.4700   -0.920128E+03    0.698374E+03   -0.809251E+03
    1.4750   -0.977602E+03    0.687883E+03   -0.832743E+03
    1.4800   -0.103750E+04    0.676316E+03   -0.856911E+03
    1.4850   -0.109961E+04    0.663822E+03   -0.881715E+03
    1.4900   -0.116369E+04    0.650556E+03   -0.907125E+03
    1.4950   -0.122958E+04    0.636659E+03   -0.933120E+03
    1.5000   -0.129712E+04    0.622250E+03   -0.959686E+03
    1.5050   -0.136626E+04    0.607421E+03   -0.986843E+03
    1.5100   -0.143703E+04    0.592229E+03   -0.101463E+04
    1.5150   -0.150955E+04    0.576699E+03   -0.104312E+04
    1.5200   -0.158402E+04    0.560829E+03   -0.107242E+04
    1.5250   -0.166072E+04    0.544592E+03   -0.110266E+04
    1.5300   -0.173998E+04    0.527949E+03   -0.113396E+04
    1.5350   -0.182211E+04    0.510852E+03   -0.116648E+04
    1.5400   -0.190743E+04    0.493267E+03   -0.120035E+04
    1.5450   -0.199618E+04    0.475156E+03   -0.123567E+04
    1.5500   -0.208850E+04    0.456490E+03   -0.127250E+04
    1.5550   -0.218450E+04    0.437282E+03   -0.131089E+04
    1.5600   -0.228417E+04    0.417551E+03   -0.135086E+04
    1.5650   -0.238737E+04    0.397330E+03   -0.139235E+04
    1.5700   -0.249384E+04    0.376660E+03   -0.143525E+04
    1.5750   -0.260325E+04    0.355600E+03   -0.147943E+04
    1.5800   -0.271515E+04    0.334203E+03   -0.152468E+04
    1.5850   -0.282901E+04    0.312537E+03   -0.157078E+04
    1.5900   -0.294420E+04    0.290669E+03   -0.161744E+04
    1.5950   -0.305997E+04    0.268674E+03   -0.166432E+04
    1.6000   -0.317532E+04    0.246630E+03   -0.171097E+04
    1.6050   -0.328880E+04    0.224625E+03   -0.175671E+04
    1.6100   -0.339819E+04    0.202759E+03   -0.180047E+04
    1.6150   -0.350002E+04    0.181130E+03   -0.184057E+04
    1.6200   -0.358991E+04    0.159868E+03   -0.187489E+04
    1.6250   -0.366595E+04    0.139083E+03   -0.190252E+04
    1.6300   -0.373611E+04    0.118897E+03   -0.192751E+04
    1.6350   -0.381869E+04    0.994287E+02   -0.195906E+04
    1.6400   -0.392797E+04    0.807824E+02   -0.200437E+04
    1.6450   -0.406573E+04    0.630494E+02   -0.206439E+04
    1.6500   -0.422642E+04    0.463015E+02   -0.213636E+04
    1.6550   -0.440315E+04    0.305902E+02   -0.221687E+04
    1.6600   -0.459000E+04    0.159187E+02   -0.230296E+04
    1.6650   -0.478251E+04    0.228539E+01   -0.239240E+04
    1.6700   -0.497736E+04   -0.103194E+02   -0.248352E+04
    1.6750   -0.517211E+04   -0.219454E+02   -0.257508E+04
    1.6800   -0.536498E+04   -0.326370E+02   -0.266617E+04
    1.6850   -0.555471E+04   -0.424396E+02   -0.275614E+04
    1.6900   -0.574043E+04   -0.513911E+02   -0.284452E+04
    1.6950   -0.592160E+04   -0.595062E+02   -0.293105E+04
    1.7000   -0.609794E+04   -0.667825E+02   -0.301558E+04
    1.7050   -0.626937E+04   -0.731770E+02   -0.309810E+04
    1.7100   -0.643602E+04   -0.786352E+02   -0.317869E+04
    1.7150   -0.659809E+04   -0.830892E+02   -0.325750E+04
    1.7200   -0.675588E+04   -0.864167E+02   -0.333473E+04
    1.7250   -0.690974E+04   -0.885006E+02   -0.341062E+04
    1.7300   -0.706006E+04   -0.892186E+02   -0.348542E+04
    1.7350   -0.720718E+04   -0.884530E+02   -0.355937E+04
    1.7400   -0.735139E+04   -0.860810E+02   -0.363266E+04
    1.7450   -0.749298E+04   -0.820312E+02   -0.370547E+04
    1.7500   -0.763220E+04   -0.762403E+02   -0.377798E+04
    1.7550   -0.776926E+04   -0.686787E+02   -0.385029E+04
    1.7600   -0.790435E+04   -0.593510E+02   -0.392250E+04
    1.7650   -0.803767E+04   -0.482907E+02   -0.399469E+04
    1.7700   -0.816937E+04   -0.355656E+02   -0.406690E+04
    1.7750   -0.829963E+04   -0.212634E+02   -0.413918E+04
    1.7800   -0.842862E+04   -0.549336E+01   -0.421156E+04
    1.7850   -0.855649E+04    0.116260E+02   -0.428406E+04
    1.7900   -0.868337E+04    0.299713E+02   -0.435667E+04
    1.7950   -0.880935E+04    0.494202E+02   -0.442938E+04
    1.8000   -0.893443E+04    0.698547E+02   -0.450214E+04
    1.8050   -0.905854E+04    0.911657E+02   -0.457485E+04
    1.8100   -0.918149E+04    0.113256E+03   -0.464737E+04
    1.8150   -0.930298E+04    0.136034E+03   -0.471950E+04
    1.8200   -0.942254E+04    0.159432E+03   -0.479099E+04
    1.8250   -0.953963E+04    0.183354E+03   -0.486149E+04
    1.8300   -0.965356E+04    0.207744E+03   -0.493065E+04
    1.8350   -0.976356E+04    0.232526E+03   -0.499805E+04
    1.8400   -0.986882E+04    0.257625E+03   -0.506322E+04
    1.8450   -0.996846E+04    0.282979E+03   -0.512572E+04
    1.8500   -0.100617E+05    0.308523E+03   -0.518510E+04
    1.8550   -0.101476E+05    0.334195E+03   -0.524092E+04
    1.8600   -0.102257E+05    0.359936E+03   -0.529280E+04
    1.8650   -0.102952E+05    0.385693E+03   -0.534042E+04
    1.8700   -0.103556E+05    0.411422E+03   -0.538351E+04
    1.8750   -0.104066E+05    0.437084E+03   -0.542185E+04
    1.8800   -0.104480E+05    0.462650E+03   -0.545532E+04
    1.8850   -0.104795E+05    0.488088E+03   -0.548382E+04
    1.8900   -0.105012E+05    0.513367E+03   -0.550729E+04
    1.8950   -0.105130E+05    0.538444E+03   -0.552570E+04
    1.9000   -0.105148E+05    0.563257E+03   -0.553902E+04
    1.9050   -0.105067E+05    0.587722E+03   -0.554719E+04
    1.9100   -0.104885E+05    0.611720E+03   -0.555012E+04
    1.9150   -0.104602E+05    0.635104E+03   -0.554766E+04
    1.9200   -0.104215E+05    0.657696E+03   -0.553961E+04
    1.9250   -0.103722E+05    0.679294E+03   -0.552572E+04
    1.9300   -0.103117E+05    0.699691E+03   -0.550567E+04
    1.9350   -0.102395E+05    0.718652E+03   -0.547910E+04
    1.9400   -0.101553E+05    0.735961E+03   -0.544562E+04
    1.9450   -0.100583E+05    0.751407E+03   -0.540483E+04
    1.9500   -0.994792E+04    0.764808E+03   -0.535636E+04
    1.9550   -0.982380E+04    0.775983E+03   -0.529989E+04
    1.9600   -0.968548E+04    0.784813E+03   -0.523515E+04
    1.9650   -0.953272E+04    0.791241E+03   -0.516198E+04
    1.9700   -0.936542E+04    0.795268E+03   -0.508034E+04
    1.9750   -0.918370E+04    0.796965E+03   -0.499033E+04
    1.9800   -0.898790E+04    0.796440E+03   -0.489217E+04
    1.9850   -0.877859E+04    0.793870E+03   -0.478623E+04
    1.9900   -0.855647E+04    0.789490E+03   -0.467298E+04
    1.9950   -0.832253E+04    0.783536E+03   -0.455303E+04
    2.0000   -0.807787E+04    0.776257E+03   -0.442706E+04
    2.0050   -0.782375E+04    0.767898E+03   -0.429582E+04
    2.0100   -0.756155E+04    0.758673E+03   -0.416011E+04
    2.0150   -0.729267E+04    0.748784E+03   -0.402073E+04
    2.0200   -0.701869E+04    0.738323E+03   -0.387851E+04
    2.0250   -0.674108E+04    0.727384E+03   -0.373423E+04
    2.0300   -0.646134E+04    0.716000E+03   -0.358867E+04
    2.0350   -0.618093E+04    0.704154E+03   -0.344254E+04
    2.0400   -0.590125E+04    0.691785E+03   -0.329652E+04
    2.0450   -0.562360E+04    0.678802E+03   -0.315120E+04
    2.0500   -0.534914E+04    0.665113E+03   -0.300713E+04
    2.0550   -0.507890E+04    0.650600E+03   -0.286475E+04
    2.0600   -0.481374E+04    0.635150E+03   -0.272444E+04
    2.0650   -0.455429E+04    0.618661E+03   -0.258648E+04
    2.0700   -0.430098E+04    0.601042E+03   -0.245101E+04
    2.0750   -0.405398E+04    0.582213E+03   -0.231810E+04
    2.0800   -0.381323E+04    0.562101E+03   -0.218766E+04
    2.0850   -0.357839E+04    0.540640E+03   -0.205951E+04
    2.0900   -0.334892E+04    0.517762E+03   -0.193334E+04
    2.0950   -0.312403E+04    0.493392E+03   -0.180871E+04
    2.1000   -0.290275E+04    0.467460E+03   -0.168510E+04
    2.1050   -0.268395E+04    0.439878E+03   -0.156191E+04
    2.1100   -0.246638E+04    0.410575E+03   -0.143848E+04
    2.1150   -0.224886E+04    0.379449E+03   -0.131415E+04
    2.1200   -0.203012E+04    0.346481E+03   -0.118830E+04
    2.1250   -0.180923E+04    0.311640E+03   -0.106044E+04
    2.1300   -0.158555E+04    0.274948E+03   -0.930250E+03
    2.1350   -0.135888E+04    0.236497E+03   -0.797690E+03
    2.1400   -0.112959E+04    0.196440E+03   -0.663013E+03
    2.1450   -0.898582E+03    0.155018E+03   -0.526800E+03
    2.1500   -0.667338E+03    0.112561E+03   -0.389950E+03
    2.1550   -0.437851E+03    0.694592E+02   -0.253655E+03
    2.1600   -0.212482E+03    0.261752E+02   -0.119329E+03
    2.1650    0.615809E+01   -0.168116E+02    0.114849E+02
    2.1700    0.215402E+03   -0.590371E+02    0.137220E+03
    2.1750    0.412730E+03   -0.100097E+03    0.256413E+03
    2.1800    0.595971E+03   -0.139687E+03    0.367829E+03
    2.1850    0.763516E+03   -0.177646E+03    0.470581E+03
    2.1900    0.914437E+03   -0.213982E+03    0.564210E+03
    2.1950    0.104864E+04   -0.248888E+03    0.648762E+03
    2.2000    0.116690E+04   -0.282746E+03    0.724821E+03
    2.2050    0.127087E+04   -0.316108E+03    0.793490E+03
    2.2100    0.136305E+04   -0.349672E+03    0.856359E+03
    2.2150    0.144659E+04   -0.384223E+03    0.915408E+03
    2.2200    0.152522E+04   -0.420572E+03    0.972896E+03
    2.2250    0.160303E+04   -0.459474E+03    0.103125E+04
    2.2300    0.168418E+04   -0.501528E+03    0.109285E+04
    2.2350    0.177263E+04   -0.547090E+03    0.115986E+04
    2.2400    0.187171E+04   -0.596196E+03    0.123395E+04
    2.2450    0.198352E+04   -0.648521E+03    0.131602E+04
    2.2500    0.210849E+04   -0.703341E+03    0.140592E+04
    2.2550    0.224467E+04   -0.759707E+03    0.150219E+04
    2.2600    0.238788E+04   -0.816545E+03    0.160221E+04
    2.2650    0.253210E+04   -0.872848E+03    0.170247E+04
    2.2700    0.267040E+04   -0.927891E+03    0.179915E+04
    2.2750    0.279600E+04   -0.981383E+03    0.188869E+04
    2.2800    0.290330E+04   -0.103357E+04    0.196844E+04
    2.2850    0.298855E+04   -0.108528E+04    0.203692E+04
    2.2900    0.305021E+04   -0.113796E+04    0.209409E+04
    2.2950    0.308895E+04   -0.119366E+04    0.214130E+04
    2.3000    0.310739E+04   -0.125502E+04    0.218121E+04
    2.3050    0.310985E+04   -0.132529E+04    0.221757E+04
    2.3100    0.310156E+04   -0.140791E+04    0.225473E+04
    2.3150    0.308829E+04   -0.150578E+04    0.229704E+04
    2.3200    0.307575E+04   -0.161960E+04    0.234767E+04
    2.3250    0.306904E+04   -0.174511E+04    0.240708E+04
    2.3300    0.307227E+04   -0.187142E+04    0.247184E+04
    2.3350    0.308810E+04   -0.198330E+04    0.253570E+04
    2.3400    0.311755E+04   -0.206987E+04    0.259371E+04
    2.3450    0.315974E+04   -0.213026E+04    0.264500E+04
    2.3500    0.321185E+04   -0.217120E+04    0.269152E+04
    2.3550    0.326920E+04   -0.220109E+04    0.273515E+04
    2.3600    0.332565E+04   -0.222634E+04    0.277600E+04
    2.3650    0.337417E+04   -0.225042E+04    0.281230E+04
    2.3700    0.340766E+04   -0.227434E+04    0.284100E+04
    2.3750    0.341990E+04   -0.229730E+04    0.285860E+04
    2.3800    0.340648E+04   -0.231737E+04    0.286192E+04
    2.3850    0.336550E+04   -0.233215E+04    0.284882E+04
    2.3900    0.329800E+04   -0.233955E+04    0.281877E+04
    2.3950    0.320793E+04   -0.233867E+04    0.277330E+04
    2.4000    0.310169E+04   -0.233034E+04    0.271601E+04
    2.4050    0.298731E+04   -0.231695E+04    0.265213E+04
    2.4100    0.287339E+04   -0.230180E+04    0.258759E+04
    2.4150    0.276781E+04   -0.228805E+04    0.252793E+04
    2.4200    0.267665E+04   -0.227801E+04    0.247733E+04
    2.4250    0.260331E+04   -0.227260E+04    0.243795E+04
    2.4300    0.254791E+04   -0.227138E+04    0.240965E+04
    2.4350    0.250733E+04   -0.227270E+04    0.239001E+04
    2.4400    0.247564E+04   -0.227400E+04    0.237482E+04
    2.4450    0.244493E+04   -0.227229E+04    0.235861E+04
    2.4500    0.240651E+04   -0.226451E+04    0.233551E+04
    2.4550    0.235209E+04   -0.224791E+04    0.230000E+04
    2.4600    0.227499E+04   -0.222048E+04    0.224774E+04
    2.4650    0.217098E+04   -0.218138E+04    0.217618E+04
    2.4700    0.203877E+04   -0.213104E+04    0.208490E+04
    2.4750    0.188013E+04   -0.207131E+04    0.197572E+04
    2.4800    0.169952E+04   -0.200528E+04    0.185240E+04
    2.4850    0.150339E+04   -0.193690E+04    0.172015E+04
    2.4900    0.129937E+04   -0.187045E+04    0.158491E+04
    2.4950    0.109525E+04   -0.181002E+04    0.145263E+04
    2.5000    0.897991E+03   -0.175920E+04    0.132860E+04
    2.5050    0.713032E+03   -0.172045E+04    0.121674E+04
    2.5100    0.543718E+03   -0.169509E+04    0.111940E+04
    2.5150    0.391049E+03   -0.168320E+04    0.103712E+04
    2.5200    0.253730E+03   -0.168377E+04    0.968752E+03
    2.5250    0.128516E+03   -0.169493E+04    0.911721E+03
    2.5300    0.107332E+02   -0.171414E+04    0.862437E+03
    2.5350   -0.105020E+03   -0.173859E+04    0.816787E+03
    2.5400   -0.224146E+03   -0.176545E+04    0.770654E+03
    2.5450   -0.351383E+03   -0.179218E+04    0.720401E+03
    2.5500   -0.490208E+03   -0.181679E+04    0.663292E+03
    2.5550   -0.642500E+03   -0.183798E+04    0.597738E+03
    2.5600   -0.808368E+03   -0.185532E+04    0.523476E+03
    2.5650   -0.986227E+03   -0.186921E+04    0.441493E+03
    2.5700   -0.117303E+04   -0.188068E+04    0.353825E+03
    2.5750   -0.136477E+04   -0.189134E+04    0.263283E+03
    2.5800   -0.155694E+04   -0.190302E+04    0.173038E+03
    2.5850   -0.174507E+04   -0.191755E+04    0.862383E+02
    2.5900   -0.192519E+04   -0.193637E+04    0.559369E+01
    2.5950   -0.209419E+04   -0.196041E+04   -0.668915E+02
    2.6000   -0.225014E+04   -0.198992E+04   -0.130112E+03
    2.6050   -0.239227E+04   -0.202446E+04   -0.183909E+03
    2.6100   -0.252102E+04   -0.206302E+04   -0.228996E+03
    2.6150   -0.263771E+04   -0.210412E+04   -0.266793E+03
    2.6200   -0.274441E+04   -0.214612E+04   -0.299141E+03
    2.6250   -0.284345E+04   -0.218740E+04   -0.328027E+03
    2.6300   -0.293721E+04   -0.222670E+04   -0.355257E+03
    2.6350   -0.302767E+04   -0.226318E+04   -0.382248E+03
    2.6400   -0.311621E+04   -0.229652E+04   -0.409845E+03
    2.6450   -0.320349E+04   -0.232716E+04   -0.438165E+03
    2.6500   -0.328934E+04   -0.235609E+04   -0.466629E+03
    2.6550   -0.337290E+04   -0.238482E+04   -0.494040E+03
    2.6600   -0.345271E+04   -0.241523E+04   -0.518742E+03
    2.6650   -0.352694E+04   -0.244929E+04   -0.538828E+03
    2.6700   -0.359367E+04   -0.248888E+04   -0.552392E+03
    2.6750   -0.365108E+04   -0.253557E+04   -0.557755E+03
    2.6800   -0.369772E+04   -0.259039E+04   -0.553666E+03
    2.6850   -0.373264E+04   -0.265373E+04   -0.539454E+03
    2.6900   -0.375545E+04   -0.272529E+04   -0.515078E+03
    2.6950   -0.376635E+04   -0.280414E+04   -0.481101E+03
    2.7000   -0.376601E+04   -0.288877E+04   -0.438617E+03
    2.7050   -0.375550E+04   -0.297737E+04   -0.389066E+03
    2.7100   -0.373605E+04   -0.306794E+04   -0.334058E+03
    2.7150   -0.370890E+04   -0.315852E+04   -0.275192E+03
    2.7200   -0.367515E+04   -0.324747E+04   -0.213838E+03
    2.7250   -0.363556E+04   -0.333345E+04   -0.151058E+03
    2.7300   -0.359057E+04   -0.341557E+04   -0.875018E+02
    2.7350   -0.354029E+04   -0.349354E+04   -0.233763E+02
    2.7400   -0.348451E+04   -0.356747E+04    0.414820E+02
    2.7450   -0.342288E+04   -0.363790E+04    0.107513E+03
    2.7500   -0.335503E+04   -0.370565E+04    0.175307E+03
    2.7550   -0.328077E+04   -0.377165E+04    0.245440E+03
    2.7600   -0.320017E+04   -0.383684E+04    0.318337E+03
    2.7650   -0.311372E+04   -0.390199E+04    0.394134E+03
    2.7700   -0.302234E+04   -0.396755E+04    0.472604E+03
    2.7750   -0.292735E+04   -0.403362E+04    0.553133E+03
    2.7800   -0.283041E+04   -0.409993E+04    0.634757E+03
    2.7850   -0.273333E+04   -0.416582E+04    0.716243E+03
    2.7900   -0.263790E+04   -0.423046E+04    0.796277E+03
    2.7950   -0.254570E+04   -0.429293E+04    0.873614E+03
    2.8000   -0.245788E+04   -0.435239E+04    0.947255E+03
    2.8050   -0.237508E+04   -0.440830E+04    0.101661E+04
    2.8100   -0.229729E+04   -0.446049E+04    0.108160E+04
    2.8150   -0.222391E+04   -0.450933E+04    0.114271E+04
    2.8200   -0.215381E+04   -0.455577E+04    0.120098E+04
    2.8250   -0.208552E+04   -0.460142E+04    0.125795E+04
    2.8300   -0.201744E+04   -0.464856E+04    0.131556E+04
    2.8350   -0.194813E+04   -0.470011E+04    0.137599E+04
    2.8400   -0.187654E+04   -0.475954E+04    0.144150E+04
    2.8450   -0.180219E+04   -0.483066E+04    0.151424E+04
    2.8500   -0.172541E+04   -0.491646E+04    0.159552E+04
    2.8550   -0.164731E+04   -0.501737E+04    0.168503E+04
    2.8600   -0.156978E+04   -0.512902E+04    0.177962E+04
    2.8650   -0.149532E+04   -0.524257E+04    0.187363E+04
    2.8700   -0.142681E+04   -0.534780E+04    0.196050E+04
    2.8750   -0.136723E+04   -0.543781E+04    0.203529E+04
    2.8800   -0.131934E+04   -0.551038E+04    0.209552E+04
    2.8850   -0.128529E+04   -0.556658E+04    0.214064E+04
    2.8900   -0.126647E+04   -0.560891E+04    0.217122E+04
    2.8950   -0.126325E+04   -0.564014E+04    0.218845E+04
    2.9000   -0.127493E+04   -0.566287E+04    0.219397E+04
    2.9050   -0.129984E+04   -0.567940E+04    0.218978E+04
    2.9100   -0.133549E+04   -0.569181E+04    0.217816E+04
    2.9150   -0.137885E+04   -0.570197E+04    0.216156E+04
    2.9200   -0.142672E+04   -0.571157E+04    0.214243E+04
    2.9250   -0.147614E+04   -0.572215E+04    0.212300E+04
    2.9300   -0.152464E+04   -0.573492E+04    0.210514E+04
    2.9350   -0.157061E+04   -0.575077E+04    0.209008E+04
    2.9400   -0.161349E+04   -0.577011E+04    0.207831E+04
    2.9450   -0.165374E+04   -0.579295E+04    0.206960E+04
    2.9500   -0.169286E+04   -0.581867E+04    0.206291E+04
    2.9550   -0.173307E+04   -0.584617E+04    0.205655E+04
    2.9600   -0.177709E+04   -0.587388E+04    0.204839E+04
    2.9650   -0.182764E+04   -0.589993E+04    0.203615E+04
    2.9700   -0.188708E+04   -0.592228E+04    0.201760E+04
    2.9750   -0.195700E+04   -0.593892E+04    0.199096E+04
    2.9800   -0.203796E+04   -0.594806E+04    0.195505E+04
    2.9850   -0.212924E+04   -0.594833E+04    0.190954E+04
    2.9900   -0.222884E+04   -0.593889E+04    0.185503E+04
    2.9950   -0.233366E+04   -0.591960E+04    0.179297E+04
    3.0000   -0.243973E+04   -0.589092E+04    0.172560E+04
    3.0050   -0.254265E+04   -0.585400E+04    0.165567E+04
    3.0100   -0.263808E+04   -0.581049E+04    0.158620E+04
    3.0150   -0.272223E+04   -0.576240E+04    0.152009E+04
    3.0200   -0.279229E+04   -0.571191E+04    0.145981E+04
    3.0250   -0.284688E+04   -0.566110E+04    0.140711E+04
    3.0300   -0.288617E+04   -0.561177E+04    0.136280E+04
    3.0350   -0.291184E+04   -0.556527E+04    0.132672E+04
    3.0400   -0.292687E+04   -0.552235E+04    0.129774E+04
    3.0450   -0.293553E+04   -0.548309E+04    0.127378E+04
    3.0500   -0.294276E+04   -0.544692E+04    0.125208E+04
    3.0550   -0.295350E+04   -0.541270E+04    0.122960E+04
    3.0600   -0.297228E+04   -0.537888E+04    0.120330E+04
    3.0650   -0.300269E+04   -0.534368E+04    0.117050E+04
    3.0700   -0.304704E+04   -0.530531E+04    0.112913E+04
    3.0750   -0.310621E+04   -0.526215E+04    0.107797E+04
    3.0800   -0.317975E+04   -0.521290E+04    0.101658E+04
    3.0850   -0.326626E+04   -0.515666E+04    0.945198E+03
    3.0900   -0.336407E+04   -0.509281E+04    0.864368E+03
    3.0950   -0.347208E+04   -0.502086E+04    0.774390E+03
    3.1000   -0.359073E+04   -0.494012E+04    0.674693E+03
    3.1050   -0.372296E+04   -0.484922E+04    0.563129E+03
    3.1100   -0.387479E+04   -0.474563E+04    0.435420E+03
    3.1150   -0.405661E+04   -0.462535E+04    0.284374E+03
    3.1200   -0.428863E+04   -0.448322E+04    0.972952E+02
    3.1250   -0.460044E+04   -0.431449E+04   -0.142974E+03
    3.1300   -0.474571E+04   -0.411826E+04   -0.313725E+03
    3.1350   -0.407768E+04   -0.390183E+04   -0.879280E+02
    3.1400   -0.298277E+04   -0.368298E+04    0.350102E+03
    3.1450   -0.188314E+04   -0.348569E+04    0.801275E+03
    3.1500   -0.885890E+03   -0.333061E+04    0.122236E+04
    3.1550   -0.839551E+01   -0.322632E+04    0.160896E+04
    3.1600    0.749672E+03   -0.316696E+04    0.195832E+04
    3.1650    0.139402E+04   -0.313710E+04    0.226556E+04
    3.1700    0.193469E+04   -0.311896E+04    0.252682E+04
    3.1750    0.238534E+04   -0.309729E+04    0.274132E+04
    3.1800    0.276172E+04   -0.306146E+04    0.291159E+04
    3.1850    0.308001E+04   -0.300550E+04    0.304276E+04
    3.1900    0.335558E+04   -0.292734E+04    0.314146E+04
    3.1950    0.360212E+04   -0.282776E+04    0.321494E+04
    3.2000    0.383089E+04   -0.270943E+04    0.327016E+04
    3.2050    0.405069E+04   -0.257617E+04    0.331343E+04
    3.2100    0.426821E+04   -0.243236E+04    0.335028E+04
    3.2150    0.448723E+04   -0.228229E+04    0.338476E+04
    3.2200    0.470937E+04   -0.213001E+04    0.341969E+04
    3.2250    0.493471E+04   -0.197891E+04    0.345681E+04
    3.2300    0.516214E+04   -0.183176E+04    0.349695E+04
    3.2350    0.538997E+04   -0.169065E+04    0.354031E+04
    3.2400    0.561655E+04   -0.155709E+04    0.358682E+04
    3.2450    0.584074E+04   -0.143213E+04    0.363644E+04
    3.2500    0.606233E+04   -0.131653E+04    0.368943E+04
    3.2550    0.628225E+04   -0.121096E+04    0.374661E+04
    3.2600    0.650259E+04   -0.111614E+04    0.380937E+04
    3.2650    0.672655E+04   -0.103278E+04    0.387966E+04
    3.2700    0.695785E+04   -0.961951E+03    0.395990E+04
    3.2750    0.720054E+04   -0.904724E+03    0.405263E+04
    3.2800    0.745830E+04   -0.862169E+03    0.416023E+04
    3.2850    0.773412E+04   -0.835283E+03    0.428470E+04
    3.2900    0.802969E+04   -0.824698E+03    0.442720E+04
    3.2950    0.834509E+04   -0.830523E+03    0.458780E+04
    3.3000    0.867879E+04   -0.852209E+03    0.476550E+04
    3.3050    0.902770E+04   -0.888444E+03    0.495807E+04
    3.3100    0.938749E+04   -0.937112E+03    0.516230E+04
    3.3150    0.975295E+04   -0.995363E+03    0.537416E+04
    3.3200    0.101187E+05   -0.105973E+04    0.558920E+04
    3.3250    0.104795E+05   -0.112644E+04    0.580299E+04
    3.3300    0.108314E+05   -0.119158E+04    0.601147E+04
    3.3350    0.111714E+05   -0.125141E+04    0.621142E+04
    3.3400    0.114986E+05   -0.130268E+04    0.640066E+04
    3.3450    0.118137E+05   -0.134280E+04    0.657826E+04
    3.3500    0.121191E+05   -0.136994E+04    0.674450E+04
    3.3550    0.124183E+05   -0.138305E+04    0.690069E+04
    3.3600    0.127160E+05   -0.138161E+04    0.704880E+04
    3.3650    0.130166E+05   -0.136530E+04    0.719097E+04
    3.3700    0.133244E+05   -0.133343E+04    0.732889E+04
    3.3750    0.136421E+05   -0.128413E+04    0.746310E+04
    3.3800    0.139710E+05   -0.121387E+04    0.759242E+04
    3.3850    0.143103E+05   -0.111759E+04    0.771397E+04
    3.3900    0.146574E+05   -0.991201E+03    0.782429E+04
    3.3950    0.150074E+05   -0.836575E+03    0.792200E+04
    3.4000    0.153544E+05   -0.665264E+03    0.800982E+04
    3.4050    0.156913E+05   -0.495004E+03    0.809314E+04
    3.4100    0.160111E+05   -0.341269E+03    0.817619E+04
    3.4150    0.163075E+05   -0.212267E+03    0.825986E+04
    3.4200    0.165753E+05   -0.109569E+03    0.834245E+04
    3.4250    0.168117E+05   -0.309542E+02    0.842134E+04
    3.4300    0.170159E+05    0.275252E+02    0.849418E+04
    3.4350    0.171896E+05    0.696600E+02    0.855998E+04
    3.4400    0.173369E+05    0.989864E+02    0.861897E+04
    3.4450    0.174637E+05    0.117892E+03    0.867289E+04
    3.4500    0.175769E+05    0.127822E+03    0.872454E+04
    3.4550    0.176839E+05    0.129210E+03    0.877736E+04
    3.4600    0.177916E+05    0.121601E+03    0.883501E+04
    3.4650    0.179054E+05    0.103895E+03    0.890077E+04
    3.4700    0.180288E+05    0.746327E+02    0.897709E+04
    3.4750    0.181627E+05    0.323624E+02    0.906515E+04
    3.4800    0.183053E+05   -0.240325E+02    0.916468E+04
    3.4850    0.184526E+05   -0.950484E+02    0.927381E+04
    3.4900    0.185980E+05   -0.180363E+03    0.938920E+04
    3.4950    0.187340E+05   -0.278793E+03    0.950639E+04
    3.5000    0.188521E+05   -0.388315E+03    0.962022E+04
    3.5050    0.189444E+05   -0.506211E+03    0.972530E+04
    3.5100    0.190040E+05   -0.629291E+03    0.981665E+04
    3.5150    0.190262E+05   -0.754175E+03    0.989018E+04
    3.5200    0.190086E+05   -0.877520E+03    0.994308E+04
    3.5250    0.189520E+05   -0.996377E+03    0.997420E+04
    3.5300    0.188597E+05   -0.110836E+04    0.998404E+04
    3.5350    0.187377E+05   -0.121185E+04    0.997477E+04
    3.5400    0.185937E+05   -0.130607E+04    0.994990E+04
    3.5450    0.184367E+05   -0.139108E+04    0.991389E+04
    3.5500    0.182756E+05   -0.146774E+04    0.987167E+04
    3.5550    0.181186E+05   -0.153755E+04    0.982805E+04
    3.5600    0.179720E+05   -0.160240E+04    0.978719E+04
    3.5650    0.178400E+05   -0.166437E+04    0.975220E+04
    3.5700    0.177241E+05   -0.172544E+04    0.972476E+04
    3.5750    0.176226E+05   -0.178728E+04    0.970497E+04
    3.5800    0.175318E+05   -0.185112E+04    0.969144E+04
    3.5850    0.174453E+05   -0.191759E+04    0.968144E+04
    3.5900    0.173558E+05   -0.198678E+04    0.967127E+04
    3.5950    0.172552E+05   -0.205829E+04    0.965673E+04
    3.6000    0.171359E+05   -0.213132E+04    0.963358E+04
    3.6050    0.169913E+05   -0.220492E+04    0.959812E+04
    3.6100    0.168170E+05   -0.227813E+04    0.954758E+04
    3.6150    0.166108E+05   -0.235018E+04    0.948047E+04
    3.6200    0.163730E+05   -0.242064E+04    0.939683E+04
    3.6250    0.161070E+05   -0.248948E+04    0.929822E+04
    3.6300    0.158180E+05   -0.255714E+04    0.918758E+04
    3.6350    0.155135E+05   -0.262448E+04    0.906898E+04
    3.6400    0.152016E+05   -0.269267E+04    0.894712E+04
    3.6450    0.148908E+05   -0.276302E+04    0.882692E+04
    3.6500    0.145890E+05   -0.283689E+04    0.871295E+04
    3.6550    0.143027E+05   -0.291539E+04    0.860904E+04
    3.6600    0.140364E+05   -0.299932E+04    0.851785E+04
    3.6650    0.137925E+05   -0.308897E+04    0.844072E+04
    3.6700    0.135710E+05   -0.318412E+04    0.837754E+04
    3.6750    0.133698E+05   -0.328398E+04    0.832687E+04
    3.6800    0.131848E+05   -0.338730E+04    0.828603E+04
    3.6850    0.130103E+05   -0.349246E+04    0.825140E+04
    3.6900    0.128396E+05   -0.359771E+04    0.821865E+04
    3.6950    0.126648E+05   -0.370130E+04    0.818305E+04
    3.7000    0.124783E+05   -0.380178E+04    0.814005E+04
    3.7050    0.122735E+05   -0.389823E+04    0.808588E+04
    3.7100    0.120463E+05   -0.399054E+04    0.801842E+04
    3.7150    0.117959E+05   -0.407997E+04    0.793796E+04
    3.7200    0.115251E+05   -0.417021E+04    0.784767E+04
    3.7250    0.112385E+05   -0.427115E+04    0.775480E+04
    3.7300    0.109390E+05   -0.441333E+04    0.767616E+04
    3.7350    0.106364E+05   -0.461396E+04    0.762516E+04
    3.7400    0.103801E+05   -0.465300E+04    0.751657E+04
    3.7450    0.101481E+05   -0.463563E+04    0.739186E+04
    3.7500    0.993587E+04   -0.462063E+04    0.727825E+04
    3.7550    0.974701E+04   -0.461532E+04    0.718116E+04
    3.7600    0.958335E+04   -0.462077E+04    0.710206E+04
    3.7650    0.944429E+04   -0.463667E+04    0.704048E+04
    3.7700    0.932710E+04   -0.466207E+04    0.699459E+04
    3.7750    0.922748E+04   -0.469558E+04    0.696153E+04
    3.7800    0.914026E+04   -0.473550E+04    0.693788E+04
    3.7850    0.906028E+04   -0.478002E+04    0.692015E+04
    3.7900    0.898324E+04   -0.482729E+04    0.690526E+04
    3.7950    0.890631E+04   -0.487557E+04    0.689094E+04
    3.8000    0.882850E+04   -0.492336E+04    0.687593E+04
    3.8050    0.875058E+04   -0.496947E+04    0.686003E+04
    3.8100    0.867428E+04   -0.501300E+04    0.684364E+04
    3.8150    0.860138E+04   -0.505332E+04    0.682735E+04
    3.8200    0.853309E+04   -0.509006E+04    0.681158E+04
    3.8250    0.847006E+04   -0.512301E+04    0.679654E+04
    3.8300    0.841290E+04   -0.515205E+04    0.678247E+04
    3.8350    0.836270E+04   -0.517704E+04    0.676987E+04
    3.8400    0.832120E+04   -0.519781E+04    0.675950E+04
    3.8450    0.829066E+04   -0.521409E+04    0.675238E+04
    3.8500    0.827353E+04   -0.522554E+04    0.674953E+04
    3.8550    0.827205E+04   -0.523176E+04    0.675190E+04
    3.8600    0.828793E+04   -0.523240E+04    0.676017E+04
    3.8650    0.832210E+04   -0.522720E+04    0.677465E+04
    3.8700    0.837450E+04   -0.521611E+04    0.679530E+04
    3.8750    0.844404E+04   -0.519934E+04    0.682169E+04
    3.8800    0.852864E+04   -0.517743E+04    0.685304E+04
    3.8850    0.862533E+04   -0.515125E+04    0.688829E+04
    3.8900    0.873046E+04   -0.512199E+04    0.692623E+04
    3.8950    0.884001E+04   -0.509110E+04    0.696556E+04
    3.9000    0.894986E+04   -0.506020E+04    0.700503E+04
    3.9050    0.905613E+04   -0.503092E+04    0.704352E+04
    3.9100    0.915550E+04   -0.500482E+04    0.708016E+04
    3.9150    0.924547E+04   -0.498323E+04    0.711435E+04
    3.9200    0.932453E+04   -0.496714E+04    0.714584E+04
    3.9250    0.939227E+04   -0.495716E+04    0.717472E+04
    3.9300    0.944942E+04   -0.495344E+04    0.720143E+04
    3.9350    0.949776E+04   -0.495573E+04    0.722675E+04
    3.9400    0.953992E+04   -0.496342E+04    0.725167E+04
    3.9450    0.957915E+04   -0.497565E+04    0.727740E+04
    3.9500    0.961899E+04   -0.499140E+04    0.730519E+04
    3.9550    0.966293E+04   -0.500967E+04    0.733630E+04
    3.9600    0.971399E+04   -0.502957E+04    0.737178E+04
    3.9650    0.977445E+04   -0.505039E+04    0.741242E+04
    3.9700    0.984548E+04   -0.507173E+04    0.745861E+04
    3.9750    0.992703E+04   -0.509342E+04    0.751022E+04
    3.9800    0.100177E+05   -0.511557E+04    0.756664E+04
    3.9850    0.101149E+05   -0.513846E+04    0.762668E+04
    3.9900    0.102149E+05   -0.516249E+04    0.768868E+04
    3.9950    0.103132E+05   -0.518802E+04    0.775062E+04
    4.0000    0.104051E+05   -0.521531E+04    0.781021E+04
    4.0050    0.104859E+05   -0.524442E+04    0.786514E+04
    4.0100    0.105514E+05   -0.527513E+04    0.791327E+04
    4.0150    0.105986E+05   -0.530699E+04    0.795281E+04
    4.0200    0.106258E+05   -0.533927E+04    0.798254E+04
    4.0250    0.106328E+05   -0.537108E+04    0.800194E+04
    4.0300    0.106210E+05   -0.540146E+04    0.801125E+04
    4.0350    0.105935E+05   -0.542950E+04    0.801152E+04
    4.0400    0.105545E+05   -0.545445E+04    0.800449E+04
    4.0450    0.105090E+05   -0.547585E+04    0.799242E+04
    4.0500    0.104622E+05   -0.549363E+04    0.797792E+04
    4.0550    0.104192E+05   -0.550811E+04    0.796367E+04
    4.0600    0.103842E+05   -0.552005E+04    0.795213E+04
    4.0650    0.103600E+05   -0.553059E+04    0.794529E+04
    4.0700    0.103478E+05   -0.554113E+04    0.794447E+04
    4.0750    0.103471E+05   -0.555323E+04    0.795019E+04
    4.0800    0.103557E+05   -0.556848E+04    0.796211E+04
    4.0850    0.103698E+05   -0.558830E+04    0.797906E+04
    4.0900    0.103846E+05   -0.561386E+04    0.799923E+04
    4.0950    0.103947E+05   -0.564596E+04    0.802032E+04
    4.1000    0.103948E+05   -0.568494E+04    0.803989E+04
    4.1050    0.103805E+05   -0.573069E+04    0.805559E+04
    4.1100    0.103483E+05   -0.578268E+04    0.806547E+04
    4.1150    0.102964E+05   -0.584005E+04    0.806824E+04
    4.1200    0.102251E+05   -0.590171E+04    0.806342E+04
    4.1250    0.101364E+05   -0.596655E+04    0.805145E+04
    4.1300    0.100337E+05   -0.603352E+04    0.803361E+04
    4.1350    0.992200E+04   -0.610188E+04    0.801194E+04
    4.1400    0.980677E+04   -0.617113E+04    0.798895E+04
    4.1450    0.969354E+04   -0.624118E+04    0.796736E+04
    4.1500    0.958721E+04   -0.631224E+04    0.794973E+04
    4.1550    0.949149E+04   -0.638460E+04    0.793805E+04
    4.1600    0.940847E+04   -0.645847E+04    0.793347E+04
    4.1650    0.933838E+04   -0.653378E+04    0.793608E+04
    4.1700    0.927956E+04   -0.661017E+04    0.794487E+04
    4.1750    0.922871E+04   -0.668707E+04    0.795789E+04
    4.1800    0.918128E+04   -0.676401E+04    0.797265E+04
    4.1850    0.913205E+04   -0.684072E+04    0.798638E+04
    4.1900    0.907577E+04   -0.691713E+04    0.799645E+04
    4.1950    0.900789E+04   -0.699324E+04    0.800057E+04
    4.2000    0.892512E+04   -0.706891E+04    0.799702E+04
    4.2050    0.882587E+04   -0.714376E+04    0.798482E+04
    4.2100    0.871058E+04   -0.721712E+04    0.796385E+04
    4.2150    0.858167E+04   -0.728811E+04    0.793489E+04
    4.2200    0.844336E+04   -0.735570E+04    0.789953E+04
    4.2250    0.830120E+04   -0.741902E+04    0.786011E+04
    4.2300    0.816151E+04   -0.747717E+04    0.781934E+04
    4.2350    0.803059E+04   -0.752964E+04    0.778012E+04
    4.2400    0.791409E+04   -0.757618E+04    0.774514E+04
    4.2450    0.781631E+04   -0.761677E+04    0.771654E+04
    4.2500    0.773973E+04   -0.765161E+04    0.769567E+04
    4.2550    0.768471E+04   -0.768101E+04    0.768286E+04
    4.2600    0.764949E+04   -0.770527E+04    0.767738E+04
    4.2650    0.763035E+04   -0.772462E+04    0.767749E+04
    4.2700    0.762208E+04   -0.773915E+04    0.768062E+04
    4.2750    0.761856E+04   -0.774883E+04    0.768369E+04
    4.2800    0.761351E+04   -0.775359E+04    0.768355E+04
    4.2850    0.760121E+04   -0.775352E+04    0.767737E+04
    4.2900    0.757719E+04   -0.774917E+04    0.766318E+04
    4.2950    0.753878E+04   -0.774142E+04    0.764010E+04
    4.3000    0.748543E+04   -0.773155E+04    0.760849E+04
    4.3050    0.741880E+04   -0.772090E+04    0.756985E+04
    4.3100    0.734261E+04   -0.771053E+04    0.752657E+04
    4.3150    0.726222E+04   -0.770103E+04    0.748162E+04
    4.3200    0.718406E+04   -0.769260E+04    0.743833E+04
    4.3250    0.711491E+04   -0.768515E+04    0.740003E+04
    4.3300    0.706117E+04   -0.767860E+04    0.736989E+04
    4.3350    0.702813E+04   -0.767297E+04    0.735055E+04
    4.3400    0.701920E+04   -0.766853E+04    0.734386E+04
    4.3450    0.703697E+04   -0.766500E+04    0.735099E+04
    4.3500    0.707998E+04   -0.766314E+04    0.737156E+04
    4.3550    0.714609E+04   -0.766291E+04    0.740450E+04
    4.3600    0.723109E+04   -0.766429E+04    0.744769E+04
    4.3650    0.732955E+04   -0.766707E+04    0.749831E+04
    4.3700    0.743548E+04   -0.767077E+04    0.755313E+04
    4.3750    0.754296E+04   -0.767469E+04    0.760882E+04
    4.3800    0.764678E+04   -0.767798E+04    0.766238E+04
    4.3850    0.774302E+04   -0.767964E+04    0.771133E+04
    4.3900    0.782934E+04   -0.767867E+04    0.775400E+04
    4.3950    0.790521E+04   -0.767410E+04    0.778966E+04
    4.4000    0.797181E+04   -0.766514E+04    0.781848E+04
    4.4050    0.803180E+04   -0.765116E+04    0.784148E+04
    4.4100    0.808888E+04   -0.763176E+04    0.786032E+04
    4.4150    0.814730E+04   -0.760680E+04    0.787705E+04
    4.4200    0.821129E+04   -0.757636E+04    0.789383E+04
    4.4250    0.828452E+04   -0.754068E+04    0.791260E+04
    4.4300    0.836968E+04   -0.750014E+04    0.793491E+04
    4.4350    0.846819E+04   -0.745518E+04    0.796169E+04
    4.4400    0.858009E+04   -0.740623E+04    0.799316E+04
    4.4450    0.870410E+04   -0.735365E+04    0.802887E+04
    4.4500    0.883780E+04   -0.729767E+04    0.806774E+04
    4.4550    0.897802E+04   -0.723845E+04    0.810823E+04
    4.4600    0.912122E+04   -0.717599E+04    0.814860E+04
    4.4650    0.926404E+04   -0.711020E+04    0.818712E+04
    4.4700    0.940362E+04   -0.704096E+04    0.822229E+04
    4.4750    0.953814E+04   -0.696815E+04    0.825314E+04
    4.4800    0.966715E+04   -0.689172E+04    0.827943E+04
    4.4850    0.979216E+04   -0.681170E+04    0.830193E+04
    4.4900    0.991730E+04   -0.672827E+04    0.832279E+04
    4.4950    0.100509E+05   -0.664175E+04    0.834631E+04
    4.5000    0.102071E+05   -0.655256E+04    0.837985E+04
    4.5050    0.104062E+05   -0.646124E+04    0.843374E+04
    4.5100    0.106655E+05   -0.636834E+04    0.851693E+04
    4.5150    0.109815E+05   -0.627440E+04    0.862796E+04
    4.5200    0.113259E+05   -0.617984E+04    0.875285E+04
    4.5250    0.116654E+05   -0.608497E+04    0.887519E+04
    4.5300    0.119791E+05   -0.598989E+04    0.898452E+04
    4.5350    0.122587E+05   -0.589453E+04    0.907662E+04
    4.5400    0.125036E+05   -0.579862E+04    0.915112E+04
    4.5450    0.127177E+05   -0.570177E+04    0.920973E+04
    4.5500    0.129075E+05   -0.560354E+04    0.925553E+04
    4.5550    0.130803E+05   -0.550344E+04    0.929187E+04
    4.5600    0.132370E+05   -0.540115E+04    0.931906E+04
    4.5650    0.133601E+05   -0.529642E+04    0.932824E+04
    4.5700    0.134111E+05   -0.518925E+04    0.930019E+04
    4.5750    0.133605E+05   -0.507990E+04    0.922020E+04
    4.5800    0.132163E+05   -0.496882E+04    0.909257E+04
    4.5850    0.130106E+05   -0.485671E+04    0.893367E+04
    4.5900    0.127758E+05   -0.474440E+04    0.876010E+04
    4.5950    0.125352E+05   -0.463276E+04    0.858398E+04
    4.6000    0.123033E+05   -0.452267E+04    0.841298E+04
    4.6050    0.120876E+05   -0.441486E+04    0.825123E+04
    4.6100    0.118909E+05   -0.430987E+04    0.810038E+04
    4.6150    0.117124E+05   -0.420801E+04    0.796018E+04
    4.6200    0.115490E+05   -0.410927E+04    0.782912E+04
    4.6250    0.113963E+05   -0.401341E+04    0.770485E+04
    4.6300    0.112493E+05   -0.391994E+04    0.758463E+04
    4.6350    0.111031E+05   -0.382818E+04    0.746565E+04
    4.6400    0.109535E+05   -0.373740E+04    0.734547E+04
    4.6450    0.107975E+05   -0.364690E+04    0.722221E+04
    4.6500    0.106334E+05   -0.355604E+04    0.709474E+04
    4.6550    0.104611E+05   -0.346439E+04    0.696276E+04
    4.6600    0.102819E+05   -0.337176E+04    0.682681E+04
    4.6650    0.100980E+05   -0.327819E+04    0.668808E+04
    4.6700    0.991257E+04   -0.318398E+04    0.654827E+04
    4.6750    0.972894E+04   -0.308961E+04    0.640928E+04
    4.6800    0.955012E+04   -0.299572E+04    0.627292E+04
    4.6850    0.937839E+04   -0.290298E+04    0.614069E+04
    4.6900    0.921498E+04   -0.281203E+04    0.601351E+04
    4.6950    0.905977E+04   -0.272337E+04    0.589157E+04
    4.7000    0.891125E+04   -0.263737E+04    0.577431E+04
    4.7050    0.876673E+04   -0.255408E+04    0.566041E+04
    4.7100    0.862251E+04   -0.247340E+04    0.554795E+04
    4.7150    0.847435E+04   -0.239495E+04    0.543465E+04
    4.7200    0.831796E+04   -0.231821E+04    0.531808E+04
    4.7250    0.814941E+04   -0.224251E+04    0.519596E+04
    4.7300    0.796568E+04   -0.216719E+04    0.506643E+04
    4.7350    0.776496E+04   -0.209160E+04    0.492828E+04
    4.7400    0.754684E+04   -0.201524E+04    0.478104E+04
    4.7450    0.731239E+04   -0.193778E+04    0.462509E+04
    4.7500    0.706403E+04   -0.185913E+04    0.446158E+04
    4.7550    0.680525E+04   -0.177940E+04    0.429233E+04
    4.7600    0.654026E+04   -0.169891E+04    0.411959E+04
    4.7650    0.627350E+04   -0.161813E+04    0.394582E+04
    4.7700    0.600919E+04   -0.153762E+04    0.377341E+04
    4.7750    0.575088E+04   -0.145795E+04    0.360442E+04
    4.7800    0.550109E+04   -0.137961E+04    0.344035E+04
    4.7850    0.526114E+04   -0.130295E+04    0.328204E+04
    4.7900    0.503099E+04   -0.122815E+04    0.312957E+04
    4.7950    0.480937E+04   -0.115518E+04    0.298228E+04
    4.8000    0.459395E+04   -0.108378E+04    0.283886E+04
    4.8050    0.438172E+04   -0.101351E+04    0.269762E+04
    4.8100    0.416927E+04   -0.943823E+03    0.255655E+04
    4.8150    0.395332E+04   -0.874096E+03    0.241371E+04
    4.8200    0.373103E+04   -0.803725E+03    0.226738E+04
    4.8250    0.350032E+04   -0.732215E+03    0.211627E+04
    4.8300    0.326010E+04   -0.659194E+03    0.195965E+04
    4.8350    0.301035E+04   -0.584501E+03    0.179743E+04
    4.8400    0.275207E+04   -0.508184E+03    0.163013E+04
    4.8450    0.248712E+04   -0.430488E+03    0.145881E+04
    4.8500    0.221800E+04   -0.351817E+03    0.128491E+04
    4.8550    0.194753E+04   -0.272680E+03    0.111010E+04
    4.8600    0.167854E+04   -0.193620E+03    0.936078E+03
    4.8650    0.141361E+04   -0.115138E+03    0.764376E+03
    4.8700    0.115486E+04   -0.376315E+02    0.596244E+03
    4.8750    0.903699E+03    0.386579E+02    0.432521E+03
    4.8800    0.660856E+03    0.113669E+03    0.273593E+03
    4.8850    0.426349E+03    0.187523E+03    0.119413E+03
    4.8900    0.199613E+03    0.260494E+03   -0.304405E+02
    4.8950   -0.203429E+02    0.332963E+03   -0.176653E+03
    4.9000   -0.234739E+03    0.405353E+03   -0.320046E+03
    4.9050   -0.444823E+03    0.478054E+03   -0.461439E+03
    4.9100   -0.651701E+03    0.551361E+03   -0.601531E+03
    4.9150   -0.856211E+03    0.625417E+03   -0.740814E+03
    4.9200   -0.105883E+04    0.700169E+03   -0.879500E+03
    4.9250   -0.125971E+04    0.775377E+03   -0.101754E+04
    4.9300   -0.145871E+04    0.850625E+03   -0.115467E+04
    4.9350   -0.165552E+04    0.925367E+03   -0.129044E+04
    4.9400   -0.184980E+04    0.998996E+03   -0.142440E+04
    4.9450   -0.204117E+04    0.107091E+04   -0.155604E+04
    4.9500   -0.222958E+04    0.114060E+04   -0.168509E+04
    4.9550   -0.241515E+04    0.120770E+04   -0.181143E+04
    4.9600   -0.259826E+04    0.127207E+04   -0.193517E+04
    4.9650   -0.277952E+04    0.133376E+04   -0.205664E+04
    4.9700   -0.295969E+04    0.139305E+04   -0.217637E+04
    4.9750   -0.313956E+04    0.145038E+04   -0.229497E+04
    4.9800   -0.331979E+04    0.150629E+04   -0.241304E+04
    4.9850   -0.350083E+04    0.156134E+04   -0.253108E+04
    4.9900   -0.368282E+04    0.161603E+04   -0.264943E+04
    4.9950   -0.386547E+04    0.167073E+04   -0.276810E+04
    5.0000   -0.404812E+04    0.172558E+04   -0.288685E+04
    5.0050   -0.422972E+04    0.178048E+04   -0.300510E+04
    5.0100   -0.440898E+04    0.183508E+04   -0.312203E+04
    5.0150   -0.458449E+04    0.188879E+04   -0.323664E+04
    5.0200   -0.475489E+04    0.194086E+04   -0.334788E+04
    5.0250   -0.491901E+04    0.199041E+04   -0.345471E+04
    5.0300   -0.507599E+04    0.203660E+04   -0.355629E+04
    5.0350   -0.522543E+04    0.207866E+04   -0.365205E+04
    5.0400   -0.536741E+04    0.211601E+04   -0.374171E+04
    5.0450   -0.550246E+04    0.214833E+04   -0.382539E+04
    5.0500   -0.563150E+04    0.217556E+04   -0.390353E+04
    5.0550   -0.575578E+04    0.219797E+04   -0.397688E+04
    5.0600   -0.587664E+04    0.221608E+04   -0.404636E+04
    5.0650   -0.599539E+04    0.223058E+04   -0.411299E+04
    5.0700   -0.611335E+04    0.224230E+04   -0.417782E+04
    5.0750   -0.623139E+04    0.225206E+04   -0.424172E+04
    5.0800   -0.635011E+04    0.226058E+04   -0.430535E+04
    5.0850   -0.646975E+04    0.226843E+04   -0.436909E+04
    5.0900   -0.659022E+04    0.227589E+04   -0.443306E+04
    5.0950   -0.671119E+04    0.228300E+04   -0.449709E+04
    5.1000   -0.683216E+04    0.228950E+04   -0.456083E+04
    5.1050   -0.695260E+04    0.229487E+04   -0.462374E+04
    5.1100   -0.707207E+04    0.229844E+04   -0.468526E+04
    5.1150   -0.719025E+04    0.229943E+04   -0.474484E+04
    5.1200   -0.730701E+04    0.229708E+04   -0.480204E+04
    5.1250   -0.742243E+04    0.229071E+04   -0.485657E+04
    5.1300   -0.753673E+04    0.227985E+04   -0.490829E+04
    5.1350   -0.765011E+04    0.226429E+04   -0.495720E+04
    5.1400   -0.776283E+04    0.224407E+04   -0.500345E+04
    5.1450   -0.787493E+04    0.221954E+04   -0.504724E+04
    5.1500   -0.798618E+04    0.219125E+04   -0.508871E+04
    5.1550   -0.809603E+04    0.215992E+04   -0.512798E+04
    5.1600   -0.820362E+04    0.212637E+04   -0.516499E+04
    5.1650   -0.830781E+04    0.209137E+04   -0.519959E+04
    5.1700   -0.840734E+04    0.205557E+04   -0.523145E+04
    5.1750   -0.850097E+04    0.201942E+04   -0.526019E+04
    5.1800   -0.858776E+04    0.198312E+04   -0.528544E+04
    5.1850   -0.866711E+04    0.194660E+04   -0.530686E+04
    5.1900   -0.873913E+04    0.190956E+04   -0.532435E+04
    5.1950   -0.880458E+04    0.187148E+04   -0.533803E+04
    5.2000   -0.886490E+04    0.183172E+04   -0.534831E+04
    5.2050   -0.892224E+04    0.178965E+04   -0.535595E+04
    5.2100   -0.897930E+04    0.174469E+04   -0.536200E+04
    5.2150   -0.903893E+04    0.169644E+04   -0.536768E+04
    5.2200   -0.910401E+04    0.164470E+04   -0.537436E+04
    5.2250   -0.917709E+04    0.158957E+04   -0.538333E+04
    5.2300   -0.926001E+04    0.153140E+04   -0.539571E+04
    5.2350   -0.935375E+04    0.147079E+04   -0.541227E+04
    5.2400   -0.945825E+04    0.140847E+04   -0.543336E+04
    5.2450   -0.957224E+04    0.134527E+04   -0.545876E+04
    5.2500   -0.969358E+04    0.128199E+04   -0.548778E+04
    5.2550   -0.981930E+04    0.121928E+04   -0.551929E+04
    5.2600   -0.994598E+04    0.115759E+04   -0.555178E+04
