    0.0000    0.305317E-08    0.149372E-09    0.145190E-08
    0.0050    0.133857E+04    0.117780E+03    0.610395E+03
    0.0100    0.134271E+04   -0.916747E+02    0.717193E+03
    0.0150    0.131712E+04   -0.281716E+03    0.799418E+03
    0.0200    0.127204E+04   -0.448675E+03    0.860359E+03
    0.0250    0.121209E+04   -0.588509E+03    0.900300E+03
    0.0300    0.113950E+04   -0.698645E+03    0.919071E+03
    0.0350    0.105731E+04   -0.779593E+03    0.918452E+03
    0.0400    0.970612E+03   -0.835361E+03    0.902986E+03
    0.0450    0.885624E+03   -0.872320E+03    0.878972E+03
    0.0500    0.807833E+03   -0.897079E+03    0.852456E+03
    0.0550    0.740459E+03   -0.914413E+03    0.827436E+03
    0.0600    0.684137E+03   -0.926192E+03    0.805164E+03
    0.0650    0.637817E+03   -0.931682E+03    0.784749E+03
    0.0700    0.600196E+03   -0.928932E+03    0.764564E+03
    0.0750    0.570740E+03   -0.916545E+03    0.743643E+03
    0.0800    0.549759E+03   -0.895056E+03    0.722407E+03
    0.0850    0.538083E+03   -0.867125E+03    0.702604E+03
    0.0900    0.536819E+03   -0.836528E+03    0.686674E+03
    0.0950    0.546859E+03   -0.806855E+03    0.676857E+03
    0.1000    0.568326E+03   -0.780552E+03    0.674439E+03
    0.1050    0.600363E+03   -0.758506E+03    0.679434E+03
    0.1100    0.641262E+03   -0.740164E+03    0.690713E+03
    0.1150    0.688780E+03   -0.724043E+03    0.706412E+03
    0.1200    0.740470E+03   -0.708387E+03    0.724428E+03
    0.1250    0.793960E+03   -0.691768E+03    0.742864E+03
    0.1300    0.847156E+03   -0.673500E+03    0.760328E+03
    0.1350    0.898379E+03   -0.653808E+03    0.776094E+03
    0.1400    0.946433E+03   -0.633724E+03    0.790079E+03
    0.1450    0.990616E+03   -0.614763E+03    0.802690E+03
    0.1500    0.103068E+04   -0.598466E+03    0.814574E+03
    0.1550    0.106676E+04   -0.585940E+03    0.826352E+03
    0.1600    0.109929E+04   -0.577553E+03    0.838423E+03
    0.1650    0.112890E+04   -0.572889E+03    0.850894E+03
    0.1700    0.115635E+04   -0.570973E+03    0.863661E+03
    0.1750    0.118248E+04   -0.570667E+03    0.876572E+03
    0.1800    0.120811E+04   -0.571110E+03    0.889611E+03
    0.1850    0.123402E+04   -0.572001E+03    0.903010E+03
    0.1900    0.126082E+04   -0.573658E+03    0.917240E+03
    0.1950    0.128896E+04   -0.576813E+03    0.932888E+03
    0.2000    0.131867E+04   -0.582250E+03    0.950460E+03
    0.2050    0.134996E+04   -0.590405E+03    0.970182E+03
    0.2100    0.138265E+04   -0.601086E+03    0.991869E+03
    0.2150    0.141642E+04   -0.613400E+03    0.101491E+04
    0.2200    0.145082E+04   -0.625904E+03    0.103836E+04
    0.2250    0.148538E+04   -0.636932E+03    0.106115E+04
    0.2300    0.151960E+04   -0.644986E+03    0.108229E+04
    0.2350    0.155306E+04   -0.649072E+03    0.110107E+04
    0.2400    0.158545E+04   -0.648898E+03    0.111718E+04
    0.2450    0.161655E+04   -0.644893E+03    0.113072E+04
    0.2500    0.164629E+04   -0.638071E+03    0.114218E+04
    0.2550    0.167472E+04   -0.629774E+03    0.115225E+04
    0.2600    0.170187E+04   -0.621286E+03    0.116158E+04
    0.2650    0.172748E+04   -0.613304E+03    0.117039E+04
    0.2700    0.175106E+04   -0.605755E+03    0.117841E+04
    0.2750    0.177220E+04   -0.598166E+03    0.118518E+04
    0.2800    0.179075E+04   -0.590047E+03    0.119040E+04
    0.2850    0.180675E+04   -0.581092E+03    0.119392E+04
    0.2900    0.182036E+04   -0.571100E+03    0.119573E+04
    0.2950    0.183181E+04   -0.565414E+03    0.119861E+04
    0.3000    0.184137E+04   -0.554944E+03    0.119816E+04
    0.3050    0.184931E+04   -0.544730E+03    0.119702E+04
    0.3100    0.185589E+04   -0.535098E+03    0.119550E+04
    0.3150    0.186136E+04   -0.526116E+03    0.119374E+04
    0.3200    0.186588E+04   -0.517643E+03    0.119176E+04
    0.3250    0.186960E+04   -0.509448E+03    0.118952E+04
    0.3300    0.187259E+04   -0.501359E+03    0.118698E+04
    0.3350    0.187490E+04   -0.493398E+03    0.118415E+04
    0.3400    0.187653E+04   -0.485861E+03    0.118120E+04
    0.3450    0.187747E+04   -0.479296E+03    0.117838E+04
    0.3500    0.187773E+04   -0.474403E+03    0.117606E+04
    0.3550    0.187733E+04   -0.471873E+03    0.117460E+04
    0.3600    0.187635E+04   -0.472232E+03    0.117429E+04
    0.3650    0.187492E+04   -0.475727E+03    0.117532E+04
    0.3700    0.187322E+04   -0.482276E+03    0.117775E+04
    0.3750    0.187146E+04   -0.491514E+03    0.118149E+04
    0.3800    0.186986E+04   -0.502876E+03    0.118637E+04
    0.3850    0.186861E+04   -0.515723E+03    0.119216E+04
    0.3900    0.186787E+04   -0.529439E+03    0.119866E+04
    0.3950    0.186775E+04   -0.543491E+03    0.120562E+04
    0.4000    0.186823E+04   -0.557428E+03    0.121283E+04
    0.4050    0.186920E+04   -0.570841E+03    0.122002E+04
    0.4100    0.187045E+04   -0.583304E+03    0.122688E+04
    0.4150    0.187168E+04   -0.594329E+03    0.123300E+04
    0.4200    0.187250E+04   -0.603372E+03    0.123793E+04
    0.4250    0.187252E+04   -0.609892E+03    0.124121E+04
    0.4300    0.187138E+04   -0.613471E+03    0.124243E+04
    0.4350    0.186880E+04   -0.613962E+03    0.124138E+04
    0.4400    0.186464E+04   -0.611571E+03    0.123811E+04
    0.4450    0.185883E+04   -0.606658E+03    0.123274E+04
    0.4500    0.185120E+04   -0.599273E+03    0.122523E+04
    0.4550    0.184154E+04   -0.589140E+03    0.121534E+04
    0.4600    0.182988E+04   -0.576063E+03    0.120297E+04
    0.4650    0.181648E+04   -0.560080E+03    0.118828E+04
    0.4700    0.180174E+04   -0.541380E+03    0.117156E+04
    0.4750    0.178615E+04   -0.520233E+03    0.115319E+04
    0.4800    0.177020E+04   -0.496946E+03    0.113357E+04
    0.4850    0.175432E+04   -0.471879E+03    0.111310E+04
    0.4900    0.173885E+04   -0.445459E+03    0.109215E+04
    0.4950    0.172402E+04   -0.418180E+03    0.107110E+04
    0.5000    0.170996E+04   -0.390594E+03    0.105028E+04
    0.5050    0.169666E+04   -0.363266E+03    0.102996E+04
    0.5100    0.168403E+04   -0.336735E+03    0.101038E+04
    0.5150    0.167192E+04   -0.311463E+03    0.991692E+03
    0.5200    0.166013E+04   -0.287807E+03    0.973970E+03
    0.5250    0.164846E+04   -0.266002E+03    0.957231E+03
    0.5300    0.163671E+04   -0.246169E+03    0.941441E+03
    0.5350    0.162475E+04   -0.228320E+03    0.926536E+03
    0.5400    0.161250E+04   -0.212379E+03    0.912438E+03
    0.5450    0.159994E+04   -0.198183E+03    0.899062E+03
    0.5500    0.158715E+04   -0.185487E+03    0.886317E+03
    0.5550    0.157422E+04   -0.173952E+03    0.874088E+03
    0.5600    0.156131E+04   -0.163148E+03    0.862229E+03
    0.5650    0.154854E+04   -0.152554E+03    0.850547E+03
    0.5700    0.153603E+04   -0.141591E+03    0.838810E+03
    0.5750    0.152384E+04   -0.129666E+03    0.826755E+03
    0.5800    0.151199E+04   -0.116223E+03    0.814105E+03
    0.5850    0.150038E+04   -0.100812E+03    0.800596E+03
    0.5900    0.148886E+04   -0.831276E+02    0.785996E+03
    0.5950    0.147720E+04   -0.630422E+02    0.770121E+03
    0.6000    0.146509E+04   -0.406064E+02    0.752849E+03
    0.6050    0.145222E+04   -0.160352E+02    0.734126E+03
    0.6100    0.143826E+04    0.103227E+02    0.713971E+03
    0.6150    0.142298E+04    0.380083E+02    0.692485E+03
    0.6200    0.140621E+04    0.664693E+02    0.669869E+03
    0.6250    0.138792E+04    0.951043E+02    0.646410E+03
    0.6300    0.136817E+04    0.123421E+03    0.622375E+03
    0.6350    0.134693E+04    0.151244E+03    0.597841E+03
    0.6400    0.132420E+04    0.178634E+03    0.572781E+03
    0.6450    0.130018E+04    0.205639E+03    0.547269E+03
    0.6500    0.127525E+04    0.232215E+03    0.521517E+03
    0.6550    0.124991E+04    0.258251E+03    0.495828E+03
    0.6600    0.122469E+04    0.283603E+03    0.470543E+03
    0.6650    0.120011E+04    0.308123E+03    0.445996E+03
    0.6700    0.117665E+04    0.331663E+03    0.422491E+03
    0.6750    0.115466E+04    0.354080E+03    0.400289E+03
    0.6800    0.113440E+04    0.375229E+03    0.379588E+03
    0.6850    0.111600E+04    0.394965E+03    0.360517E+03
    0.6900    0.109941E+04    0.413137E+03    0.343135E+03
    0.6950    0.108445E+04    0.429601E+03    0.327423E+03
    0.7000    0.107082E+04    0.444238E+03    0.313292E+03
    0.7050    0.105813E+04    0.456967E+03    0.300580E+03
    0.7100    0.104589E+04    0.467770E+03    0.289061E+03
    0.7150    0.103362E+04    0.476706E+03    0.278456E+03
    0.7200    0.102082E+04    0.483909E+03    0.268456E+03
    0.7250    0.100706E+04    0.489582E+03    0.258740E+03
    0.7300    0.991995E+03    0.493977E+03    0.249009E+03
    0.7350    0.975402E+03    0.497375E+03    0.239013E+03
    0.7400    0.957197E+03    0.500062E+03    0.228568E+03
    0.7450    0.937439E+03    0.502302E+03    0.217569E+03
    0.7500    0.916321E+03    0.504332E+03    0.205995E+03
    0.7550    0.894152E+03    0.506346E+03    0.193903E+03
    0.7600    0.871327E+03    0.508495E+03    0.181416E+03
    0.7650    0.848293E+03    0.510873E+03    0.168710E+03
    0.7700    0.825515E+03    0.513525E+03    0.155995E+03
    0.7750    0.803426E+03    0.516438E+03    0.143494E+03
    0.7800    0.782387E+03    0.519531E+03    0.131428E+03
    0.7850    0.762667E+03    0.522676E+03    0.119996E+03
    0.7900    0.744422E+03    0.525695E+03    0.109363E+03
    0.7950    0.727690E+03    0.528388E+03    0.996506E+02
    0.8000    0.712413E+03    0.530558E+03    0.909274E+02
    0.8050    0.698474E+03    0.532062E+03    0.832061E+02
    0.8100    0.685706E+03    0.532849E+03    0.764285E+02
    0.8150    0.673815E+03    0.532969E+03    0.704230E+02
    0.8200    0.662305E+03    0.532556E+03    0.648746E+02
    0.8250    0.650594E+03    0.531777E+03    0.594085E+02
    0.8300    0.638196E+03    0.530822E+03    0.536874E+02
    0.8350    0.624783E+03    0.529912E+03    0.474354E+02
    0.8400    0.610143E+03    0.529256E+03    0.404432E+02
    0.8450    0.594170E+03    0.529026E+03    0.325721E+02
    0.8500    0.576849E+03    0.529323E+03    0.237628E+02
    0.8550    0.558268E+03    0.530197E+03    0.140358E+02
    0.8600    0.538606E+03    0.531619E+03    0.349331E+01
    0.8650    0.518111E+03    0.533485E+03   -0.768725E+01
    0.8700    0.497108E+03    0.535647E+03   -0.192696E+02
    0.8750    0.475959E+03    0.537909E+03   -0.309751E+02
    0.8800    0.455028E+03    0.540019E+03   -0.424954E+02
    0.8850    0.434687E+03    0.541728E+03   -0.535205E+02
    0.8900    0.415263E+03    0.542768E+03   -0.637523E+02
    0.8950    0.397034E+03    0.542886E+03   -0.729260E+02
    0.9000    0.380191E+03    0.541845E+03   -0.808272E+02
    0.9050    0.364846E+03    0.539472E+03   -0.873126E+02
    0.9100    0.351009E+03    0.535646E+03   -0.923187E+02
    0.9150    0.338570E+03    0.530288E+03   -0.958586E+02
    0.9200    0.327349E+03    0.523399E+03   -0.980250E+02
    0.9250    0.317077E+03    0.515014E+03   -0.989683E+02
    0.9300    0.307410E+03    0.505148E+03   -0.988686E+02
    0.9350    0.297985E+03    0.493820E+03   -0.979174E+02
    0.9400    0.288421E+03    0.480978E+03   -0.962784E+02
    0.9450    0.278324E+03    0.466387E+03   -0.940314E+02
    0.9500    0.267374E+03    0.449659E+03   -0.911423E+02
    0.9550    0.255303E+03    0.430044E+03   -0.873705E+02
    0.9600    0.241932E+03    0.406216E+03   -0.821420E+02
    0.9650    0.227168E+03    0.375633E+03   -0.742326E+02
    0.9700    0.211054E+03    0.332726E+03   -0.608363E+02
    0.9750    0.193741E+03    0.259505E+03   -0.328819E+02
    0.9800    0.175516E+03    0.153295E+03    0.111106E+02
    0.9850    0.156874E+03    0.323904E+03   -0.835151E+02
    0.9900    0.138601E+03    0.387470E+03   -0.124435E+03
    0.9950    0.121837E+03    0.424096E+03   -0.151129E+03
    1.0000    0.107559E+03    0.448377E+03   -0.170409E+03
    1.0050    0.957740E+02    0.466052E+03   -0.185139E+03
    1.0100    0.857124E+02    0.479986E+03   -0.197137E+03
    1.0150    0.765885E+02    0.491602E+03   -0.207507E+03
    1.0200    0.677382E+02    0.501555E+03   -0.216909E+03
    1.0250    0.584450E+02    0.510115E+03   -0.225835E+03
    1.0300    0.479445E+02    0.517464E+03   -0.234760E+03
    1.0350    0.351876E+02    0.523715E+03   -0.244263E+03
    1.0400    0.186362E+02    0.528899E+03   -0.255132E+03
    1.0450   -0.383061E+01    0.533097E+03   -0.268464E+03
    1.0500   -0.355503E+02    0.536377E+03   -0.285964E+03
    1.0550   -0.824239E+02    0.538745E+03   -0.310585E+03
    1.0600   -0.155556E+03    0.540292E+03   -0.347924E+03
    1.0650   -0.276529E+03    0.541090E+03   -0.408810E+03
    1.0700   -0.271085E+03    0.541225E+03   -0.406155E+03
    1.0750    0.100389E+04    0.540825E+03    0.231534E+03
    1.0800    0.125875E+04    0.540157E+03    0.359295E+03
    1.0850    0.121690E+04    0.539307E+03    0.338799E+03
    1.0900    0.107823E+04    0.538384E+03    0.269922E+03
    1.0950    0.903945E+03    0.537504E+03    0.183221E+03
    1.1000    0.721205E+03    0.536659E+03    0.922730E+02
    1.1050    0.545020E+03    0.535505E+03    0.475740E+01
    1.1100    0.382685E+03    0.532654E+03   -0.749849E+02
    1.1150    0.124932E+03    0.532580E+03   -0.203824E+03
    1.1200   -0.116165E+03    0.545425E+03   -0.330795E+03
    1.1250   -0.262224E+03    0.556092E+03   -0.409158E+03
    1.1300   -0.367624E+03    0.566069E+03   -0.466847E+03
    1.1350   -0.446170E+03    0.575915E+03   -0.511043E+03
    1.1400   -0.504103E+03    0.585779E+03   -0.544941E+03
    1.1450   -0.545374E+03    0.595557E+03   -0.570466E+03
    1.1500   -0.573149E+03    0.605086E+03   -0.589117E+03
    1.1550   -0.590123E+03    0.614173E+03   -0.602148E+03
    1.1600   -0.598686E+03    0.622542E+03   -0.610614E+03
    1.1650   -0.600946E+03    0.630011E+03   -0.615478E+03
    1.1700   -0.598668E+03    0.636405E+03   -0.617536E+03
    1.1750   -0.593213E+03    0.641537E+03   -0.617375E+03
    1.1800   -0.585630E+03    0.645338E+03   -0.615484E+03
    1.1850   -0.576705E+03    0.647833E+03   -0.612269E+03
    1.1900   -0.567000E+03    0.649124E+03   -0.608062E+03
    1.1950   -0.556819E+03    0.649478E+03   -0.603148E+03
    1.2000   -0.546116E+03    0.649153E+03   -0.597635E+03
    1.2050   -0.534589E+03    0.648354E+03   -0.591472E+03
    1.2100   -0.521871E+03    0.647313E+03   -0.584592E+03
    1.2150   -0.507598E+03    0.646214E+03   -0.576906E+03
    1.2200   -0.491465E+03    0.645166E+03   -0.568315E+03
    1.2250   -0.473335E+03    0.644285E+03   -0.558810E+03
    1.2300   -0.453225E+03    0.643642E+03   -0.548434E+03
    1.2350   -0.431313E+03    0.643228E+03   -0.537270E+03
    1.2400   -0.407958E+03    0.643049E+03   -0.525504E+03
    1.2450   -0.383651E+03    0.643060E+03   -0.513356E+03
    1.2500   -0.358963E+03    0.643165E+03   -0.501064E+03
    1.2550   -0.334534E+03    0.643285E+03   -0.488909E+03
    1.2600   -0.310975E+03    0.643267E+03   -0.477121E+03
    1.2650   -0.288866E+03    0.643000E+03   -0.465933E+03
    1.2700   -0.268676E+03    0.642352E+03   -0.455514E+03
    1.2750   -0.250732E+03    0.641165E+03   -0.445948E+03
    1.2800   -0.235227E+03    0.639325E+03   -0.437276E+03
    1.2850   -0.222197E+03    0.636730E+03   -0.429464E+03
    1.2900   -0.211529E+03    0.633263E+03   -0.422396E+03
    1.2950   -0.203005E+03    0.628888E+03   -0.415946E+03
    1.3000   -0.196327E+03    0.623520E+03   -0.409923E+03
    1.3050   -0.191122E+03    0.617165E+03   -0.404144E+03
    1.3100   -0.187090E+03    0.609874E+03   -0.398482E+03
    1.3150   -0.183895E+03    0.601668E+03   -0.392782E+03
    1.3200   -0.181306E+03    0.592661E+03   -0.386983E+03
    1.3250   -0.179178E+03    0.582971E+03   -0.381075E+03
    1.3300   -0.177472E+03    0.572725E+03   -0.375098E+03
    1.3350   -0.176237E+03    0.562095E+03   -0.369166E+03
    1.3400   -0.175597E+03    0.551238E+03   -0.363417E+03
    1.3450   -0.175760E+03    0.540314E+03   -0.358037E+03
    1.3500   -0.176912E+03    0.529479E+03   -0.353196E+03
    1.3550   -0.179215E+03    0.518851E+03   -0.349033E+03
    1.3600   -0.182759E+03    0.508556E+03   -0.345658E+03
    1.3650   -0.187527E+03    0.498707E+03   -0.343117E+03
    1.3700   -0.193446E+03    0.489407E+03   -0.341427E+03
    1.3750   -0.200423E+03    0.480780E+03   -0.340601E+03
    1.3800   -0.208270E+03    0.472917E+03   -0.340594E+03
    1.3850   -0.216686E+03    0.465916E+03   -0.341301E+03
    1.3900   -0.225308E+03    0.459841E+03   -0.342574E+03
    1.3950   -0.233768E+03    0.454711E+03   -0.344239E+03
    1.4000   -0.241736E+03    0.450525E+03   -0.346131E+03
    1.4050   -0.248954E+03    0.447227E+03   -0.348090E+03
    1.4100   -0.255249E+03    0.444744E+03   -0.349997E+03
    1.4150   -0.260549E+03    0.442971E+03   -0.351760E+03
    1.4200   -0.264880E+03    0.441773E+03   -0.353327E+03
    1.4250   -0.268364E+03    0.441017E+03   -0.354691E+03
    1.4300   -0.271198E+03    0.440554E+03   -0.355876E+03
    1.4350   -0.273626E+03    0.440258E+03   -0.356942E+03
    1.4400   -0.275920E+03    0.440018E+03   -0.357969E+03
    1.4450   -0.278347E+03    0.439741E+03   -0.359044E+03
    1.4500   -0.281137E+03    0.439376E+03   -0.360257E+03
    1.4550   -0.284471E+03    0.438897E+03   -0.361684E+03
    1.4600   -0.288449E+03    0.438321E+03   -0.363385E+03
    1.4650   -0.293095E+03    0.437698E+03   -0.365397E+03
    1.4700   -0.298350E+03    0.437102E+03   -0.367726E+03
    1.4750   -0.304086E+03    0.436630E+03   -0.370358E+03
    1.4800   -0.310131E+03    0.436384E+03   -0.373257E+03
    1.4850   -0.316279E+03    0.436475E+03   -0.376377E+03
    1.4900   -0.322342E+03    0.436991E+03   -0.379666E+03
    1.4950   -0.328154E+03    0.438007E+03   -0.383080E+03
    1.5000   -0.333612E+03    0.439566E+03   -0.386589E+03
    1.5050   -0.338686E+03    0.441675E+03   -0.390181E+03
    1.5100   -0.343431E+03    0.444313E+03   -0.393872E+03
    1.5150   -0.347997E+03    0.447418E+03   -0.397707E+03
    1.5200   -0.352601E+03    0.450908E+03   -0.401755E+03
    1.5250   -0.357526E+03    0.454681E+03   -0.406104E+03
    1.5300   -0.363075E+03    0.458624E+03   -0.410849E+03
    1.5350   -0.369534E+03    0.462628E+03   -0.416081E+03
    1.5400   -0.377122E+03    0.466595E+03   -0.421858E+03
    1.5450   -0.385937E+03    0.470453E+03   -0.428195E+03
    1.5500   -0.395970E+03    0.474150E+03   -0.435060E+03
    1.5550   -0.407221E+03    0.477636E+03   -0.442428E+03
    1.5600   -0.419758E+03    0.480840E+03   -0.450299E+03
    1.5650   -0.433545E+03    0.483706E+03   -0.458625E+03
    1.5700   -0.448370E+03    0.486197E+03   -0.467284E+03
    1.5750   -0.463891E+03    0.488280E+03   -0.476086E+03
    1.5800   -0.479712E+03    0.489919E+03   -0.484815E+03
    1.5850   -0.495444E+03    0.491061E+03   -0.493253E+03
    1.5900   -0.510736E+03    0.491639E+03   -0.501187E+03
    1.5950   -0.525303E+03    0.491572E+03   -0.508438E+03
    1.6000   -0.538954E+03    0.490776E+03   -0.514865E+03
    1.6050   -0.551595E+03    0.489169E+03   -0.520382E+03
    1.6100   -0.563234E+03    0.486676E+03   -0.524955E+03
    1.6150   -0.573984E+03    0.483243E+03   -0.528613E+03
    1.6200   -0.584046E+03    0.478831E+03   -0.531438E+03
    1.6250   -0.593692E+03    0.473428E+03   -0.533560E+03
    1.6300   -0.603236E+03    0.467032E+03   -0.535134E+03
    1.6350   -0.613019E+03    0.459662E+03   -0.536341E+03
    1.6400   -0.623376E+03    0.451337E+03   -0.537356E+03
    1.6450   -0.634615E+03    0.442074E+03   -0.538344E+03
    1.6500   -0.647001E+03    0.431876E+03   -0.539438E+03
    1.6550   -0.660736E+03    0.420726E+03   -0.540731E+03
    1.6600   -0.675955E+03    0.408581E+03   -0.542268E+03
    1.6650   -0.692723E+03    0.395374E+03   -0.544049E+03
    1.6700   -0.711036E+03    0.381017E+03   -0.546026E+03
    1.6750   -0.730832E+03    0.365403E+03   -0.548117E+03
    1.6800   -0.751999E+03    0.348425E+03   -0.550212E+03
    1.6850   -0.774387E+03    0.329979E+03   -0.552183E+03
    1.6900   -0.797817E+03    0.309982E+03   -0.553900E+03
    1.6950   -0.822094E+03    0.288380E+03   -0.555237E+03
    1.7000   -0.847012E+03    0.265158E+03   -0.556085E+03
    1.7050   -0.872360E+03    0.240347E+03   -0.556353E+03
    1.7100   -0.897926E+03    0.214022E+03   -0.555974E+03
    1.7150   -0.923495E+03    0.186303E+03   -0.554899E+03
    1.7200   -0.948848E+03    0.157352E+03   -0.553100E+03
    1.7250   -0.973742E+03    0.127361E+03   -0.550552E+03
    1.7300   -0.997915E+03    0.965462E+02   -0.547231E+03
    1.7350   -0.102113E+04    0.651308E+02   -0.543129E+03
    1.7400   -0.104329E+04    0.333251E+02   -0.538306E+03
    1.7450   -0.106451E+04    0.131490E+01   -0.532911E+03
    1.7500   -0.108495E+04   -0.307482E+02   -0.527101E+03
    1.7550   -0.110476E+04   -0.627512E+02   -0.521003E+03
    1.7600   -0.112406E+04   -0.946108E+02   -0.514723E+03
    1.7650   -0.114302E+04   -0.126293E+03   -0.508363E+03
    1.7700   -0.116188E+04   -0.157810E+03   -0.502035E+03
    1.7750   -0.118094E+04   -0.189214E+03   -0.495863E+03
    1.7800   -0.120055E+04   -0.220581E+03   -0.489983E+03
    1.7850   -0.122107E+04   -0.252000E+03   -0.484534E+03
    1.7900   -0.124286E+04   -0.283556E+03   -0.479651E+03
    1.7950   -0.126623E+04   -0.315323E+03   -0.475456E+03
    1.8000   -0.129144E+04   -0.347353E+03   -0.472046E+03
    1.8050   -0.131863E+04   -0.379668E+03   -0.469481E+03
    1.8100   -0.134782E+04   -0.412261E+03   -0.467779E+03
    1.8150   -0.137892E+04   -0.445097E+03   -0.466910E+03
    1.8200   -0.141170E+04   -0.478115E+03   -0.466791E+03
    1.8250   -0.144582E+04   -0.511235E+03   -0.467291E+03
    1.8300   -0.148085E+04   -0.544367E+03   -0.468240E+03
    1.8350   -0.151628E+04   -0.577412E+03   -0.469436E+03
    1.8400   -0.155161E+04   -0.610272E+03   -0.470667E+03
    1.8450   -0.158630E+04   -0.642855E+03   -0.471724E+03
    1.8500   -0.161991E+04   -0.675066E+03   -0.472424E+03
    1.8550   -0.165207E+04   -0.706817E+03   -0.472626E+03
    1.8600   -0.168252E+04   -0.738020E+03   -0.472251E+03
    1.8650   -0.171116E+04   -0.768580E+03   -0.471291E+03
    1.8700   -0.173803E+04   -0.798398E+03   -0.469815E+03
    1.8750   -0.176331E+04   -0.827359E+03   -0.467975E+03
    1.8800   -0.178733E+04   -0.855347E+03   -0.465990E+03
    1.8850   -0.181049E+04   -0.882214E+03   -0.464137E+03
    1.8900   -0.183329E+04   -0.907828E+03   -0.462732E+03
    1.8950   -0.185626E+04   -0.932056E+03   -0.462100E+03
    1.9000   -0.187988E+04   -0.954776E+03   -0.462551E+03
    1.9050   -0.190460E+04   -0.975892E+03   -0.464354E+03
    1.9100   -0.193076E+04   -0.995340E+03   -0.467711E+03
    1.9150   -0.195857E+04   -0.101310E+04   -0.472735E+03
    1.9200   -0.198809E+04   -0.102922E+04   -0.479433E+03
    1.9250   -0.201919E+04   -0.104378E+04   -0.487701E+03
    1.9300   -0.205161E+04   -0.105693E+04   -0.497337E+03
    1.9350   -0.208498E+04   -0.106886E+04   -0.508058E+03
    1.9400   -0.211886E+04   -0.107979E+04   -0.519536E+03
    1.9450   -0.215278E+04   -0.108995E+04   -0.531412E+03
    1.9500   -0.218623E+04   -0.109959E+04   -0.543319E+03
    1.9550   -0.221875E+04   -0.110892E+04   -0.554916E+03
    1.9600   -0.224992E+04   -0.111810E+04   -0.565908E+03
    1.9650   -0.227940E+04   -0.112725E+04   -0.576074E+03
    1.9700   -0.230701E+04   -0.113640E+04   -0.585308E+03
    1.9750   -0.233260E+04   -0.114554E+04   -0.593528E+03
    1.9800   -0.235620E+04   -0.115459E+04   -0.600801E+03
    1.9850   -0.237801E+04   -0.116340E+04   -0.607309E+03
    1.9900   -0.239815E+04   -0.117178E+04   -0.613183E+03
    1.9950   -0.241694E+04   -0.117953E+04   -0.618707E+03
    2.0000   -0.243468E+04   -0.118641E+04   -0.624133E+03
    2.0050   -0.245161E+04   -0.119223E+04   -0.629690E+03
    2.0100   -0.246793E+04   -0.119682E+04   -0.635556E+03
    2.0150   -0.248374E+04   -0.120006E+04   -0.641843E+03
    2.0200   -0.249904E+04   -0.120188E+04   -0.648579E+03
    2.0250   -0.251371E+04   -0.120229E+04   -0.655711E+03
    2.0300   -0.252757E+04   -0.120133E+04   -0.663117E+03
    2.0350   -0.254035E+04   -0.119914E+04   -0.670609E+03
    2.0400   -0.255178E+04   -0.119585E+04   -0.677964E+03
    2.0450   -0.256155E+04   -0.119167E+04   -0.684942E+03
    2.0500   -0.256938E+04   -0.118678E+04   -0.691302E+03
    2.0550   -0.257504E+04   -0.118139E+04   -0.696824E+03
    2.0600   -0.257832E+04   -0.117568E+04   -0.701317E+03
    2.0650   -0.257909E+04   -0.116982E+04   -0.704635E+03
    2.0700   -0.257726E+04   -0.116391E+04   -0.706672E+03
    2.0750   -0.257280E+04   -0.115806E+04   -0.707367E+03
    2.0800   -0.256572E+04   -0.115231E+04   -0.706704E+03
    2.0850   -0.255609E+04   -0.114668E+04   -0.704705E+03
    2.0900   -0.254402E+04   -0.114114E+04   -0.701437E+03
    2.0950   -0.252970E+04   -0.113568E+04   -0.697009E+03
    2.1000   -0.251343E+04   -0.113024E+04   -0.691593E+03
    2.1050   -0.249564E+04   -0.112478E+04   -0.685429E+03
    2.1100   -0.247678E+04   -0.111927E+04   -0.678754E+03
    2.1150   -0.245701E+04   -0.111373E+04   -0.671643E+03
    2.1200   -0.243620E+04   -0.110823E+04   -0.663987E+03
    2.1250   -0.241424E+04   -0.110290E+04   -0.655671E+03
    2.1300   -0.239114E+04   -0.109785E+04   -0.646646E+03
    2.1350   -0.236702E+04   -0.109319E+04   -0.636916E+03
    2.1400   -0.234201E+04   -0.108898E+04   -0.626516E+03
    2.1450   -0.231624E+04   -0.108525E+04   -0.615500E+03
    2.1500   -0.228981E+04   -0.108195E+04   -0.603932E+03
    2.1550   -0.226279E+04   -0.107901E+04   -0.591891E+03
    2.1600   -0.223523E+04   -0.107629E+04   -0.579468E+03
    2.1650   -0.220718E+04   -0.107365E+04   -0.566762E+03
    2.1700   -0.217866E+04   -0.107091E+04   -0.553879E+03
    2.1750   -0.214973E+04   -0.106788E+04   -0.540924E+03
    2.1800   -0.212039E+04   -0.106440E+04   -0.527992E+03
    2.1850   -0.209068E+04   -0.106036E+04   -0.515162E+03
    2.1900   -0.206063E+04   -0.105566E+04   -0.502487E+03
    2.1950   -0.203026E+04   -0.105027E+04   -0.489991E+03
    2.2000   -0.199955E+04   -0.104423E+04   -0.477660E+03
    2.2050   -0.196849E+04   -0.103760E+04   -0.465444E+03
    2.2100   -0.193703E+04   -0.103052E+04   -0.453254E+03
    2.2150   -0.190506E+04   -0.102313E+04   -0.440967E+03
    2.2200   -0.187246E+04   -0.101560E+04   -0.428432E+03
    2.2250   -0.183905E+04   -0.100809E+04   -0.415478E+03
    2.2300   -0.180459E+04   -0.100075E+04   -0.401924E+03
    2.2350   -0.176884E+04   -0.993670E+03   -0.387587E+03
    2.2400   -0.173150E+04   -0.986912E+03   -0.372296E+03
    2.2450   -0.169228E+04   -0.980475E+03   -0.355901E+03
    2.2500   -0.165087E+04   -0.974303E+03   -0.338281E+03
    2.2550   -0.160695E+04   -0.968277E+03   -0.319335E+03
    2.2600   -0.156032E+04   -0.962260E+03   -0.299029E+03
    2.2650   -0.151081E+04   -0.956080E+03   -0.277364E+03
    2.2700   -0.145835E+04   -0.949551E+03   -0.254399E+03
    2.2750   -0.140300E+04   -0.942486E+03   -0.230256E+03
    2.2800   -0.134497E+04   -0.934691E+03   -0.205138E+03
    2.2850   -0.128467E+04   -0.925957E+03   -0.179358E+03
    2.2900   -0.122277E+04   -0.916024E+03   -0.153374E+03
    2.2950   -0.116005E+04   -0.904613E+03   -0.127716E+03
    2.3000   -0.109717E+04   -0.891655E+03   -0.102757E+03
    2.3050   -0.103430E+04   -0.877440E+03   -0.784321E+02
    2.3100   -0.971605E+03   -0.862496E+03   -0.545547E+02
    2.3150   -0.909453E+03   -0.847334E+03   -0.310595E+02
    2.3200   -0.848368E+03   -0.832362E+03   -0.800320E+01
    2.3250   -0.788837E+03   -0.817864E+03    0.145135E+02
    2.3300   -0.731206E+03   -0.804007E+03    0.364007E+02
    2.3350   -0.675628E+03   -0.790845E+03    0.576088E+02
    2.3400   -0.622051E+03   -0.778331E+03    0.781403E+02
    2.3450   -0.570228E+03   -0.766332E+03    0.980517E+02
    2.3500   -0.519749E+03   -0.754648E+03    0.117449E+03
    2.3550   -0.470078E+03   -0.743041E+03    0.136481E+03
    2.3600   -0.420607E+03   -0.731260E+03    0.155326E+03
    2.3650   -0.370707E+03   -0.719065E+03    0.174179E+03
    2.3700   -0.319784E+03   -0.706250E+03    0.193233E+03
    2.3750   -0.267331E+03   -0.692658E+03    0.212663E+03
    2.3800   -0.212965E+03   -0.678189E+03    0.232612E+03
    2.3850   -0.156461E+03   -0.662807E+03    0.253173E+03
    2.3900   -0.977605E+02   -0.646531E+03    0.274385E+03
    2.3950   -0.369785E+02   -0.629429E+03    0.296225E+03
    2.4000    0.256189E+02   -0.611605E+03    0.318612E+03
    2.4050    0.896435E+02   -0.593185E+03    0.341414E+03
    2.4100    0.154624E+03   -0.574303E+03    0.364463E+03
    2.4150    0.220058E+03   -0.555093E+03    0.387575E+03
    2.4200    0.285459E+03   -0.535679E+03    0.410569E+03
    2.4250    0.350408E+03   -0.516172E+03    0.433290E+03
    2.4300    0.414591E+03   -0.496672E+03    0.455632E+03
    2.4350    0.477830E+03   -0.477268E+03    0.477549E+03
    2.4400    0.540097E+03   -0.458043E+03    0.499070E+03
    2.4450    0.601511E+03   -0.439079E+03    0.520295E+03
    2.4500    0.662324E+03   -0.420455E+03    0.541390E+03
    2.4550    0.722881E+03   -0.402234E+03    0.562557E+03
    2.4600    0.783579E+03   -0.384432E+03    0.584006E+03
    2.4650    0.844801E+03   -0.366956E+03    0.605879E+03
    2.4700    0.906836E+03   -0.349469E+03    0.628152E+03
    2.4750    0.969789E+03   -0.331188E+03    0.650489E+03
    2.4800    0.103355E+04   -0.310776E+03    0.672161E+03
    2.4850    0.109793E+04   -0.286951E+03    0.692441E+03
    2.4900    0.116298E+04   -0.259770E+03    0.711377E+03
    2.4950    0.122879E+04   -0.230649E+03    0.729721E+03
    2.5000    0.129515E+04   -0.201177E+03    0.748162E+03
    2.5050    0.136150E+04   -0.172496E+03    0.766998E+03
    2.5100    0.142714E+04   -0.145304E+03    0.786221E+03
    2.5150    0.149130E+04   -0.119983E+03    0.805642E+03
    2.5200    0.155328E+04   -0.966891E+02    0.824984E+03
    2.5250    0.161247E+04   -0.754172E+02    0.843942E+03
    2.5300    0.166840E+04   -0.560414E+02    0.862220E+03
    2.5350    0.172077E+04   -0.383566E+02    0.879566E+03
    2.5400    0.176946E+04   -0.221059E+02    0.895782E+03
    2.5450    0.181449E+04   -0.700577E+01    0.910747E+03
    2.5500    0.185605E+04    0.723418E+01    0.924409E+03
    2.5550    0.189448E+04    0.208971E+02    0.936794E+03
    2.5600    0.193022E+04    0.342520E+02    0.947986E+03
    2.5650    0.196379E+04    0.475531E+02    0.958120E+03
    2.5700    0.199576E+04    0.610287E+02    0.967365E+03
    2.5750    0.202671E+04    0.748739E+02    0.975916E+03
    2.5800    0.205721E+04    0.892413E+02    0.983983E+03
    2.5850    0.208779E+04    0.104222E+03    0.991784E+03
    2.5900    0.211893E+04    0.119838E+03    0.999547E+03
    2.5950    0.215103E+04    0.136049E+03    0.100749E+04
    2.6000    0.218440E+04    0.152762E+03    0.101582E+04
    2.6050    0.221927E+04    0.169864E+03    0.102470E+04
    2.6100    0.225578E+04    0.187268E+03    0.103426E+04
    2.6150    0.229398E+04    0.204954E+03    0.104452E+04
    2.6200    0.233384E+04    0.223012E+03    0.105542E+04
    2.6250    0.237524E+04    0.241652E+03    0.106680E+04
    2.6300    0.241798E+04    0.261200E+03    0.107839E+04
    2.6350    0.246178E+04    0.282060E+03    0.108986E+04
    2.6400    0.250630E+04    0.304660E+03    0.110082E+04
    2.6450    0.255116E+04    0.329385E+03    0.111089E+04
    2.6500    0.259588E+04    0.356518E+03    0.111968E+04
    2.6550    0.263999E+04    0.386210E+03    0.112689E+04
    2.6600    0.268290E+04    0.418463E+03    0.113222E+04
    2.6650    0.272402E+04    0.453101E+03    0.113546E+04
    2.6700    0.276279E+04    0.489651E+03    0.113657E+04
    2.6750    0.279898E+04    0.527253E+03    0.113587E+04
    2.6800    0.283274E+04    0.564962E+03    0.113389E+04
    2.6850    0.286427E+04    0.602188E+03    0.113104E+04
    2.6900    0.289375E+04    0.638753E+03    0.112750E+04
    2.6950    0.292138E+04    0.674759E+03    0.112331E+04
    2.7000    0.294749E+04    0.710467E+03    0.111851E+04
    2.7050    0.297253E+04    0.746218E+03    0.111315E+04
    2.7100    0.299704E+04    0.782385E+03    0.110733E+04
    2.7150    0.302166E+04    0.819324E+03    0.110117E+04
    2.7200    0.304699E+04    0.857337E+03    0.109482E+04
    2.7250    0.307357E+04    0.896630E+03    0.108847E+04
    2.7300    0.310185E+04    0.937283E+03    0.108228E+04
    2.7350    0.313207E+04    0.979232E+03    0.107642E+04
    2.7400    0.316430E+04    0.102225E+04    0.107102E+04
    2.7450    0.319839E+04    0.106597E+04    0.106621E+04
    2.7500    0.323401E+04    0.110989E+04    0.106206E+04
    2.7550    0.327065E+04    0.115341E+04    0.105862E+04
    2.7600    0.330769E+04    0.119588E+04    0.105591E+04
    2.7650    0.334446E+04    0.123666E+04    0.105390E+04
    2.7700    0.338027E+04    0.127515E+04    0.105256E+04
    2.7750    0.341452E+04    0.131082E+04    0.105185E+04
    2.7800    0.344675E+04    0.134326E+04    0.105174E+04
    2.7850    0.347665E+04    0.137218E+04    0.105223E+04
    2.7900    0.350412E+04    0.139744E+04    0.105334E+04
    2.7950    0.352930E+04    0.141901E+04    0.105514E+04
    2.8000    0.355248E+04    0.143697E+04    0.105775E+04
    2.8050    0.357414E+04    0.145147E+04    0.106134E+04
    2.8100    0.359485E+04    0.146272E+04    0.106606E+04
    2.8150    0.361520E+04    0.147096E+04    0.107212E+04
    2.8200    0.363578E+04    0.147641E+04    0.107969E+04
    2.8250    0.365704E+04    0.147928E+04    0.108888E+04
    2.8300    0.367928E+04    0.147973E+04    0.109978E+04
    2.8350    0.370257E+04    0.147785E+04    0.111236E+04
    2.8400    0.372675E+04    0.147367E+04    0.112654E+04
    2.8450    0.375139E+04    0.146710E+04    0.114215E+04
    2.8500    0.377585E+04    0.145792E+04    0.115896E+04
    2.8550    0.379923E+04    0.144580E+04    0.117671E+04
    2.8600    0.382065E+04    0.143063E+04    0.119501E+04
    2.8650    0.383934E+04    0.141278E+04    0.121328E+04
    2.8700    0.385462E+04    0.139295E+04    0.123083E+04
    2.8750    0.386584E+04    0.137173E+04    0.124705E+04
    2.8800    0.387243E+04    0.134954E+04    0.126145E+04
    2.8850    0.387401E+04    0.132665E+04    0.127368E+04
    2.8900    0.387046E+04    0.130326E+04    0.128360E+04
    2.8950    0.386186E+04    0.127945E+04    0.129120E+04
    2.9000    0.384849E+04    0.125525E+04    0.129662E+04
    2.9050    0.383078E+04    0.123057E+04    0.130010E+04
    2.9100    0.380922E+04    0.120528E+04    0.130197E+04
    2.9150    0.378432E+04    0.117915E+04    0.130258E+04
    2.9200    0.375650E+04    0.115188E+04    0.130231E+04
    2.9250    0.372610E+04    0.112316E+04    0.130147E+04
    2.9300    0.369333E+04    0.109263E+04    0.130035E+04
    2.9350    0.365824E+04    0.106000E+04    0.129912E+04
    2.9400    0.362076E+04    0.102499E+04    0.129789E+04
    2.9450    0.358074E+04    0.987442E+03    0.129665E+04
    2.9500    0.353796E+04    0.947288E+03    0.129533E+04
    2.9550    0.349224E+04    0.904597E+03    0.129382E+04
    2.9600    0.344347E+04    0.859573E+03    0.129195E+04
    2.9650    0.339168E+04    0.812555E+03    0.128956E+04
    2.9700    0.333710E+04    0.764023E+03    0.128654E+04
    2.9750    0.328016E+04    0.714577E+03    0.128279E+04
    2.9800    0.322161E+04    0.664960E+03    0.127832E+04
    2.9850    0.316233E+04    0.616013E+03    0.127316E+04
    2.9900    0.310338E+04    0.568690E+03    0.126734E+04
    2.9950    0.304617E+04    0.524212E+03    0.126098E+04
    3.0000    0.299278E+04    0.484285E+03    0.125425E+04
    3.0050    0.294527E+04    0.451039E+03    0.124711E+04
    3.0100    0.290547E+04    0.427237E+03    0.123911E+04
    3.0150    0.287541E+04    0.416918E+03    0.122924E+04
    3.0200    0.285641E+04    0.425956E+03    0.121523E+04
    3.0250    0.284741E+04    0.463031E+03    0.119219E+04
    3.0300    0.284120E+04    0.541182E+03    0.115001E+04
    3.0350    0.281675E+04    0.680488E+03    0.106813E+04
    3.0400    0.272616E+04    0.914077E+03    0.906040E+03
    3.0450    0.247604E+04    0.130841E+04    0.583812E+03
    3.0500    0.189260E+04    0.206288E+04   -0.851430E+02
    3.0550    0.371190E+03    0.307483E+04   -0.135182E+04
    3.0600   -0.275587E+04    0.210345E+04   -0.242966E+04
    3.0650   -0.270461E+04    0.162506E+04   -0.216484E+04
    3.0700   -0.206325E+04    0.132563E+04   -0.169444E+04
    3.0750   -0.145746E+04    0.106644E+04   -0.126195E+04
    3.0800   -0.947425E+03    0.821998E+03   -0.884711E+03
    3.0850   -0.526005E+03    0.605905E+03   -0.565955E+03
    3.0900   -0.178807E+03    0.436070E+03   -0.307438E+03
    3.0950    0.106566E+03    0.323138E+03   -0.108286E+03
    3.1000    0.339825E+03    0.268540E+03    0.356422E+02
    3.1050    0.528563E+03    0.267213E+03    0.130675E+03
    3.1100    0.678795E+03    0.310371E+03    0.184212E+03
    3.1150    0.795360E+03    0.387346E+03    0.204007E+03
    3.1200    0.882087E+03    0.487314E+03    0.197386E+03
    3.1250    0.942055E+03    0.599271E+03    0.171392E+03
    3.1300    0.977756E+03    0.712858E+03    0.132449E+03
    3.1350    0.991180E+03    0.818659E+03    0.862607E+02
    3.1400    0.983999E+03    0.908309E+03    0.378449E+02
    3.1450    0.957626E+03    0.974688E+03   -0.853058E+01
    3.1500    0.913589E+03    0.101199E+04   -0.492008E+02
    3.1550    0.853133E+03    0.101579E+04   -0.813293E+02
    3.1600    0.777799E+03    0.983072E+03   -0.102637E+03
    3.1650    0.689196E+03    0.912203E+03   -0.111504E+03
    3.1700    0.589083E+03    0.802879E+03   -0.106898E+03
    3.1750    0.479325E+03    0.656050E+03   -0.883625E+02
    3.1800    0.361865E+03    0.473804E+03   -0.559695E+02
    3.1850    0.238652E+03    0.259330E+03   -0.103389E+02
    3.1900    0.111597E+03    0.163795E+02    0.476089E+02
    3.1950   -0.175346E+02   -0.250284E+03    0.116375E+03
    3.2000   -0.147173E+03   -0.535452E+03    0.194140E+03
    3.2050   -0.275979E+03   -0.833549E+03    0.278785E+03
    3.2100   -0.402905E+03   -0.113877E+04    0.367934E+03
    3.2150   -0.527185E+03   -0.144525E+04    0.459034E+03
    3.2200   -0.648349E+03   -0.174717E+04    0.549410E+03
    3.2250   -0.766183E+03   -0.203888E+04    0.636349E+03
    3.2300   -0.880681E+03   -0.231514E+04    0.717229E+03
    3.2350   -0.991913E+03   -0.257151E+04    0.789798E+03
    3.2400   -0.109993E+04   -0.280463E+04    0.852347E+03
    3.2450   -0.120481E+04   -0.301199E+04    0.903590E+03
    3.2500   -0.130662E+04   -0.319178E+04    0.942580E+03
    3.2550   -0.140539E+04   -0.334281E+04    0.968713E+03
    3.2600   -0.150106E+04   -0.346467E+04    0.981806E+03
    3.2650   -0.159348E+04   -0.355770E+04    0.982110E+03
    3.2700   -0.168238E+04   -0.362302E+04    0.970319E+03
    3.2750   -0.176741E+04   -0.366247E+04    0.947530E+03
    3.2800   -0.184818E+04   -0.367854E+04    0.915179E+03
    3.2850   -0.192430E+04   -0.367429E+04    0.874997E+03
    3.2900   -0.199537E+04   -0.365319E+04    0.828907E+03
    3.2950   -0.206108E+04   -0.361900E+04    0.778964E+03
    3.3000   -0.212115E+04   -0.357567E+04    0.727259E+03
    3.3050   -0.217540E+04   -0.352710E+04    0.675851E+03
    3.3100   -0.222371E+04   -0.347710E+04    0.626692E+03
    3.3150   -0.226605E+04   -0.342917E+04    0.581563E+03
    3.3200   -0.230239E+04   -0.338647E+04    0.542036E+03
    3.3250   -0.233279E+04   -0.335163E+04    0.509418E+03
    3.3300   -0.235733E+04   -0.332671E+04    0.484694E+03
    3.3350   -0.237598E+04   -0.331337E+04    0.468695E+03
    3.3400   -0.238887E+04   -0.331243E+04    0.461780E+03
    3.3450   -0.239605E+04   -0.332419E+04    0.464069E+03
    3.3500   -0.239761E+04   -0.334836E+04    0.475378E+03
    3.3550   -0.239365E+04   -0.338416E+04    0.495251E+03
    3.3600   -0.238434E+04   -0.343031E+04    0.522985E+03
    3.3650   -0.236989E+04   -0.348519E+04    0.557650E+03
    3.3700   -0.235057E+04   -0.354688E+04    0.598154E+03
    3.3750   -0.232674E+04   -0.361327E+04    0.643263E+03
    3.3800   -0.229880E+04   -0.368215E+04    0.691674E+03
    3.3850   -0.226718E+04   -0.375138E+04    0.742099E+03
    3.3900   -0.223239E+04   -0.381860E+04    0.793105E+03
    3.3950   -0.219485E+04   -0.388188E+04    0.843516E+03
    3.4000   -0.215496E+04   -0.393935E+04    0.892191E+03
    3.4050   -0.211306E+04   -0.398930E+04    0.938120E+03
    3.4100   -0.206935E+04   -0.403020E+04    0.980421E+03
    3.4150   -0.202398E+04   -0.406068E+04    0.101835E+04
    3.4200   -0.197687E+04   -0.407982E+04    0.105147E+04
    3.4250   -0.192780E+04   -0.408734E+04    0.107977E+04
    3.4300   -0.187635E+04   -0.408360E+04    0.110363E+04
    3.4350   -0.182213E+04   -0.406919E+04    0.112353E+04
    3.4400   -0.176474E+04   -0.404475E+04    0.114000E+04
    3.4450   -0.170388E+04   -0.401099E+04    0.115355E+04
    3.4500   -0.163933E+04   -0.396866E+04    0.116467E+04
    3.4550   -0.157100E+04   -0.391857E+04    0.117378E+04
    3.4600   -0.149902E+04   -0.386158E+04    0.118128E+04
    3.4650   -0.142371E+04   -0.379857E+04    0.118743E+04
    3.4700   -0.134560E+04   -0.373035E+04    0.119237E+04
    3.4750   -0.126538E+04   -0.365797E+04    0.119629E+04
    3.4800   -0.118394E+04   -0.358221E+04    0.119914E+04
    3.4850   -0.110223E+04   -0.350393E+04    0.120085E+04
    3.4900   -0.102124E+04   -0.342392E+04    0.120134E+04
    3.4950   -0.941896E+03   -0.334294E+04    0.120052E+04
    3.5000   -0.864970E+03   -0.326167E+04    0.119835E+04
    3.5050   -0.791071E+03   -0.318071E+04    0.119482E+04
    3.5100   -0.720554E+03   -0.310053E+04    0.118999E+04
    3.5150   -0.653518E+03   -0.302148E+04    0.118398E+04
    3.5200   -0.589806E+03   -0.294377E+04    0.117698E+04
    3.5250   -0.529029E+03   -0.286748E+04    0.116922E+04
    3.5300   -0.470627E+03   -0.279252E+04    0.116095E+04
    3.5350   -0.413939E+03   -0.271870E+04    0.115238E+04
    3.5400   -0.358274E+03   -0.264574E+04    0.114373E+04
    3.5450   -0.303006E+03   -0.257323E+04    0.113511E+04
    3.5500   -0.247660E+03   -0.250076E+04    0.112655E+04
    3.5550   -0.191933E+03   -0.242800E+04    0.111804E+04
    3.5600   -0.135829E+03   -0.235425E+04    0.110921E+04
    3.5650   -0.795649E+02   -0.227919E+04    0.109981E+04
    3.5700   -0.236416E+02   -0.220248E+04    0.108942E+04
    3.5750    0.312129E+02   -0.212382E+04    0.107752E+04
    3.5800    0.841088E+02   -0.204303E+04    0.106357E+04
    3.5850    0.134059E+03   -0.195994E+04    0.104700E+04
    3.5900    0.180053E+03   -0.187445E+04    0.102725E+04
    3.5950    0.221155E+03   -0.178645E+04    0.100380E+04
    3.6000    0.256564E+03   -0.169575E+04    0.976159E+03
    3.6050    0.285712E+03   -0.160230E+04    0.944006E+03
    3.6100    0.308386E+03   -0.150649E+04    0.907438E+03
    3.6150    0.324774E+03   -0.140917E+04    0.866972E+03
    3.6200    0.335433E+03   -0.131157E+04    0.823503E+03
    3.6250    0.341348E+03   -0.121441E+04    0.777877E+03
    3.6300    0.344112E+03   -0.111821E+04    0.731162E+03
    3.6350    0.346380E+03   -0.102331E+04    0.684846E+03
    3.6400    0.353301E+03   -0.929770E+03    0.641535E+03
    3.6450    0.377611E+03   -0.837078E+03    0.607345E+03
    3.6500    0.467762E+03   -0.741507E+03    0.604635E+03
    3.6550    0.791021E+03   -0.607605E+03    0.699313E+03
    3.6600    0.628321E+03   -0.489005E+03    0.558663E+03
    3.6650    0.372830E+03   -0.402293E+03    0.387561E+03
    3.6700    0.162382E+03   -0.322740E+03    0.242561E+03
    3.6750   -0.112588E+02   -0.246163E+03    0.117452E+03
    3.6800   -0.157594E+03   -0.171062E+03    0.673438E+01
    3.6850   -0.283607E+03   -0.966204E+02   -0.934932E+02
    3.6900   -0.394403E+03   -0.222810E+02   -0.186061E+03
    3.6950   -0.493790E+03    0.523582E+02   -0.273074E+03
    3.7000   -0.584642E+03    0.127606E+03   -0.356124E+03
    3.7050   -0.669113E+03    0.203698E+03   -0.436406E+03
    3.7100   -0.748781E+03    0.280794E+03   -0.514787E+03
    3.7150   -0.824769E+03    0.358989E+03   -0.591879E+03
    3.7200   -0.897835E+03    0.438312E+03   -0.668074E+03
    3.7250   -0.968454E+03    0.518711E+03   -0.743582E+03
    3.7300   -0.103690E+04    0.600066E+03   -0.818484E+03
    3.7350   -0.110334E+04    0.682189E+03   -0.892765E+03
    3.7400   -0.116787E+04    0.764819E+03   -0.966342E+03
    3.7450   -0.123058E+04    0.847609E+03   -0.103909E+04
    3.7500   -0.129164E+04    0.930295E+03   -0.111097E+04
    3.7550   -0.135129E+04    0.101254E+04   -0.118192E+04
    3.7600   -0.140987E+04    0.109395E+04   -0.125191E+04
    3.7650   -0.146781E+04    0.117419E+04   -0.132100E+04
    3.7700   -0.152562E+04    0.125294E+04   -0.138928E+04
    3.7750   -0.158391E+04    0.133004E+04   -0.145698E+04
    3.7800   -0.164324E+04    0.140534E+04   -0.152429E+04
    3.7850   -0.170419E+04    0.147876E+04   -0.159147E+04
    3.7900   -0.176724E+04    0.155034E+04   -0.165879E+04
    3.7950   -0.183279E+04    0.162012E+04   -0.172645E+04
    3.8000   -0.190103E+04    0.168805E+04   -0.179454E+04
    3.8050   -0.197201E+04    0.175418E+04   -0.186309E+04
    3.8100   -0.204561E+04    0.181863E+04   -0.193212E+04
    3.8150   -0.212154E+04    0.188162E+04   -0.200158E+04
    3.8200   -0.219936E+04    0.194343E+04   -0.207139E+04
    3.8250   -0.227849E+04    0.200437E+04   -0.214143E+04
    3.8300   -0.235824E+04    0.206480E+04   -0.221152E+04
    3.8350   -0.243790E+04    0.212509E+04   -0.228150E+04
    3.8400   -0.251677E+04    0.218558E+04   -0.235117E+04
    3.8450   -0.259418E+04    0.224662E+04   -0.242040E+04
    3.8500   -0.266957E+04    0.230852E+04   -0.248904E+04
    3.8550   -0.274259E+04    0.237155E+04   -0.255707E+04
    3.8600   -0.281295E+04    0.243596E+04   -0.262445E+04
    3.8650   -0.288058E+04    0.250190E+04   -0.269124E+04
    3.8700   -0.294554E+04    0.256951E+04   -0.275753E+04
    3.8750   -0.300805E+04    0.263884E+04   -0.282345E+04
    3.8800   -0.306840E+04    0.270990E+04   -0.288915E+04
    3.8850   -0.312698E+04    0.278264E+04   -0.295481E+04
    3.8900   -0.318417E+04    0.285697E+04   -0.302057E+04
    3.8950   -0.324035E+04    0.293275E+04   -0.308655E+04
    3.9000   -0.329581E+04    0.300983E+04   -0.315282E+04
    3.9050   -0.335075E+04    0.308804E+04   -0.321940E+04
    3.9100   -0.340521E+04    0.316721E+04   -0.328621E+04
    3.9150   -0.345907E+04    0.324717E+04   -0.335312E+04
    3.9200   -0.351197E+04    0.332779E+04   -0.341988E+04
    3.9250   -0.356332E+04    0.340893E+04   -0.348613E+04
    3.9300   -0.361224E+04    0.349052E+04   -0.355138E+04
    3.9350   -0.365766E+04    0.357250E+04   -0.361508E+04
    3.9400   -0.369866E+04    0.365485E+04   -0.367676E+04
    3.9450   -0.373531E+04    0.373757E+04   -0.373644E+04
    3.9500   -0.376920E+04    0.382068E+04   -0.379494E+04
    3.9550   -0.380264E+04    0.390424E+04   -0.385344E+04
    3.9600   -0.383736E+04    0.398828E+04   -0.391282E+04
    3.9650   -0.387407E+04    0.407287E+04   -0.397347E+04
    3.9700   -0.391291E+04    0.415802E+04   -0.403547E+04
    3.9750   -0.395380E+04    0.424377E+04   -0.409878E+04
    3.9800   -0.399676E+04    0.433010E+04   -0.416343E+04
    3.9850   -0.404189E+04    0.441699E+04   -0.422944E+04
    3.9900   -0.408939E+04    0.450440E+04   -0.429689E+04
    3.9950   -0.413941E+04    0.459226E+04   -0.436584E+04
    4.0000   -0.419206E+04    0.468049E+04   -0.443627E+04
    4.0050   -0.424736E+04    0.476895E+04   -0.450815E+04
    4.0100   -0.430516E+04    0.485750E+04   -0.458133E+04
    4.0150   -0.436519E+04    0.494599E+04   -0.465559E+04
    4.0200   -0.442702E+04    0.503423E+04   -0.473063E+04
    4.0250   -0.449011E+04    0.512204E+04   -0.480608E+04
    4.0300   -0.455382E+04    0.520923E+04   -0.488152E+04
    4.0350   -0.461750E+04    0.529558E+04   -0.495654E+04
    4.0400   -0.468052E+04    0.538090E+04   -0.503071E+04
    4.0450   -0.474235E+04    0.546495E+04   -0.510365E+04
    4.0500   -0.480255E+04    0.554754E+04   -0.517504E+04
    4.0550   -0.486086E+04    0.562846E+04   -0.524466E+04
    4.0600   -0.491723E+04    0.570753E+04   -0.531238E+04
    4.0650   -0.497162E+04    0.578459E+04   -0.537811E+04
    4.0700   -0.502426E+04    0.585952E+04   -0.544189E+04
    4.0750   -0.507545E+04    0.593222E+04   -0.550384E+04
    4.0800   -0.512550E+04    0.600263E+04   -0.556407E+04
    4.0850   -0.517470E+04    0.607073E+04   -0.562272E+04
    4.0900   -0.522324E+04    0.613655E+04   -0.567989E+04
    4.0950   -0.527119E+04    0.620013E+04   -0.573566E+04
    4.1000   -0.531846E+04    0.626156E+04   -0.579001E+04
    4.1050   -0.536471E+04    0.632092E+04   -0.584281E+04
    4.1100   -0.540941E+04    0.637830E+04   -0.589386E+04
    4.1150   -0.545185E+04    0.643380E+04   -0.594282E+04
    4.1200   -0.549114E+04    0.648746E+04   -0.598930E+04
    4.1250   -0.552636E+04    0.653934E+04   -0.603285E+04
    4.1300   -0.555659E+04    0.658942E+04   -0.607301E+04
    4.1350   -0.558106E+04    0.663767E+04   -0.610936E+04
    4.1400   -0.559926E+04    0.668401E+04   -0.614164E+04
    4.1450   -0.561110E+04    0.672831E+04   -0.616971E+04
    4.1500   -0.561696E+04    0.677043E+04   -0.619370E+04
    4.1550   -0.561771E+04    0.681019E+04   -0.621395E+04
    4.1600   -0.561464E+04    0.684738E+04   -0.623101E+04
    4.1650   -0.560930E+04    0.688182E+04   -0.624556E+04
    4.1700   -0.560334E+04    0.691330E+04   -0.625832E+04
    4.1750   -0.559858E+04    0.694164E+04   -0.627011E+04
    4.1800   -0.559701E+04    0.696670E+04   -0.628186E+04
    4.1850   -0.560042E+04    0.698836E+04   -0.629439E+04
    4.1900   -0.561016E+04    0.700653E+04   -0.630835E+04
    4.1950   -0.562693E+04    0.702118E+04   -0.632405E+04
    4.2000   -0.565091E+04    0.703231E+04   -0.634161E+04
    4.2050   -0.568131E+04    0.703997E+04   -0.636064E+04
    4.2100   -0.571736E+04    0.704425E+04   -0.638080E+04
    4.2150   -0.575794E+04    0.704522E+04   -0.640158E+04
    4.2200   -0.580182E+04    0.704301E+04   -0.642242E+04
    4.2250   -0.584788E+04    0.703773E+04   -0.644281E+04
    4.2300   -0.589523E+04    0.702948E+04   -0.646235E+04
    4.2350   -0.594325E+04    0.701836E+04   -0.648080E+04
    4.2400   -0.599172E+04    0.700444E+04   -0.649808E+04
    4.2450   -0.604077E+04    0.698780E+04   -0.651429E+04
    4.2500   -0.609085E+04    0.696847E+04   -0.652966E+04
    4.2550   -0.614267E+04    0.694652E+04   -0.654459E+04
    4.2600   -0.619708E+04    0.692197E+04   -0.655952E+04
    4.2650   -0.625496E+04    0.689486E+04   -0.657491E+04
    4.2700   -0.631701E+04    0.686523E+04   -0.659112E+04
    4.2750   -0.638410E+04    0.683313E+04   -0.660861E+04
    4.2800   -0.645638E+04    0.679860E+04   -0.662749E+04
    4.2850   -0.653380E+04    0.676171E+04   -0.664776E+04
    4.2900   -0.661594E+04    0.672251E+04   -0.666922E+04
    4.2950   -0.670201E+04    0.668105E+04   -0.669153E+04
    4.3000   -0.679096E+04    0.663741E+04   -0.671418E+04
    4.3050   -0.688152E+04    0.659163E+04   -0.673658E+04
    4.3100   -0.697207E+04    0.654378E+04   -0.675793E+04
    4.3150   -0.706136E+04    0.649391E+04   -0.677764E+04
    4.3200   -0.714813E+04    0.644209E+04   -0.679511E+04
    4.3250   -0.723135E+04    0.638839E+04   -0.680987E+04
    4.3300   -0.731028E+04    0.633288E+04   -0.682158E+04
    4.3350   -0.738453E+04    0.627566E+04   -0.683010E+04
    4.3400   -0.745400E+04    0.621683E+04   -0.683542E+04
    4.3450   -0.751885E+04    0.615651E+04   -0.683768E+04
    4.3500   -0.757944E+04    0.609481E+04   -0.683712E+04
    4.3550   -0.763637E+04    0.603186E+04   -0.683411E+04
    4.3600   -0.769073E+04    0.596777E+04   -0.682925E+04
    4.3650   -0.774400E+04    0.590265E+04   -0.682332E+04
    4.3700   -0.779753E+04    0.583659E+04   -0.681706E+04
    4.3750   -0.785225E+04    0.576968E+04   -0.681096E+04
    4.3800   -0.790839E+04    0.570197E+04   -0.680518E+04
    4.3850   -0.796620E+04    0.563353E+04   -0.679987E+04
    4.3900   -0.802504E+04    0.556441E+04   -0.679473E+04
    4.3950   -0.808413E+04    0.549466E+04   -0.678939E+04
    4.4000   -0.814255E+04    0.542431E+04   -0.678343E+04
    4.4050   -0.819948E+04    0.535344E+04   -0.677646E+04
    4.4100   -0.825360E+04    0.528209E+04   -0.676784E+04
    4.4150   -0.830432E+04    0.521035E+04   -0.675733E+04
    4.4200   -0.835108E+04    0.513833E+04   -0.674470E+04
    4.4250   -0.839363E+04    0.506613E+04   -0.672988E+04
    4.4300   -0.843197E+04    0.499389E+04   -0.671293E+04
    4.4350   -0.846641E+04    0.492177E+04   -0.669409E+04
    4.4400   -0.849747E+04    0.484992E+04   -0.667370E+04
    4.4450   -0.852583E+04    0.477852E+04   -0.665218E+04
    4.4500   -0.855224E+04    0.470773E+04   -0.662998E+04
    4.4550   -0.857749E+04    0.463770E+04   -0.660760E+04
    4.4600   -0.860192E+04    0.456856E+04   -0.658524E+04
    4.4650   -0.862608E+04    0.450041E+04   -0.656324E+04
    4.4700   -0.865014E+04    0.443333E+04   -0.654173E+04
    4.4750   -0.867401E+04    0.436735E+04   -0.652068E+04
    4.4800   -0.869739E+04    0.430250E+04   -0.649994E+04
    4.4850   -0.871978E+04    0.423874E+04   -0.647926E+04
    4.4900   -0.874056E+04    0.417604E+04   -0.645830E+04
    4.4950   -0.875909E+04    0.411434E+04   -0.643671E+04
    4.5000   -0.877477E+04    0.405357E+04   -0.641417E+04
    4.5050   -0.878713E+04    0.399367E+04   -0.639040E+04
    4.5100   -0.879589E+04    0.393459E+04   -0.636524E+04
    4.5150   -0.880097E+04    0.387630E+04   -0.633864E+04
    4.5200   -0.880251E+04    0.381880E+04   -0.631066E+04
    4.5250   -0.880083E+04    0.376211E+04   -0.628147E+04
    4.5300   -0.879635E+04    0.370627E+04   -0.625131E+04
    4.5350   -0.878952E+04    0.365135E+04   -0.622044E+04
    4.5400   -0.878081E+04    0.359743E+04   -0.618912E+04
    4.5450   -0.877082E+04    0.354459E+04   -0.615770E+04
    4.5500   -0.876039E+04    0.349289E+04   -0.612664E+04
    4.5550   -0.875033E+04    0.344239E+04   -0.609636E+04
    4.5600   -0.874109E+04    0.339311E+04   -0.606710E+04
    4.5650   -0.873263E+04    0.334505E+04   -0.603884E+04
    4.5700   -0.872449E+04    0.329818E+04   -0.601134E+04
    4.5750   -0.871591E+04    0.325245E+04   -0.598418E+04
    4.5800   -0.870600E+04    0.320779E+04   -0.595689E+04
    4.5850   -0.869370E+04    0.316412E+04   -0.592891E+04
    4.5900   -0.867847E+04    0.312130E+04   -0.589988E+04
    4.5950   -0.865931E+04    0.307927E+04   -0.586929E+04
    4.6000   -0.863590E+04    0.303796E+04   -0.583693E+04
    4.6050   -0.860812E+04    0.299730E+04   -0.580271E+04
    4.6100   -0.857614E+04    0.295727E+04   -0.576670E+04
    4.6150   -0.854041E+04    0.291786E+04   -0.572914E+04
    4.6200   -0.850160E+04    0.287913E+04   -0.569036E+04
    4.6250   -0.846051E+04    0.284112E+04   -0.565081E+04
    4.6300   -0.841798E+04    0.280391E+04   -0.561095E+04
    4.6350   -0.837479E+04    0.276760E+04   -0.557120E+04
    4.6400   -0.833158E+04    0.273225E+04   -0.553191E+04
    4.6450   -0.828873E+04    0.269793E+04   -0.549333E+04
    4.6500   -0.824637E+04    0.266465E+04   -0.545551E+04
    4.6550   -0.820433E+04    0.263242E+04   -0.541837E+04
    4.6600   -0.816215E+04    0.260116E+04   -0.538166E+04
    4.6650   -0.811916E+04    0.257078E+04   -0.534497E+04
    4.6700   -0.807450E+04    0.254113E+04   -0.530782E+04
    4.6750   -0.802725E+04    0.251204E+04   -0.526964E+04
    4.6800   -0.797651E+04    0.248328E+04   -0.522990E+04
    4.6850   -0.792150E+04    0.245466E+04   -0.518808E+04
    4.6900   -0.786159E+04    0.242596E+04   -0.514377E+04
    4.6950   -0.779641E+04    0.239697E+04   -0.509669E+04
    4.7000   -0.772586E+04    0.236754E+04   -0.504670E+04
    4.7050   -0.765007E+04    0.233752E+04   -0.499380E+04
    4.7100   -0.756942E+04    0.230681E+04   -0.493812E+04
    4.7150   -0.748438E+04    0.227538E+04   -0.487988E+04
    4.7200   -0.739570E+04    0.224320E+04   -0.481945E+04
    4.7250   -0.730398E+04    0.221030E+04   -0.475714E+04
    4.7300   -0.720981E+04    0.217674E+04   -0.469327E+04
    4.7350   -0.711385E+04    0.214258E+04   -0.462822E+04
    4.7400   -0.701694E+04    0.210791E+04   -0.456242E+04
    4.7450   -0.691949E+04    0.207280E+04   -0.449615E+04
    4.7500   -0.682176E+04    0.203734E+04   -0.442955E+04
    4.7550   -0.672370E+04    0.200164E+04   -0.436267E+04
    4.7600   -0.662512E+04    0.196580E+04   -0.429546E+04
    4.7650   -0.652567E+04    0.192991E+04   -0.422779E+04
    4.7700   -0.642499E+04    0.189409E+04   -0.415954E+04
    4.7750   -0.632275E+04    0.185844E+04   -0.409059E+04
    4.7800   -0.621876E+04    0.182302E+04   -0.402089E+04
    4.7850   -0.611297E+04    0.178793E+04   -0.395045E+04
    4.7900   -0.600554E+04    0.175320E+04   -0.387937E+04
    4.7950   -0.589677E+04    0.171888E+04   -0.380783E+04
    4.8000   -0.578718E+04    0.168500E+04   -0.373609E+04
    4.8050   -0.567736E+04    0.165156E+04   -0.366446E+04
    4.8100   -0.556798E+04    0.161855E+04   -0.359326E+04
    4.8150   -0.545971E+04    0.158595E+04   -0.352283E+04
    4.8200   -0.535316E+04    0.155373E+04   -0.345345E+04
    4.8250   -0.524880E+04    0.152187E+04   -0.338534E+04
    4.8300   -0.514696E+04    0.149033E+04   -0.331865E+04
    4.8350   -0.504777E+04    0.145909E+04   -0.325343E+04
    4.8400   -0.495120E+04    0.142812E+04   -0.318966E+04
    4.8450   -0.485702E+04    0.139742E+04   -0.312722E+04
    4.8500   -0.476491E+04    0.136701E+04   -0.306596E+04
    4.8550   -0.467442E+04    0.133693E+04   -0.300568E+04
    4.8600   -0.458511E+04    0.130724E+04   -0.294618E+04
    4.8650   -0.449656E+04    0.127803E+04   -0.288730E+04
    4.8700   -0.440840E+04    0.124941E+04   -0.282891E+04
    4.8750   -0.432041E+04    0.122153E+04   -0.277097E+04
    4.8800   -0.423245E+04    0.119452E+04   -0.271349E+04
    4.8850   -0.414458E+04    0.116858E+04   -0.265658E+04
    4.8900   -0.405694E+04    0.114386E+04   -0.260040E+04
    4.8950   -0.396979E+04    0.112054E+04   -0.254516E+04
    4.9000   -0.388346E+04    0.109878E+04   -0.249112E+04
    4.9050   -0.379824E+04    0.107871E+04   -0.243848E+04
    4.9100   -0.371448E+04    0.106044E+04   -0.238746E+04
    4.9150   -0.363244E+04    0.104405E+04   -0.233825E+04
    4.9200   -0.355244E+04    0.102958E+04   -0.229101E+04
    4.9250   -0.347484E+04    0.101703E+04   -0.224594E+04
    4.9300   -0.339999E+04    0.100639E+04   -0.220319E+04
    4.9350   -0.332817E+04    0.997625E+03   -0.216290E+04
    4.9400   -0.325948E+04    0.990691E+03   -0.212509E+04
    4.9450   -0.319392E+04    0.985565E+03   -0.208974E+04
    4.9500   -0.313137E+04    0.982240E+03   -0.205681E+04
    4.9550   -0.307167E+04    0.980727E+03   -0.202620E+04
    4.9600   -0.301461E+04    0.981064E+03   -0.199784E+04
    4.9650   -0.296000E+04    0.983309E+03   -0.197166E+04
    4.9700   -0.290765E+04    0.987536E+03   -0.194759E+04
    4.9750   -0.285734E+04    0.993829E+03   -0.192558E+04
    4.9800   -0.280887E+04    0.100227E+04   -0.190557E+04
    4.9850   -0.276200E+04    0.101293E+04   -0.188746E+04
    4.9900   -0.271647E+04    0.102586E+04   -0.187116E+04
    4.9950   -0.267193E+04    0.104108E+04   -0.185651E+04
    5.0000   -0.262798E+04    0.105859E+04   -0.184329E+04
    5.0050   -0.258415E+04    0.107835E+04   -0.183125E+04
    5.0100   -0.253991E+04    0.110028E+04   -0.182010E+04
    5.0150   -0.249468E+04    0.112428E+04   -0.180948E+04
    5.0200   -0.244786E+04    0.115023E+04   -0.179904E+04
    5.0250   -0.239887E+04    0.117799E+04   -0.178843E+04
    5.0300   -0.234721E+04    0.120743E+04   -0.177732E+04
    5.0350   -0.229240E+04    0.123839E+04   -0.176540E+04
    5.0400   -0.223411E+04    0.127076E+04   -0.175243E+04
    5.0450   -0.217216E+04    0.130441E+04   -0.173829E+04
    5.0500   -0.210651E+04    0.133924E+04   -0.172287E+04
    5.0550   -0.203728E+04    0.137514E+04   -0.170621E+04
    5.0600   -0.196471E+04    0.141204E+04   -0.168837E+04
    5.0650   -0.188917E+04    0.144983E+04   -0.166950E+04
    5.0700   -0.181108E+04    0.148844E+04   -0.164976E+04
    5.0750   -0.173090E+04    0.152776E+04   -0.162933E+04
    5.0800   -0.164909E+04    0.156769E+04   -0.160839E+04
    5.0850   -0.156601E+04    0.160808E+04   -0.158705E+04
    5.0900   -0.148191E+04    0.164880E+04   -0.156536E+04
    5.0950   -0.139689E+04    0.168968E+04   -0.154328E+04
    5.1000   -0.131083E+04    0.173052E+04   -0.152067E+04
    5.1050   -0.122352E+04    0.177113E+04   -0.149732E+04
    5.1100   -0.113484E+04    0.181130E+04   -0.147307E+04
    5.1150   -0.104485E+04    0.185085E+04   -0.144785E+04
    5.1200   -0.953658E+03    0.188959E+04   -0.142162E+04
    5.1250   -0.861181E+03    0.192737E+04   -0.139428E+04
    5.1300   -0.767112E+03    0.196404E+04   -0.136558E+04
    5.1350   -0.670956E+03    0.199947E+04   -0.133522E+04
    5.1400   -0.572114E+03    0.203356E+04   -0.130284E+04
    5.1450   -0.469945E+03    0.206622E+04   -0.126808E+04
    5.1500   -0.363741E+03    0.209739E+04   -0.123056E+04
    5.1550   -0.253220E+03    0.212702E+04   -0.119012E+04
    5.1600   -0.137864E+03    0.215509E+04   -0.114648E+04
    5.1650   -0.174854E+02    0.218154E+04   -0.109951E+04
    5.1700    0.107867E+03    0.220636E+04   -0.104925E+04
    5.1750    0.237874E+03    0.222949E+04   -0.995807E+03
    5.1800    0.371980E+03    0.225088E+04   -0.939450E+03
    5.1850    0.509451E+03    0.227047E+04   -0.880508E+03
    5.1900    0.649467E+03    0.228817E+04   -0.819350E+03
    5.1950    0.791238E+03    0.230389E+04   -0.756324E+03
    5.2000    0.934107E+03    0.231753E+04   -0.691709E+03
    5.2050    0.107763E+04    0.232898E+04   -0.625674E+03
    5.2100    0.122161E+04    0.233813E+04   -0.558260E+03
    5.2150    0.136612E+04    0.234487E+04   -0.489376E+03
    5.2200    0.151147E+04    0.234911E+04   -0.418818E+03
    5.2250    0.165817E+04    0.235075E+04   -0.346290E+03
    5.2300    0.180683E+04    0.234970E+04   -0.271435E+03
    5.2350    0.195827E+04    0.234589E+04   -0.193809E+03
    5.2400    0.211299E+04    0.233928E+04   -0.113143E+03
    5.2450    0.227178E+04    0.232979E+04   -0.290039E+02
    5.2500    0.243526E+04    0.231739E+04    0.589340E+02
    5.2550    0.260390E+04    0.230204E+04    0.150932E+03
    5.2600    0.277804E+04    0.228370E+04    0.247173E+03
