    0.0000   -0.170534E-08   -0.310234E-09   -0.697552E-09
    0.0050    0.133406E+04    0.155595E+03    0.589233E+03
    0.0100    0.133714E+04   -0.559954E+02    0.696567E+03
    0.0150    0.130965E+04   -0.247404E+03    0.778529E+03
    0.0200    0.126247E+04   -0.415075E+03    0.838774E+03
    0.0250    0.120064E+04   -0.555108E+03    0.877875E+03
    0.0300    0.112663E+04   -0.665051E+03    0.895842E+03
    0.0350    0.104355E+04   -0.745501E+03    0.894526E+03
    0.0400    0.956402E+03   -0.800493E+03    0.878447E+03
    0.0450    0.871269E+03   -0.836374E+03    0.853822E+03
    0.0500    0.793479E+03   -0.859715E+03    0.826597E+03
    0.0550    0.726097E+03   -0.875281E+03    0.800689E+03
    0.0600    0.669597E+03   -0.885010E+03    0.777304E+03
    0.0650    0.622709E+03   -0.888360E+03    0.755534E+03
    0.0700    0.583808E+03   -0.883698E+03    0.733753E+03
    0.0750    0.552075E+03   -0.869941E+03    0.711008E+03
    0.0800    0.527931E+03   -0.847649E+03    0.687790E+03
    0.0850    0.512738E+03   -0.819159E+03    0.665949E+03
    0.0900    0.508081E+03   -0.787865E+03    0.647973E+03
    0.0950    0.515028E+03   -0.757118E+03    0.636073E+03
    0.1000    0.533670E+03   -0.729278E+03    0.631474E+03
    0.1050    0.563044E+03   -0.705255E+03    0.634149E+03
    0.1100    0.601336E+03   -0.684595E+03    0.642965E+03
    0.1150    0.646227E+03   -0.665954E+03    0.656091E+03
    0.1200    0.695237E+03   -0.647726E+03    0.671481E+03
    0.1250    0.745989E+03   -0.628610E+03    0.687300E+03
    0.1300    0.796408E+03   -0.608014E+03    0.702211E+03
    0.1350    0.844839E+03   -0.586207E+03    0.715523E+03
    0.1400    0.890111E+03   -0.564224E+03    0.727168E+03
    0.1450    0.931544E+03   -0.543559E+03    0.737551E+03
    0.1500    0.968904E+03   -0.525713E+03    0.747308E+03
    0.1550    0.100233E+04   -0.511757E+03    0.757045E+03
    0.1600    0.103226E+04   -0.502039E+03    0.767150E+03
    0.1650    0.105932E+04   -0.496133E+03    0.777727E+03
    0.1700    0.108427E+04   -0.493068E+03    0.788668E+03
    0.1750    0.110793E+04   -0.491713E+03    0.799822E+03
    0.1800    0.113113E+04   -0.491203E+03    0.811168E+03
    0.1850    0.115463E+04   -0.491220E+03    0.822925E+03
    0.1900    0.117904E+04   -0.492048E+03    0.835544E+03
    0.1950    0.120480E+04   -0.494378E+03    0.849591E+03
    0.2000    0.123215E+04   -0.498956E+03    0.865555E+03
    0.2050    0.126112E+04   -0.506195E+03    0.883656E+03
    0.2100    0.129153E+04   -0.515910E+03    0.903722E+03
    0.2150    0.132310E+04   -0.527240E+03    0.925168E+03
    0.2200    0.135539E+04   -0.538803E+03    0.947097E+03
    0.2250    0.138795E+04   -0.549004E+03    0.968475E+03
    0.2300    0.142030E+04   -0.556405E+03    0.988351E+03
    0.2350    0.145202E+04   -0.560052E+03    0.100604E+04
    0.2400    0.148275E+04   -0.559638E+03    0.102120E+04
    0.2450    0.151221E+04   -0.555499E+03    0.103386E+04
    0.2500    0.154017E+04   -0.548432E+03    0.104430E+04
    0.2550    0.156642E+04   -0.539414E+03    0.105292E+04
    0.2600    0.159080E+04   -0.529322E+03    0.106006E+04
    0.2650    0.161315E+04   -0.518737E+03    0.106594E+04
    0.2700    0.163336E+04   -0.507888E+03    0.107062E+04
    0.2750    0.165133E+04   -0.496744E+03    0.107404E+04
    0.2800    0.166703E+04   -0.485177E+03    0.107610E+04
    0.2850    0.168047E+04   -0.473149E+03    0.107681E+04
    0.2900    0.169173E+04   -0.460811E+03    0.107627E+04
    0.2950    0.170095E+04   -0.448489E+03    0.107472E+04
    0.3000    0.170832E+04   -0.436499E+03    0.107241E+04
    0.3050    0.171403E+04   -0.424230E+03    0.106913E+04
    0.3100    0.171839E+04   -0.376954E+03    0.104767E+04
    0.3150    0.172155E+04   -0.378024E+03    0.104979E+04
    0.3200    0.172373E+04   -0.375638E+03    0.104968E+04
    0.3250    0.172507E+04   -0.371202E+03    0.104814E+04
    0.3300    0.172568E+04   -0.365762E+03    0.104572E+04
    0.3350    0.172563E+04   -0.359739E+03    0.104269E+04
    0.3400    0.172496E+04   -0.353585E+03    0.103927E+04
    0.3450    0.172370E+04   -0.347920E+03    0.103581E+04
    0.3500    0.172186E+04   -0.343489E+03    0.103267E+04
    0.3550    0.171950E+04   -0.341034E+03    0.103027E+04
    0.3600    0.171671E+04   -0.341142E+03    0.102893E+04
    0.3650    0.171362E+04   -0.344165E+03    0.102889E+04
    0.3700    0.171040E+04   -0.350128E+03    0.103026E+04
    0.3750    0.170724E+04   -0.358787E+03    0.103301E+04
    0.3800    0.170434E+04   -0.369709E+03    0.103702E+04
    0.3850    0.170188E+04   -0.382373E+03    0.104213E+04
    0.3900    0.170002E+04   -0.396265E+03    0.104814E+04
    0.3950    0.169884E+04   -0.410926E+03    0.105489E+04
    0.4000    0.169836E+04   -0.425949E+03    0.106215E+04
    0.4050    0.169846E+04   -0.440929E+03    0.106969E+04
    0.4100    0.169897E+04   -0.455435E+03    0.107720E+04
    0.4150    0.169960E+04   -0.468921E+03    0.108426E+04
    0.4200    0.170001E+04   -0.480750E+03    0.109038E+04
    0.4250    0.169980E+04   -0.490233E+03    0.109502E+04
    0.4300    0.169857E+04   -0.496715E+03    0.109764E+04
    0.4350    0.169596E+04   -0.499664E+03    0.109781E+04
    0.4400    0.169164E+04   -0.498756E+03    0.109520E+04
    0.4450    0.168539E+04   -0.493907E+03    0.108965E+04
    0.4500    0.167713E+04   -0.485265E+03    0.108120E+04
    0.4550    0.166688E+04   -0.473146E+03    0.107001E+04
    0.4600    0.165480E+04   -0.457966E+03    0.105638E+04
    0.4650    0.164116E+04   -0.440158E+03    0.104066E+04
    0.4700    0.162628E+04   -0.420127E+03    0.102320E+04
    0.4750    0.161056E+04   -0.398230E+03    0.100440E+04
    0.4800    0.159439E+04   -0.374788E+03    0.984588E+03
    0.4850    0.157814E+04   -0.350113E+03    0.964126E+03
    0.4900    0.156214E+04   -0.324543E+03    0.943340E+03
    0.4950    0.154662E+04   -0.298458E+03    0.922539E+03
    0.5000    0.153174E+04   -0.272273E+03    0.902006E+03
    0.5050    0.151755E+04   -0.246416E+03    0.881983E+03
    0.5100    0.150402E+04   -0.221293E+03    0.862658E+03
    0.5150    0.149107E+04   -0.197256E+03    0.844163E+03
    0.5200    0.147855E+04   -0.174571E+03    0.826561E+03
    0.5250    0.146631E+04   -0.153419E+03    0.809864E+03
    0.5300    0.145419E+04   -0.133893E+03    0.794042E+03
    0.5350    0.144207E+04   -0.116016E+03    0.779042E+03
    0.5400    0.142986E+04   -0.997458E+02    0.764802E+03
    0.5450    0.141754E+04   -0.849818E+02    0.751261E+03
    0.5500    0.140514E+04   -0.715575E+02    0.738350E+03
    0.5550    0.139274E+04   -0.592274E+02    0.725986E+03
    0.5600    0.138044E+04   -0.476558E+02    0.714050E+03
    0.5650    0.136835E+04   -0.364186E+02    0.702383E+03
    0.5700    0.135655E+04   -0.250213E+02    0.690785E+03
    0.5750    0.134511E+04   -0.129374E+02    0.679023E+03
    0.5800    0.133404E+04    0.340756E+00    0.666849E+03
    0.5850    0.132328E+04    0.152463E+02    0.654017E+03
    0.5900    0.131270E+04    0.320931E+02    0.640306E+03
    0.5950    0.130211E+04    0.510475E+02    0.625533E+03
    0.6000    0.129125E+04    0.721259E+02    0.609560E+03
    0.6050    0.127981E+04    0.952096E+02    0.592299E+03
    0.6100    0.126749E+04    0.120076E+03    0.573707E+03
    0.6150    0.125401E+04    0.146437E+03    0.553784E+03
    0.6200    0.123910E+04    0.173970E+03    0.532565E+03
    0.6250    0.122259E+04    0.202345E+03    0.510122E+03
    0.6300    0.120438E+04    0.231238E+03    0.486570E+03
    0.6350    0.118448E+04    0.260332E+03    0.462075E+03
    0.6400    0.116303E+04    0.289324E+03    0.436855E+03
    0.6450    0.114028E+04    0.317924E+03    0.411179E+03
    0.6500    0.111657E+04    0.345860E+03    0.385355E+03
    0.6550    0.109232E+04    0.372893E+03    0.359713E+03
    0.6600    0.106800E+04    0.398815E+03    0.334590E+03
    0.6650    0.104408E+04    0.423465E+03    0.310307E+03
    0.6700    0.102103E+04    0.446719E+03    0.287154E+03
    0.6750    0.999230E+03    0.468487E+03    0.265372E+03
    0.6800    0.978989E+03    0.488700E+03    0.245144E+03
    0.6850    0.960476E+03    0.507300E+03    0.226588E+03
    0.6900    0.943722E+03    0.524230E+03    0.209746E+03
    0.6950    0.928610E+03    0.539436E+03    0.194587E+03
    0.7000    0.914898E+03    0.552867E+03    0.181015E+03
    0.7050    0.902222E+03    0.564502E+03    0.168860E+03
    0.7100    0.890135E+03    0.574351E+03    0.157892E+03
    0.7150    0.878144E+03    0.582476E+03    0.147834E+03
    0.7200    0.865748E+03    0.588985E+03    0.138382E+03
    0.7250    0.852488E+03    0.594026E+03    0.129231E+03
    0.7300    0.837983E+03    0.597780E+03    0.120102E+03
    0.7350    0.821974E+03    0.600437E+03    0.110769E+03
    0.7400    0.804341E+03    0.602179E+03    0.101081E+03
    0.7450    0.785112E+03    0.603169E+03    0.909717E+02
    0.7500    0.764462E+03    0.603530E+03    0.804660E+02
    0.7550    0.742691E+03    0.603344E+03    0.696733E+02
    0.7600    0.720202E+03    0.602641E+03    0.587804E+02
    0.7650    0.697463E+03    0.601389E+03    0.480373E+02
    0.7700    0.674965E+03    0.599474E+03    0.377456E+02
    0.7750    0.653174E+03    0.596685E+03    0.282446E+02
    0.7800    0.632488E+03    0.592688E+03    0.199001E+02
    0.7850    0.613202E+03    0.586986E+03    0.131079E+02
    0.7900    0.595479E+03    0.578891E+03    0.829366E+01
    0.7950    0.579345E+03    0.567472E+03    0.593672E+01
    0.8000    0.564685E+03    0.551467E+03    0.660905E+01
    0.8050    0.551253E+03    0.529173E+03    0.110400E+02
    0.8100    0.538697E+03    0.498218E+03    0.202395E+02
    0.8150    0.526585E+03    0.455225E+03    0.356800E+02
    0.8200    0.514444E+03    0.395436E+03    0.595040E+02
    0.8250    0.501805E+03    0.313632E+03    0.940861E+02
    0.8300    0.488235E+03    0.218232E+03    0.135002E+03
    0.8350    0.473371E+03    0.213244E+03    0.130063E+03
    0.8400    0.456914E+03    0.351164E+03    0.528751E+02
    0.8450    0.438684E+03    0.459342E+03   -0.103288E+02
    0.8500    0.418656E+03    0.526726E+03   -0.540348E+02
    0.8550    0.396910E+03    0.571423E+03   -0.872568E+02
    0.8600    0.373608E+03    0.603146E+03   -0.114769E+03
    0.8650    0.349007E+03    0.626784E+03   -0.138889E+03
    0.8700    0.323381E+03    0.645014E+03   -0.160817E+03
    0.8750    0.297017E+03    0.659347E+03   -0.181165E+03
    0.8800    0.270170E+03    0.670658E+03   -0.200244E+03
    0.8850    0.243022E+03    0.679472E+03   -0.218225E+03
    0.8900    0.215635E+03    0.686101E+03   -0.235233E+03
    0.8950    0.187920E+03    0.690727E+03   -0.251403E+03
    0.9000    0.159576E+03    0.693481E+03   -0.266952E+03
    0.9050    0.130029E+03    0.694481E+03   -0.282226E+03
    0.9100    0.983297E+02    0.693860E+03   -0.297765E+03
    0.9150    0.629889E+02    0.691806E+03   -0.314409E+03
    0.9200    0.216528E+02    0.688559E+03   -0.333453E+03
    0.9250   -0.295050E+02    0.684413E+03   -0.356959E+03
    0.9300   -0.965082E+02    0.679708E+03   -0.388108E+03
    0.9350   -0.176559E+03    0.674814E+03   -0.425686E+03
    0.9400   -0.108144E+03    0.670101E+03   -0.389123E+03
    0.9450    0.867798E+02    0.665985E+03   -0.289603E+03
    0.9500    0.201999E+03    0.662817E+03   -0.230409E+03
    0.9550    0.262774E+03    0.660831E+03   -0.199028E+03
    0.9600    0.289183E+03    0.660213E+03   -0.185515E+03
    0.9650    0.291853E+03    0.661066E+03   -0.184607E+03
    0.9700    0.277342E+03    0.663403E+03   -0.193030E+03
    0.9750    0.250220E+03    0.667129E+03   -0.208455E+03
    0.9800    0.214038E+03    0.672014E+03   -0.228988E+03
    0.9850    0.171725E+03    0.677655E+03   -0.252965E+03
    0.9900    0.125734E+03    0.683419E+03   -0.278842E+03
    0.9950    0.781970E+02    0.688272E+03   -0.305038E+03
    1.0000    0.310413E+02    0.690402E+03   -0.329680E+03
    1.0050   -0.139301E+02    0.686215E+03   -0.350073E+03
    1.0100   -0.546125E+02    0.667712E+03   -0.361162E+03
    1.0150   -0.879619E+02    0.618892E+03   -0.353427E+03
    1.0200   -0.113336E+03    0.539089E+03   -0.326213E+03
    1.0250   -0.138807E+03    0.481162E+03   -0.309984E+03
    1.0300   -0.166796E+03    0.460040E+03   -0.313418E+03
    1.0350   -0.194360E+03    0.458621E+03   -0.326490E+03
    1.0400   -0.219669E+03    0.466323E+03   -0.342996E+03
    1.0450   -0.242090E+03    0.478382E+03   -0.360236E+03
    1.0500   -0.261466E+03    0.492540E+03   -0.377003E+03
    1.0550   -0.277848E+03    0.507639E+03   -0.392744E+03
    1.0600   -0.291386E+03    0.523025E+03   -0.407206E+03
    1.0650   -0.302239E+03    0.538317E+03   -0.420278E+03
    1.0700   -0.310509E+03    0.553268E+03   -0.431889E+03
    1.0750   -0.316266E+03    0.567729E+03   -0.441998E+03
    1.0800   -0.319539E+03    0.581606E+03   -0.450573E+03
    1.0850   -0.320269E+03    0.594847E+03   -0.457558E+03
    1.0900   -0.318416E+03    0.607430E+03   -0.462923E+03
    1.0950   -0.313908E+03    0.619356E+03   -0.466632E+03
    1.1000   -0.306689E+03    0.630641E+03   -0.468665E+03
    1.1050   -0.296757E+03    0.641317E+03   -0.469037E+03
    1.1100   -0.284131E+03    0.651410E+03   -0.467771E+03
    1.1150   -0.268943E+03    0.660962E+03   -0.464953E+03
    1.1200   -0.251392E+03    0.669997E+03   -0.460695E+03
    1.1250   -0.231750E+03    0.678535E+03   -0.455143E+03
    1.1300   -0.210391E+03    0.686574E+03   -0.448482E+03
    1.1350   -0.187773E+03    0.694093E+03   -0.440933E+03
    1.1400   -0.164375E+03    0.701039E+03   -0.432707E+03
    1.1450   -0.140735E+03    0.707340E+03   -0.424038E+03
    1.1500   -0.117386E+03    0.712904E+03   -0.415145E+03
    1.1550   -0.948093E+02    0.717627E+03   -0.406218E+03
    1.1600   -0.734636E+02    0.721411E+03   -0.397437E+03
    1.1650   -0.536834E+02    0.724180E+03   -0.388932E+03
    1.1700   -0.357422E+02    0.725881E+03   -0.380811E+03
    1.1750   -0.197643E+02    0.726499E+03   -0.373131E+03
    1.1800   -0.575526E+01    0.726069E+03   -0.365912E+03
    1.1850    0.639046E+01    0.724670E+03   -0.359140E+03
    1.1900    0.168794E+02    0.722408E+03   -0.352764E+03
    1.1950    0.260030E+02    0.719468E+03   -0.346732E+03
    1.2000    0.340947E+02    0.716018E+03   -0.340962E+03
    1.2050    0.415137E+02    0.712257E+03   -0.335371E+03
    1.2100    0.485911E+02    0.708391E+03   -0.329900E+03
    1.2150    0.556047E+02    0.704629E+03   -0.324512E+03
    1.2200    0.627683E+02    0.701171E+03   -0.319201E+03
    1.2250    0.701754E+02    0.698200E+03   -0.314012E+03
    1.2300    0.778343E+02    0.695878E+03   -0.309022E+03
    1.2350    0.856130E+02    0.694330E+03   -0.304359E+03
    1.2400    0.933034E+02    0.693644E+03   -0.300171E+03
    1.2450    0.100619E+03    0.693861E+03   -0.296621E+03
    1.2500    0.107228E+03    0.694963E+03   -0.293867E+03
    1.2550    0.112763E+03    0.696897E+03   -0.292067E+03
    1.2600    0.116873E+03    0.699569E+03   -0.291348E+03
    1.2650    0.119276E+03    0.702825E+03   -0.291775E+03
    1.2700    0.119764E+03    0.706492E+03   -0.293364E+03
    1.2750    0.118214E+03    0.710382E+03   -0.296084E+03
    1.2800    0.114614E+03    0.714303E+03   -0.299844E+03
    1.2850    0.109062E+03    0.718076E+03   -0.304507E+03
    1.2900    0.101733E+03    0.721540E+03   -0.309904E+03
    1.2950    0.928870E+02    0.724569E+03   -0.315841E+03
    1.3000    0.828099E+02    0.727069E+03   -0.322130E+03
    1.3050    0.718133E+02    0.728994E+03   -0.328590E+03
    1.3100    0.601713E+02    0.730332E+03   -0.335081E+03
    1.3150    0.481098E+02    0.731115E+03   -0.341503E+03
    1.3200    0.357743E+02    0.731406E+03   -0.347816E+03
    1.3250    0.232159E+02    0.731289E+03   -0.354037E+03
    1.3300    0.103879E+02    0.730865E+03   -0.360239E+03
    1.3350   -0.283515E+01    0.730232E+03   -0.366534E+03
    1.3400   -0.167037E+02    0.729479E+03   -0.373091E+03
    1.3450   -0.314886E+02    0.728678E+03   -0.380083E+03
    1.3500   -0.474024E+02    0.727838E+03   -0.387620E+03
    1.3550   -0.647547E+02    0.726971E+03   -0.395863E+03
    1.3600   -0.837917E+02    0.726047E+03   -0.404920E+03
    1.3650   -0.104672E+03    0.725000E+03   -0.414836E+03
    1.3700   -0.127475E+03    0.723741E+03   -0.425608E+03
    1.3750   -0.152180E+03    0.722163E+03   -0.437171E+03
    1.3800   -0.178675E+03    0.720153E+03   -0.449414E+03
    1.3850   -0.206757E+03    0.717585E+03   -0.462171E+03
    1.3900   -0.236195E+03    0.714342E+03   -0.475268E+03
    1.3950   -0.266693E+03    0.710295E+03   -0.488494E+03
    1.4000   -0.297964E+03    0.705323E+03   -0.501644E+03
    1.4050   -0.329753E+03    0.699302E+03   -0.514527E+03
    1.4100   -0.361847E+03    0.692101E+03   -0.526974E+03
    1.4150   -0.394146E+03    0.683595E+03   -0.538871E+03
    1.4200   -0.426608E+03    0.673648E+03   -0.550128E+03
    1.4250   -0.459293E+03    0.662128E+03   -0.560711E+03
    1.4300   -0.492321E+03    0.648901E+03   -0.570611E+03
    1.4350   -0.525925E+03    0.633845E+03   -0.579885E+03
    1.4400   -0.560336E+03    0.616843E+03   -0.588589E+03
    1.4450   -0.595781E+03    0.597805E+03   -0.596793E+03
    1.4500   -0.632482E+03    0.576661E+03   -0.604572E+03
    1.4550   -0.670598E+03    0.553374E+03   -0.611986E+03
    1.4600   -0.710216E+03    0.527944E+03   -0.619080E+03
    1.4650   -0.751330E+03    0.500405E+03   -0.625868E+03
    1.4700   -0.793840E+03    0.470834E+03   -0.632337E+03
    1.4750   -0.837553E+03    0.439335E+03   -0.638444E+03
    1.4800   -0.882206E+03    0.406046E+03   -0.644126E+03
    1.4850   -0.927484E+03    0.371114E+03   -0.649299E+03
    1.4900   -0.973055E+03    0.334702E+03   -0.653879E+03
    1.4950   -0.101858E+04    0.296960E+03   -0.657771E+03
    1.5000   -0.106375E+04    0.258023E+03   -0.660888E+03
    1.5050   -0.110829E+04    0.218007E+03   -0.663149E+03
    1.5100   -0.115194E+04    0.176995E+03   -0.664468E+03
    1.5150   -0.119444E+04    0.135038E+03   -0.664736E+03
    1.5200   -0.123540E+04    0.921568E+02   -0.663779E+03
    1.5250   -0.127423E+04    0.483505E+02   -0.661290E+03
    1.5300   -0.130979E+04    0.359910E+01   -0.656693E+03
    1.5350   -0.134001E+04   -0.421157E+02   -0.648949E+03
    1.5400   -0.136125E+04   -0.888491E+02   -0.636202E+03
    1.5450   -0.136804E+04   -0.136629E+03   -0.615704E+03
    1.5500   -0.135495E+04   -0.185460E+03   -0.584744E+03
    1.5550   -0.132368E+04   -0.235340E+03   -0.544172E+03
    1.5600   -0.129060E+04   -0.286254E+03   -0.502173E+03
    1.5650   -0.127844E+04   -0.338164E+03   -0.470136E+03
    1.5700   -0.129909E+04   -0.391015E+03   -0.454039E+03
    1.5750   -0.135107E+04   -0.444723E+03   -0.453171E+03
    1.5800   -0.142680E+04   -0.499200E+03   -0.463798E+03
    1.5850   -0.151814E+04   -0.554331E+03   -0.481904E+03
    1.5900   -0.161824E+04   -0.609996E+03   -0.504122E+03
    1.5950   -0.172184E+04   -0.666056E+03   -0.527892E+03
    1.6000   -0.182503E+04   -0.722374E+03   -0.551329E+03
    1.6050   -0.192504E+04   -0.778800E+03   -0.573121E+03
    1.6100   -0.201998E+04   -0.835180E+03   -0.592399E+03
    1.6150   -0.210867E+04   -0.891354E+03   -0.608658E+03
    1.6200   -0.219047E+04   -0.947172E+03   -0.621650E+03
    1.6250   -0.226525E+04   -0.100248E+04   -0.631384E+03
    1.6300   -0.233317E+04   -0.105714E+04   -0.638015E+03
    1.6350   -0.239468E+04   -0.111100E+04   -0.641844E+03
    1.6400   -0.245039E+04   -0.116394E+04   -0.643225E+03
    1.6450   -0.250094E+04   -0.121588E+04   -0.642528E+03
    1.6500   -0.254702E+04   -0.126675E+04   -0.640135E+03
    1.6550   -0.258931E+04   -0.131650E+04   -0.636404E+03
    1.6600   -0.262835E+04   -0.136512E+04   -0.631612E+03
    1.6650   -0.266459E+04   -0.141264E+04   -0.625977E+03
    1.6700   -0.269836E+04   -0.145907E+04   -0.619644E+03
    1.6750   -0.272984E+04   -0.150448E+04   -0.612682E+03
    1.6800   -0.275910E+04   -0.154891E+04   -0.605095E+03
    1.6850   -0.278608E+04   -0.159243E+04   -0.596826E+03
    1.6900   -0.281067E+04   -0.163508E+04   -0.587796E+03
    1.6950   -0.283270E+04   -0.167690E+04   -0.577900E+03
    1.7000   -0.285198E+04   -0.171790E+04   -0.567040E+03
    1.7050   -0.286830E+04   -0.175804E+04   -0.555129E+03
    1.7100   -0.288152E+04   -0.179730E+04   -0.542109E+03
    1.7150   -0.289151E+04   -0.183560E+04   -0.527955E+03
    1.7200   -0.289821E+04   -0.187284E+04   -0.512684E+03
    1.7250   -0.290164E+04   -0.190891E+04   -0.496361E+03
    1.7300   -0.290186E+04   -0.194370E+04   -0.479080E+03
    1.7350   -0.289901E+04   -0.197706E+04   -0.460975E+03
    1.7400   -0.289331E+04   -0.200890E+04   -0.442205E+03
    1.7450   -0.288502E+04   -0.203909E+04   -0.422961E+03
    1.7500   -0.287444E+04   -0.206757E+04   -0.403435E+03
    1.7550   -0.286193E+04   -0.209427E+04   -0.383828E+03
    1.7600   -0.284786E+04   -0.211916E+04   -0.364346E+03
    1.7650   -0.283263E+04   -0.214224E+04   -0.345191E+03
    1.7700   -0.281663E+04   -0.216354E+04   -0.326548E+03
    1.7750   -0.280029E+04   -0.218310E+04   -0.308593E+03
    1.7800   -0.278396E+04   -0.220100E+04   -0.291480E+03
    1.7850   -0.276799E+04   -0.221729E+04   -0.275352E+03
    1.7900   -0.275268E+04   -0.223206E+04   -0.260315E+03
    1.7950   -0.273827E+04   -0.224537E+04   -0.246450E+03
    1.8000   -0.272491E+04   -0.225731E+04   -0.233801E+03
    1.8050   -0.271270E+04   -0.226792E+04   -0.222392E+03
    1.8100   -0.270161E+04   -0.227724E+04   -0.212183E+03
    1.8150   -0.269155E+04   -0.228531E+04   -0.203117E+03
    1.8200   -0.268234E+04   -0.229215E+04   -0.195094E+03
    1.8250   -0.267375E+04   -0.229777E+04   -0.187990E+03
    1.8300   -0.266549E+04   -0.230218E+04   -0.181655E+03
    1.8350   -0.265725E+04   -0.230539E+04   -0.175929E+03
    1.8400   -0.264873E+04   -0.230740E+04   -0.170662E+03
    1.8450   -0.263970E+04   -0.230824E+04   -0.165729E+03
    1.8500   -0.263002E+04   -0.230794E+04   -0.161038E+03
    1.8550   -0.261964E+04   -0.230651E+04   -0.156561E+03
    1.8600   -0.260871E+04   -0.230400E+04   -0.152355E+03
    1.8650   -0.259753E+04   -0.230042E+04   -0.148553E+03
    1.8700   -0.258660E+04   -0.229582E+04   -0.145393E+03
    1.8750   -0.257660E+04   -0.229019E+04   -0.143205E+03
    1.8800   -0.256835E+04   -0.228353E+04   -0.142412E+03
    1.8850   -0.256278E+04   -0.227580E+04   -0.143490E+03
    1.8900   -0.256089E+04   -0.226695E+04   -0.146966E+03
    1.8950   -0.256358E+04   -0.225688E+04   -0.153347E+03
    1.9000   -0.257212E+04   -0.224552E+04   -0.163303E+03
    1.9050   -0.258778E+04   -0.223277E+04   -0.177505E+03
    1.9100   -0.261169E+04   -0.221853E+04   -0.196581E+03
    1.9150   -0.264567E+04   -0.220272E+04   -0.221472E+03
    1.9200   -0.269202E+04   -0.218534E+04   -0.253341E+03
    1.9250   -0.275371E+04   -0.216643E+04   -0.293639E+03
    1.9300   -0.283364E+04   -0.214613E+04   -0.343753E+03
    1.9350   -0.293291E+04   -0.212467E+04   -0.404120E+03
    1.9400   -0.304514E+04   -0.210242E+04   -0.471360E+03
    1.9450   -0.315066E+04   -0.207980E+04   -0.535429E+03
    1.9500   -0.321914E+04   -0.205730E+04   -0.580918E+03
    1.9550   -0.322728E+04   -0.203540E+04   -0.595938E+03
    1.9600   -0.317210E+04   -0.201452E+04   -0.578791E+03
    1.9650   -0.306684E+04   -0.199489E+04   -0.535975E+03
    1.9700   -0.292785E+04   -0.197657E+04   -0.475640E+03
    1.9750   -0.276850E+04   -0.195941E+04   -0.404546E+03
    1.9800   -0.259824E+04   -0.194312E+04   -0.327562E+03
    1.9850   -0.242345E+04   -0.192730E+04   -0.248073E+03
    1.9900   -0.224862E+04   -0.191162E+04   -0.168498E+03
    1.9950   -0.207722E+04   -0.189592E+04   -0.906490E+02
    2.0000   -0.191213E+04   -0.188033E+04   -0.158984E+02
    2.0050   -0.175561E+04   -0.186532E+04    0.548522E+02
    2.0100   -0.160900E+04   -0.185156E+04    0.121277E+03
    2.0150   -0.147282E+04   -0.183974E+04    0.183458E+03
    2.0200   -0.134717E+04   -0.183027E+04    0.241551E+03
    2.0250   -0.123243E+04   -0.182308E+04    0.295323E+03
    2.0300   -0.112962E+04   -0.181768E+04    0.344028E+03
    2.0350   -0.103998E+04   -0.181345E+04    0.386737E+03
    2.0400   -0.964146E+03   -0.181001E+04    0.422934E+03
    2.0450   -0.901299E+03   -0.180758E+04    0.453142E+03
    2.0500   -0.849454E+03   -0.180716E+04    0.478853E+03
    2.0550   -0.805715E+03   -0.181023E+04    0.502259E+03
    2.0600   -0.767150E+03   -0.181816E+04    0.525507E+03
    2.0650   -0.732265E+03   -0.183152E+04    0.549626E+03
    2.0700   -0.701690E+03   -0.185039E+04    0.574348E+03
    2.0750   -0.677442E+03   -0.187536E+04    0.598957E+03
    2.0800   -0.661086E+03   -0.190837E+04    0.623642E+03
    2.0850   -0.652164E+03   -0.195299E+04    0.650413E+03
    2.0900   -0.647966E+03   -0.201316E+04    0.682600E+03
    2.0950   -0.644631E+03   -0.208952E+04    0.722442E+03
    2.1000   -0.639429E+03   -0.217850E+04    0.769533E+03
    2.1050   -0.633072E+03   -0.227898E+04    0.822952E+03
    2.1100   -0.628764E+03   -0.239776E+04    0.884498E+03
    2.1150   -0.629131E+03   -0.253910E+04    0.954985E+03
    2.1200   -0.633715E+03   -0.268116E+04    0.102372E+04
    2.1250   -0.638204E+03   -0.278121E+04    0.107150E+04
    2.1300   -0.637831E+03   -0.282917E+04    0.109567E+04
    2.1350   -0.632518E+03   -0.284926E+04    0.110837E+04
    2.1400   -0.626454E+03   -0.285753E+04    0.111554E+04
    2.1450   -0.623522E+03   -0.285267E+04    0.111457E+04
    2.1500   -0.623191E+03   -0.283728E+04    0.110704E+04
    2.1550   -0.619545E+03   -0.282802E+04    0.110424E+04
    2.1600   -0.608595E+03   -0.283579E+04    0.111360E+04
    2.1650   -0.594003E+03   -0.285273E+04    0.112936E+04
    2.1700   -0.581872E+03   -0.286558E+04    0.114185E+04
    2.1750   -0.574208E+03   -0.287527E+04    0.115053E+04
    2.1800   -0.565823E+03   -0.289663E+04    0.116540E+04
    2.1850   -0.550892E+03   -0.293644E+04    0.119277E+04
    2.1900   -0.532887E+03   -0.298210E+04    0.122461E+04
    2.1950   -0.519056E+03   -0.301659E+04    0.124877E+04
    2.2000   -0.511584E+03   -0.303942E+04    0.126392E+04
    2.2050   -0.504585E+03   -0.306395E+04    0.127968E+04
    2.2100   -0.492052E+03   -0.309599E+04    0.130197E+04
    2.2150   -0.478055E+03   -0.312518E+04    0.132356E+04
    2.2200   -0.469617E+03   -0.313893E+04    0.133465E+04
    2.2250   -0.467186E+03   -0.313867E+04    0.133574E+04
    2.2300   -0.463818E+03   -0.313557E+04    0.133587E+04
    2.2350   -0.454750E+03   -0.313403E+04    0.133964E+04
    2.2400   -0.444689E+03   -0.312774E+04    0.134152E+04
    2.2450   -0.439025E+03   -0.311049E+04    0.133573E+04
    2.2500   -0.436352E+03   -0.308581E+04    0.132473E+04
    2.2550   -0.430277E+03   -0.306176E+04    0.131574E+04
    2.2600   -0.418442E+03   -0.304117E+04    0.131137E+04
    2.2650   -0.405718E+03   -0.302144E+04    0.130786E+04
    2.2700   -0.396032E+03   -0.300120E+04    0.130258E+04
    2.2750   -0.387818E+03   -0.298360E+04    0.129789E+04
    2.2800   -0.376910E+03   -0.297225E+04    0.129767E+04
    2.2850   -0.363324E+03   -0.296822E+04    0.130245E+04
    2.2900   -0.351772E+03   -0.297147E+04    0.130985E+04
    2.2950   -0.345386E+03   -0.298283E+04    0.131872E+04
    2.3000   -0.343250E+03   -0.300291E+04    0.132983E+04
    2.3050   -0.343092E+03   -0.303070E+04    0.134380E+04
    2.3100   -0.345660E+03   -0.306534E+04    0.135984E+04
    2.3150   -0.354455E+03   -0.310821E+04    0.137688E+04
    2.3200   -0.371389E+03   -0.316092E+04    0.139477E+04
    2.3250   -0.395216E+03   -0.322147E+04    0.141313E+04
    2.3300   -0.423708E+03   -0.328515E+04    0.143072E+04
    2.3350   -0.456643E+03   -0.334970E+04    0.144653E+04
    2.3400   -0.495633E+03   -0.341757E+04    0.146097E+04
    2.3450   -0.541225E+03   -0.349123E+04    0.147500E+04
    2.3500   -0.591759E+03   -0.356786E+04    0.148805E+04
    2.3550   -0.644898E+03   -0.364097E+04    0.149804E+04
    2.3600   -0.699911E+03   -0.370761E+04    0.150385E+04
    2.3650   -0.757881E+03   -0.377154E+04    0.150683E+04
    2.3700   -0.819653E+03   -0.383745E+04    0.150890E+04
    2.3750   -0.884535E+03   -0.390362E+04    0.150954E+04
    2.3800   -0.951140E+03   -0.396311E+04    0.150598E+04
    2.3850   -0.101931E+04   -0.401259E+04    0.149664E+04
    2.3900   -0.109071E+04   -0.405769E+04    0.148349E+04
    2.3950   -0.116709E+04   -0.410648E+04    0.146970E+04
    2.4000   -0.124849E+04   -0.415885E+04    0.145518E+04
    2.4050   -0.133364E+04   -0.420681E+04    0.143658E+04
    2.4100   -0.142197E+04   -0.424652E+04    0.141228E+04
    2.4150   -0.151469E+04   -0.428596E+04    0.138564E+04
    2.4200   -0.161303E+04   -0.433580E+04    0.136138E+04
    2.4250   -0.171610E+04   -0.439513E+04    0.133951E+04
    2.4300   -0.182126E+04   -0.445341E+04    0.131607E+04
    2.4350   -0.192687E+04   -0.450722E+04    0.129017E+04
    2.4400   -0.203353E+04   -0.456670E+04    0.126658E+04
    2.4450   -0.214187E+04   -0.464156E+04    0.124984E+04
    2.4500   -0.225018E+04   -0.472694E+04    0.123838E+04
    2.4550   -0.235550E+04   -0.481153E+04    0.122802E+04
    2.4600   -0.245695E+04   -0.489502E+04    0.121904E+04
    2.4650   -0.255619E+04   -0.498803E+04    0.121592E+04
    2.4700   -0.265420E+04   -0.509549E+04    0.122065E+04
    2.4750   -0.274943E+04   -0.520901E+04    0.122979E+04
    2.4800   -0.284008E+04   -0.532004E+04    0.123998E+04
    2.4850   -0.292708E+04   -0.543178E+04    0.125235E+04
    2.4900   -0.301273E+04   -0.555240E+04    0.126983E+04
    2.4950   -0.309729E+04   -0.568104E+04    0.129188E+04
    2.5000   -0.317887E+04   -0.580856E+04    0.131485E+04
    2.5050   -0.325650E+04   -0.593074E+04    0.133712E+04
    2.5100   -0.333142E+04   -0.605263E+04    0.136060E+04
    2.5150   -0.340452E+04   -0.617852E+04    0.138700E+04
    2.5200   -0.347445E+04   -0.630400E+04    0.141477E+04
    2.5250   -0.353931E+04   -0.642223E+04    0.144146E+04
    2.5300   -0.359884E+04   -0.653337E+04    0.146727E+04
    2.5350   -0.365393E+04   -0.664262E+04    0.149434E+04
    2.5400   -0.370469E+04   -0.675129E+04    0.152330E+04
    2.5450   -0.375029E+04   -0.685525E+04    0.155248E+04
    2.5500   -0.379048E+04   -0.695231E+04    0.158092E+04
    2.5550   -0.382612E+04   -0.704605E+04    0.160997E+04
    2.5600   -0.385796E+04   -0.714063E+04    0.164134E+04
    2.5650   -0.388616E+04   -0.723676E+04    0.167530E+04
    2.5700   -0.391071E+04   -0.733611E+04    0.171270E+04
    2.5750   -0.393203E+04   -0.744611E+04    0.175704E+04
    2.5800   -0.395080E+04   -0.757472E+04    0.181196E+04
    2.5850   -0.396737E+04   -0.771875E+04    0.187569E+04
    2.5900   -0.398160E+04   -0.786652E+04    0.194246E+04
    2.5950   -0.399309E+04   -0.800980E+04    0.200836E+04
    2.6000   -0.400133E+04   -0.814146E+04    0.207007E+04
    2.6050   -0.400572E+04   -0.825308E+04    0.212368E+04
    2.6100   -0.400541E+04   -0.834218E+04    0.216838E+04
    2.6150   -0.399956E+04   -0.841377E+04    0.220710E+04
    2.6200   -0.398740E+04   -0.847608E+04    0.224434E+04
    2.6250   -0.396842E+04   -0.853607E+04    0.228382E+04
    2.6300   -0.394237E+04   -0.859806E+04    0.232784E+04
    2.6350   -0.390928E+04   -0.866398E+04    0.237735E+04
    2.6400   -0.386952E+04   -0.873468E+04    0.243258E+04
    2.6450   -0.382384E+04   -0.881074E+04    0.249345E+04
    2.6500   -0.377337E+04   -0.889275E+04    0.255969E+04
    2.6550   -0.371949E+04   -0.898109E+04    0.263080E+04
    2.6600   -0.366366E+04   -0.907557E+04    0.270595E+04
    2.6650   -0.360732E+04   -0.917522E+04    0.278395E+04
    2.6700   -0.355176E+04   -0.927843E+04    0.286333E+04
    2.6750   -0.349807E+04   -0.938325E+04    0.294259E+04
    2.6800   -0.344707E+04   -0.948784E+04    0.302039E+04
    2.6850   -0.339923E+04   -0.959059E+04    0.309568E+04
    2.6900   -0.335467E+04   -0.969010E+04    0.316771E+04
    2.6950   -0.331301E+04   -0.978509E+04    0.323604E+04
    2.7000   -0.327362E+04   -0.987434E+04    0.330036E+04
    2.7050   -0.323564E+04   -0.995667E+04    0.336052E+04
    2.7100   -0.319812E+04   -0.100310E+05    0.341645E+04
    2.7150   -0.316021E+04   -0.100965E+05    0.346816E+04
    2.7200   -0.312126E+04   -0.101526E+05    0.351568E+04
    2.7250   -0.308088E+04   -0.101990E+05    0.355905E+04
    2.7300   -0.303903E+04   -0.102354E+05    0.359819E+04
    2.7350   -0.299595E+04   -0.102619E+05    0.363299E+04
    2.7400   -0.295228E+04   -0.102786E+05    0.366318E+04
    2.7450   -0.290892E+04   -0.102857E+05    0.368841E+04
    2.7500   -0.286703E+04   -0.102835E+05    0.370823E+04
    2.7550   -0.282788E+04   -0.102723E+05    0.372220E+04
    2.7600   -0.279269E+04   -0.102525E+05    0.372993E+04
    2.7650   -0.276256E+04   -0.102248E+05    0.373113E+04
    2.7700   -0.273836E+04   -0.101897E+05    0.372567E+04
    2.7750   -0.272063E+04   -0.101478E+05    0.371360E+04
    2.7800   -0.270949E+04   -0.101000E+05    0.369523E+04
    2.7850   -0.270466E+04   -0.100468E+05    0.367107E+04
    2.7900   -0.270546E+04   -0.998913E+04    0.364183E+04
    2.7950   -0.271088E+04   -0.992768E+04    0.360840E+04
    2.8000   -0.271970E+04   -0.986318E+04    0.357174E+04
    2.8050   -0.273064E+04   -0.979633E+04    0.353285E+04
    2.8100   -0.274233E+04   -0.972773E+04    0.349270E+04
    2.8150   -0.275357E+04   -0.965789E+04    0.345216E+04
    2.8200   -0.276352E+04   -0.958723E+04    0.341186E+04
    2.8250   -0.277118E+04   -0.951605E+04    0.337243E+04
    2.8300   -0.277605E+04   -0.944452E+04    0.333424E+04
    2.8350   -0.277801E+04   -0.937272E+04    0.329736E+04
    2.8400   -0.277704E+04   -0.930060E+04    0.326178E+04
    2.8450   -0.277330E+04   -0.922807E+04    0.322739E+04
    2.8500   -0.276697E+04   -0.915495E+04    0.319399E+04
    2.8550   -0.275826E+04   -0.908107E+04    0.316141E+04
    2.8600   -0.274727E+04   -0.900623E+04    0.312948E+04
    2.8650   -0.273397E+04   -0.893027E+04    0.309815E+04
    2.8700   -0.271826E+04   -0.885310E+04    0.306742E+04
    2.8750   -0.269979E+04   -0.877465E+04    0.303743E+04
    2.8800   -0.267814E+04   -0.869492E+04    0.300839E+04
    2.8850   -0.265280E+04   -0.861396E+04    0.298058E+04
    2.8900   -0.262328E+04   -0.853188E+04    0.295430E+04
    2.8950   -0.258912E+04   -0.844880E+04    0.292984E+04
    2.9000   -0.254998E+04   -0.836487E+04    0.290745E+04
    2.9050   -0.250569E+04   -0.828024E+04    0.288727E+04
    2.9100   -0.245621E+04   -0.819501E+04    0.286940E+04
    2.9150   -0.240170E+04   -0.810931E+04    0.285380E+04
    2.9200   -0.234239E+04   -0.802318E+04    0.284039E+04
    2.9250   -0.227864E+04   -0.793667E+04    0.282901E+04
    2.9300   -0.221075E+04   -0.784981E+04    0.281953E+04
    2.9350   -0.213894E+04   -0.776260E+04    0.281183E+04
    2.9400   -0.206324E+04   -0.767505E+04    0.280590E+04
    2.9450   -0.198347E+04   -0.758721E+04    0.280187E+04
    2.9500   -0.189913E+04   -0.749920E+04    0.280003E+04
    2.9550   -0.180946E+04   -0.741118E+04    0.280086E+04
    2.9600   -0.171348E+04   -0.732334E+04    0.280493E+04
    2.9650   -0.161021E+04   -0.723592E+04    0.281286E+04
    2.9700   -0.149874E+04   -0.714911E+04    0.282519E+04
    2.9750   -0.137830E+04   -0.706312E+04    0.284241E+04
    2.9800   -0.124823E+04   -0.697820E+04    0.286499E+04
    2.9850   -0.110803E+04   -0.689459E+04    0.289328E+04
    2.9900   -0.957299E+03   -0.681266E+04    0.292768E+04
    2.9950   -0.795852E+03   -0.673274E+04    0.296844E+04
    3.0000   -0.623791E+03   -0.665517E+04    0.301569E+04
    3.0050   -0.441436E+03   -0.658028E+04    0.306942E+04
    3.0100   -0.249437E+03   -0.650830E+04    0.312943E+04
    3.0150   -0.486217E+02   -0.643942E+04    0.319540E+04
    3.0200    0.160078E+03   -0.637377E+04    0.326692E+04
    3.0250    0.375472E+03   -0.631132E+04    0.334340E+04
    3.0300    0.596636E+03   -0.625207E+04    0.342435E+04
    3.0350    0.822682E+03   -0.619592E+04    0.350930E+04
    3.0400    0.105286E+04   -0.614271E+04    0.359779E+04
    3.0450    0.128678E+04   -0.609234E+04    0.368956E+04
    3.0500    0.152414E+04   -0.604461E+04    0.378437E+04
    3.0550    0.176493E+04   -0.599938E+04    0.388216E+04
    3.0600    0.200940E+04   -0.595653E+04    0.398296E+04
    3.0650    0.225778E+04   -0.591591E+04    0.408685E+04
    3.0700    0.251056E+04   -0.587744E+04    0.419400E+04
    3.0750    0.276818E+04   -0.584106E+04    0.430462E+04
    3.0800    0.303095E+04   -0.580665E+04    0.441880E+04
    3.0850    0.329925E+04   -0.577418E+04    0.453671E+04
    3.0900    0.357305E+04   -0.574348E+04    0.465827E+04
    3.0950    0.385240E+04   -0.571445E+04    0.478342E+04
    3.1000    0.413689E+04   -0.568684E+04    0.491187E+04
    3.1050    0.442606E+04   -0.566041E+04    0.504324E+04
    3.1100    0.471925E+04   -0.563486E+04    0.517706E+04
    3.1150    0.501573E+04   -0.560987E+04    0.531280E+04
    3.1200    0.531467E+04   -0.558508E+04    0.544987E+04
    3.1250    0.561518E+04   -0.556014E+04    0.558766E+04
    3.1300    0.591656E+04   -0.553481E+04    0.572569E+04
    3.1350    0.621803E+04   -0.550881E+04    0.586342E+04
    3.1400    0.651891E+04   -0.548194E+04    0.600043E+04
    3.1450    0.681866E+04   -0.545409E+04    0.613637E+04
    3.1500    0.711686E+04   -0.542526E+04    0.627106E+04
    3.1550    0.741298E+04   -0.539543E+04    0.640420E+04
    3.1600    0.770678E+04   -0.536473E+04    0.653576E+04
    3.1650    0.799797E+04   -0.533332E+04    0.666564E+04
    3.1700    0.828622E+04   -0.530136E+04    0.679379E+04
    3.1750    0.857127E+04   -0.526907E+04    0.692017E+04
    3.1800    0.885259E+04   -0.523655E+04    0.704457E+04
    3.1850    0.912961E+04   -0.520390E+04    0.716675E+04
    3.1900    0.940185E+04   -0.517118E+04    0.728652E+04
    3.1950    0.966877E+04   -0.513837E+04    0.740357E+04
    3.2000    0.992979E+04   -0.510540E+04    0.751759E+04
    3.2050    0.101845E+05   -0.507211E+04    0.762830E+04
    3.2100    0.104326E+05   -0.503836E+04    0.773546E+04
    3.2150    0.106739E+05   -0.500394E+04    0.783891E+04
    3.2200    0.109086E+05   -0.496874E+04    0.793869E+04
    3.2250    0.111370E+05   -0.493262E+04    0.803480E+04
    3.2300    0.113592E+05   -0.489546E+04    0.812733E+04
    3.2350    0.115756E+05   -0.485729E+04    0.821644E+04
    3.2400    0.117863E+05   -0.481806E+04    0.830217E+04
    3.2450    0.119911E+05   -0.477776E+04    0.838445E+04
    3.2500    0.121898E+05   -0.473635E+04    0.846307E+04
    3.2550    0.123815E+05   -0.469372E+04    0.853760E+04
    3.2600    0.125651E+05   -0.464965E+04    0.860739E+04
    3.2650    0.127394E+05   -0.460382E+04    0.867160E+04
    3.2700    0.129027E+05   -0.455584E+04    0.872926E+04
    3.2750    0.130534E+05   -0.450531E+04    0.877935E+04
    3.2800    0.131899E+05   -0.445195E+04    0.882093E+04
    3.2850    0.133108E+05   -0.439562E+04    0.885323E+04
    3.2900    0.134151E+05   -0.433654E+04    0.887581E+04
    3.2950    0.135019E+05   -0.427497E+04    0.888843E+04
    3.3000    0.135710E+05   -0.421151E+04    0.889125E+04
    3.3050    0.136226E+05   -0.414703E+04    0.888484E+04
    3.3100    0.136576E+05   -0.408205E+04    0.886983E+04
    3.3150    0.136772E+05   -0.401706E+04    0.884711E+04
    3.3200    0.136831E+05   -0.395211E+04    0.881758E+04
    3.3250    0.136776E+05   -0.388740E+04    0.878250E+04
    3.3300    0.136634E+05   -0.382295E+04    0.874317E+04
    3.3350    0.136434E+05   -0.375930E+04    0.870137E+04
    3.3400    0.136209E+05   -0.369746E+04    0.865918E+04
    3.3450    0.135988E+05   -0.363899E+04    0.861891E+04
    3.3500    0.135800E+05   -0.358584E+04    0.858293E+04
    3.3550    0.135666E+05   -0.353986E+04    0.855324E+04
    3.3600    0.135600E+05   -0.350261E+04    0.853132E+04
    3.3650    0.135607E+05   -0.347487E+04    0.851780E+04
    3.3700    0.135681E+05   -0.345650E+04    0.851231E+04
    3.3750    0.135807E+05   -0.344644E+04    0.851358E+04
    3.3800    0.135964E+05   -0.344306E+04    0.851972E+04
    3.3850    0.136121E+05   -0.344450E+04    0.852832E+04
    3.3900    0.136251E+05   -0.344886E+04    0.853698E+04
    3.3950    0.136321E+05   -0.345459E+04    0.854337E+04
    3.4000    0.136304E+05   -0.346050E+04    0.854545E+04
    3.4050    0.136173E+05   -0.346616E+04    0.854175E+04
    3.4100    0.135908E+05   -0.347166E+04    0.853124E+04
    3.4150    0.135493E+05   -0.347770E+04    0.851349E+04
    3.4200    0.134916E+05   -0.348524E+04    0.848842E+04
    3.4250    0.134172E+05   -0.349553E+04    0.845636E+04
    3.4300    0.133259E+05   -0.350990E+04    0.841791E+04
    3.4350    0.132180E+05   -0.352964E+04    0.837384E+04
    3.4400    0.130942E+05   -0.355585E+04    0.832502E+04
    3.4450    0.129553E+05   -0.358937E+04    0.827233E+04
    3.4500    0.128025E+05   -0.363070E+04    0.821658E+04
    3.4550    0.126370E+05   -0.367998E+04    0.815850E+04
    3.4600    0.124604E+05   -0.373694E+04    0.809865E+04
    3.4650    0.122740E+05   -0.380095E+04    0.803746E+04
    3.4700    0.120793E+05   -0.387102E+04    0.797515E+04
    3.4750    0.118777E+05   -0.394587E+04    0.791181E+04
    3.4800    0.116707E+05   -0.402394E+04    0.784730E+04
    3.4850    0.114592E+05   -0.410352E+04    0.778136E+04
    3.4900    0.112444E+05   -0.418277E+04    0.771358E+04
    3.4950    0.110271E+05   -0.425969E+04    0.764340E+04
    3.5000    0.108081E+05   -0.433241E+04    0.757023E+04
    3.5050    0.105878E+05   -0.439902E+04    0.749340E+04
    3.5100    0.103668E+05   -0.445774E+04    0.741226E+04
    3.5150    0.101454E+05   -0.450694E+04    0.732619E+04
    3.5200    0.992416E+04   -0.454517E+04    0.723466E+04
    3.5250    0.970341E+04   -0.457121E+04    0.713731E+04
    3.5300    0.948375E+04   -0.458412E+04    0.703394E+04
    3.5350    0.926590E+04   -0.458325E+04    0.692457E+04
    3.5400    0.905072E+04   -0.456826E+04    0.680949E+04
    3.5450    0.883926E+04   -0.453916E+04    0.668921E+04
    3.5500    0.863269E+04   -0.449626E+04    0.656448E+04
    3.5550    0.843230E+04   -0.444025E+04    0.643628E+04
    3.5600    0.823936E+04   -0.437203E+04    0.630570E+04
    3.5650    0.805512E+04   -0.429281E+04    0.617397E+04
    3.5700    0.788067E+04   -0.420401E+04    0.604234E+04
    3.5750    0.771702E+04   -0.410731E+04    0.591216E+04
    3.5800    0.756479E+04   -0.400443E+04    0.578461E+04
    3.5850    0.742428E+04   -0.389714E+04    0.566071E+04
    3.5900    0.729550E+04   -0.378723E+04    0.554137E+04
    3.5950    0.717814E+04   -0.367642E+04    0.542728E+04
    3.6000    0.707164E+04   -0.356630E+04    0.531897E+04
    3.6050    0.697528E+04   -0.345831E+04    0.521679E+04
    3.6100    0.688817E+04   -0.335375E+04    0.512096E+04
    3.6150    0.680951E+04   -0.325364E+04    0.503158E+04
    3.6200    0.673857E+04   -0.315881E+04    0.494869E+04
    3.6250    0.667481E+04   -0.306985E+04    0.487233E+04
    3.6300    0.661794E+04   -0.298711E+04    0.480253E+04
    3.6350    0.656796E+04   -0.291074E+04    0.473935E+04
    3.6400    0.652512E+04   -0.284067E+04    0.468290E+04
    3.6450    0.648993E+04   -0.277669E+04    0.463331E+04
    3.6500    0.646303E+04   -0.271843E+04    0.459073E+04
    3.6550    0.644514E+04   -0.266545E+04    0.455529E+04
    3.6600    0.643692E+04   -0.261721E+04    0.452707E+04
    3.6650    0.643890E+04   -0.257316E+04    0.450603E+04
    3.6700    0.645133E+04   -0.253271E+04    0.449202E+04
    3.6750    0.647410E+04   -0.249532E+04    0.448471E+04
    3.6800    0.650680E+04   -0.246044E+04    0.448362E+04
    3.6850    0.654858E+04   -0.242754E+04    0.448806E+04
    3.6900    0.659828E+04   -0.239614E+04    0.449721E+04
    3.6950    0.665445E+04   -0.236578E+04    0.451012E+04
    3.7000    0.671547E+04   -0.233606E+04    0.452576E+04
    3.7050    0.677968E+04   -0.230657E+04    0.454313E+04
    3.7100    0.684549E+04   -0.227699E+04    0.456124E+04
    3.7150    0.691153E+04   -0.224700E+04    0.457927E+04
    3.7200    0.697672E+04   -0.221639E+04    0.459656E+04
    3.7250    0.704040E+04   -0.218498E+04    0.461269E+04
    3.7300    0.710230E+04   -0.215271E+04    0.462750E+04
    3.7350    0.716258E+04   -0.211962E+04    0.464110E+04
    3.7400    0.722175E+04   -0.208589E+04    0.465382E+04
    3.7450    0.728062E+04   -0.205187E+04    0.466624E+04
    3.7500    0.734012E+04   -0.201796E+04    0.467904E+04
    3.7550    0.740122E+04   -0.198475E+04    0.469299E+04
    3.7600    0.746481E+04   -0.195292E+04    0.470887E+04
    3.7650    0.753149E+04   -0.192329E+04    0.472739E+04
    3.7700    0.760161E+04   -0.189664E+04    0.474912E+04
    3.7750    0.767516E+04   -0.187376E+04    0.477446E+04
    3.7800    0.775172E+04   -0.185543E+04    0.480358E+04
    3.7850    0.783050E+04   -0.184238E+04    0.483644E+04
    3.7900    0.791051E+04   -0.183512E+04    0.487281E+04
    3.7950    0.799047E+04   -0.183412E+04    0.491229E+04
    3.8000    0.806909E+04   -0.183964E+04    0.495437E+04
    3.8050    0.814513E+04   -0.185178E+04    0.499845E+04
    3.8100    0.821749E+04   -0.187050E+04    0.504399E+04
    3.8150    0.828536E+04   -0.189563E+04    0.509049E+04
    3.8200    0.834822E+04   -0.192691E+04    0.513756E+04
    3.8250    0.840593E+04   -0.196398E+04    0.518496E+04
    3.8300    0.845869E+04   -0.200647E+04    0.523258E+04
    3.8350    0.850699E+04   -0.205399E+04    0.528049E+04
    3.8400    0.855151E+04   -0.210615E+04    0.532883E+04
    3.8450    0.859310E+04   -0.216259E+04    0.537785E+04
    3.8500    0.863262E+04   -0.222300E+04    0.542781E+04
    3.8550    0.867085E+04   -0.228710E+04    0.547897E+04
    3.8600    0.870840E+04   -0.235464E+04    0.553152E+04
    3.8650    0.874568E+04   -0.242538E+04    0.558553E+04
    3.8700    0.878286E+04   -0.249912E+04    0.564099E+04
    3.8750    0.881986E+04   -0.257561E+04    0.569773E+04
    3.8800    0.885639E+04   -0.265462E+04    0.575551E+04
    3.8850    0.889205E+04   -0.273592E+04    0.581399E+04
    3.8900    0.892636E+04   -0.281924E+04    0.587280E+04
    3.8950    0.895888E+04   -0.290435E+04    0.593161E+04
    3.9000    0.898926E+04   -0.299101E+04    0.599013E+04
    3.9050    0.901735E+04   -0.307905E+04    0.604820E+04
    3.9100    0.904322E+04   -0.316841E+04    0.610581E+04
    3.9150    0.906722E+04   -0.325909E+04    0.616315E+04
    3.9200    0.908991E+04   -0.335134E+04    0.622063E+04
    3.9250    0.911209E+04   -0.344569E+04    0.627889E+04
    3.9300    0.913470E+04   -0.354307E+04    0.633889E+04
    3.9350    0.915886E+04   -0.364504E+04    0.640195E+04
    3.9400    0.918576E+04   -0.375431E+04    0.647004E+04
    3.9450    0.921686E+04   -0.387558E+04    0.654622E+04
    3.9500    0.925419E+04   -0.401768E+04    0.663593E+04
    3.9550    0.930156E+04   -0.419683E+04    0.674920E+04
    3.9600    0.936496E+04   -0.442779E+04    0.689638E+04
    3.9650    0.943116E+04   -0.462160E+04    0.702638E+04
    3.9700    0.946184E+04   -0.465424E+04    0.705804E+04
    3.9750    0.947014E+04   -0.462331E+04    0.704673E+04
    3.9800    0.947443E+04   -0.459664E+04    0.703553E+04
    3.9850    0.948048E+04   -0.458966E+04    0.703507E+04
    3.9900    0.948958E+04   -0.460378E+04    0.704668E+04
    3.9950    0.950172E+04   -0.463699E+04    0.706936E+04
    4.0000    0.951655E+04   -0.468629E+04    0.710142E+04
    4.0050    0.953375E+04   -0.474844E+04    0.714109E+04
    4.0100    0.955309E+04   -0.482023E+04    0.718666E+04
    4.0150    0.957452E+04   -0.489859E+04    0.723656E+04
    4.0200    0.959810E+04   -0.498063E+04    0.728937E+04
    4.0250    0.962398E+04   -0.506376E+04    0.734387E+04
    4.0300    0.965233E+04   -0.514566E+04    0.739899E+04
    4.0350    0.968332E+04   -0.522434E+04    0.745383E+04
    4.0400    0.971704E+04   -0.529817E+04    0.750761E+04
    4.0450    0.975345E+04   -0.536583E+04    0.755964E+04
    4.0500    0.979235E+04   -0.542633E+04    0.760934E+04
    4.0550    0.983338E+04   -0.547900E+04    0.765619E+04
    4.0600    0.987601E+04   -0.552346E+04    0.769974E+04
    4.0650    0.991954E+04   -0.555954E+04    0.773954E+04
    4.0700    0.996315E+04   -0.558735E+04    0.777525E+04
    4.0750    0.100059E+05   -0.560721E+04    0.780656E+04
    4.0800    0.100469E+05   -0.561964E+04    0.783326E+04
    4.0850    0.100851E+05   -0.562532E+04    0.785520E+04
    4.0900    0.101196E+05   -0.562510E+04    0.787233E+04
    4.0950    0.101495E+05   -0.561996E+04    0.788472E+04
    4.1000    0.101741E+05   -0.561098E+04    0.789253E+04
    4.1050    0.101927E+05   -0.559933E+04    0.789601E+04
    4.1100    0.102049E+05   -0.558622E+04    0.789554E+04
    4.1150    0.102102E+05   -0.557284E+04    0.789151E+04
    4.1200    0.102084E+05   -0.556034E+04    0.788437E+04
    4.1250    0.101994E+05   -0.554981E+04    0.787460E+04
    4.1300    0.101831E+05   -0.554216E+04    0.786264E+04
    4.1350    0.101596E+05   -0.553820E+04    0.784891E+04
    4.1400    0.101290E+05   -0.553852E+04    0.783378E+04
    4.1450    0.100916E+05   -0.554354E+04    0.781755E+04
    4.1500    0.100474E+05   -0.555347E+04    0.780044E+04
    4.1550    0.999689E+04   -0.556834E+04    0.778262E+04
    4.1600    0.994030E+04   -0.558803E+04    0.776416E+04
    4.1650    0.987801E+04   -0.561225E+04    0.774513E+04
    4.1700    0.981040E+04   -0.564062E+04    0.772551E+04
    4.1750    0.973791E+04   -0.567265E+04    0.770528E+04
    4.1800    0.966099E+04   -0.570783E+04    0.768441E+04
    4.1850    0.958013E+04   -0.574561E+04    0.766287E+04
    4.1900    0.949582E+04   -0.578545E+04    0.764064E+04
    4.1950    0.940857E+04   -0.582685E+04    0.761771E+04
    4.2000    0.931888E+04   -0.586931E+04    0.759410E+04
    4.2050    0.922723E+04   -0.591241E+04    0.756982E+04
    4.2100    0.913407E+04   -0.595573E+04    0.754490E+04
    4.2150    0.903982E+04   -0.599890E+04    0.751936E+04
    4.2200    0.894485E+04   -0.604157E+04    0.749321E+04
    4.2250    0.884948E+04   -0.608339E+04    0.746643E+04
    4.2300    0.875396E+04   -0.612400E+04    0.743898E+04
    4.2350    0.865847E+04   -0.616306E+04    0.741077E+04
    4.2400    0.856316E+04   -0.620025E+04    0.738170E+04
    4.2450    0.846808E+04   -0.623530E+04    0.735169E+04
    4.2500    0.837325E+04   -0.626798E+04    0.732062E+04
    4.2550    0.827864E+04   -0.629818E+04    0.728841E+04
    4.2600    0.818418E+04   -0.632586E+04    0.725502E+04
    4.2650    0.808977E+04   -0.635108E+04    0.722043E+04
    4.2700    0.799533E+04   -0.637400E+04    0.718466E+04
    4.2750    0.790076E+04   -0.639487E+04    0.714782E+04
    4.2800    0.780601E+04   -0.641401E+04    0.711001E+04
    4.2850    0.771108E+04   -0.643180E+04    0.707144E+04
    4.2900    0.761602E+04   -0.644866E+04    0.703234E+04
    4.2950    0.752099E+04   -0.646500E+04    0.699299E+04
    4.3000    0.742626E+04   -0.648119E+04    0.695372E+04
    4.3050    0.733219E+04   -0.649753E+04    0.691486E+04
    4.3100    0.723925E+04   -0.651418E+04    0.687672E+04
    4.3150    0.714801E+04   -0.653115E+04    0.683958E+04
    4.3200    0.705910E+04   -0.654822E+04    0.680366E+04
    4.3250    0.697321E+04   -0.656498E+04    0.676910E+04
    4.3300    0.689103E+04   -0.658086E+04    0.673594E+04
    4.3350    0.681320E+04   -0.659516E+04    0.670418E+04
    4.3400    0.674031E+04   -0.660720E+04    0.667375E+04
    4.3450    0.667282E+04   -0.661638E+04    0.664460E+04
    4.3500    0.661106E+04   -0.662228E+04    0.661667E+04
    4.3550    0.655520E+04   -0.662466E+04    0.658993E+04
    4.3600    0.650522E+04   -0.662351E+04    0.656436E+04
    4.3650    0.646101E+04   -0.661891E+04    0.653996E+04
    4.3700    0.642227E+04   -0.661103E+04    0.651665E+04
    4.3750    0.638860E+04   -0.660007E+04    0.649433E+04
    4.3800    0.635956E+04   -0.658616E+04    0.647286E+04
    4.3850    0.633469E+04   -0.656937E+04    0.645203E+04
    4.3900    0.631354E+04   -0.654967E+04    0.643160E+04
    4.3950    0.629567E+04   -0.652690E+04    0.641129E+04
    4.4000    0.628080E+04   -0.650075E+04    0.639077E+04
    4.4050    0.626871E+04   -0.647078E+04    0.636975E+04
    4.4100    0.625928E+04   -0.643639E+04    0.634784E+04
    4.4150    0.625246E+04   -0.639687E+04    0.632466E+04
    4.4200    0.624824E+04   -0.635142E+04    0.629983E+04
    4.4250    0.624667E+04   -0.629937E+04    0.627302E+04
    4.4300    0.624774E+04   -0.624023E+04    0.624399E+04
    4.4350    0.625141E+04   -0.617396E+04    0.621269E+04
    4.4400    0.625755E+04   -0.610114E+04    0.617934E+04
    4.4450    0.626588E+04   -0.602300E+04    0.614444E+04
    4.4500    0.627602E+04   -0.594133E+04    0.610867E+04
    4.4550    0.628747E+04   -0.585813E+04    0.607280E+04
    4.4600    0.629962E+04   -0.577525E+04    0.603743E+04
    4.4650    0.631179E+04   -0.569412E+04    0.600296E+04
    4.4700    0.632327E+04   -0.561573E+04    0.596950E+04
    4.4750    0.633340E+04   -0.554057E+04    0.593699E+04
    4.4800    0.634153E+04   -0.546880E+04    0.590517E+04
    4.4850    0.634719E+04   -0.540043E+04    0.587381E+04
    4.4900    0.635001E+04   -0.533532E+04    0.584266E+04
    4.4950    0.634982E+04   -0.527323E+04    0.581153E+04
    4.5000    0.634662E+04   -0.521392E+04    0.578027E+04
    4.5050    0.634062E+04   -0.515708E+04    0.574885E+04
    4.5100    0.633224E+04   -0.510244E+04    0.571734E+04
    4.5150    0.632213E+04   -0.504966E+04    0.568590E+04
    4.5200    0.631139E+04   -0.499842E+04    0.565491E+04
    4.5250    0.630187E+04   -0.494838E+04    0.562513E+04
    4.5300    0.629707E+04   -0.489919E+04    0.559813E+04
    4.5350    0.630385E+04   -0.485051E+04    0.557718E+04
    4.5400    0.633457E+04   -0.480200E+04    0.556829E+04
    4.5450    0.640482E+04   -0.475338E+04    0.557910E+04
    4.5500    0.651764E+04   -0.470437E+04    0.561101E+04
    4.5550    0.664934E+04   -0.465475E+04    0.565205E+04
    4.5600    0.676937E+04   -0.460435E+04    0.568686E+04
    4.5650    0.686287E+04   -0.455306E+04    0.570797E+04
    4.5700    0.692881E+04   -0.450084E+04    0.571483E+04
    4.5750    0.697149E+04   -0.444768E+04    0.570959E+04
    4.5800    0.699599E+04   -0.439364E+04    0.569481E+04
    4.5850    0.700651E+04   -0.433881E+04    0.567266E+04
    4.5900    0.700646E+04   -0.428330E+04    0.564488E+04
    4.5950    0.699845E+04   -0.422726E+04    0.561285E+04
    4.6000    0.698430E+04   -0.417084E+04    0.557757E+04
    4.6050    0.696535E+04   -0.411417E+04    0.553976E+04
    4.6100    0.694251E+04   -0.405741E+04    0.549996E+04
    4.6150    0.691637E+04   -0.400070E+04    0.545853E+04
    4.6200    0.688733E+04   -0.394415E+04    0.541574E+04
    4.6250    0.685552E+04   -0.388790E+04    0.537171E+04
    4.6300    0.682094E+04   -0.383206E+04    0.532650E+04
    4.6350    0.678351E+04   -0.377674E+04    0.528013E+04
    4.6400    0.674317E+04   -0.372206E+04    0.523262E+04
    4.6450    0.669989E+04   -0.366813E+04    0.518401E+04
    4.6500    0.665371E+04   -0.361508E+04    0.513439E+04
    4.6550    0.660481E+04   -0.356303E+04    0.508392E+04
    4.6600    0.655353E+04   -0.351212E+04    0.503282E+04
    4.6650    0.650036E+04   -0.346248E+04    0.498142E+04
    4.6700    0.644595E+04   -0.341425E+04    0.493010E+04
    4.6750    0.639104E+04   -0.336758E+04    0.487931E+04
    4.6800    0.633642E+04   -0.332260E+04    0.482951E+04
    4.6850    0.628285E+04   -0.327946E+04    0.478116E+04
    4.6900    0.623102E+04   -0.323830E+04    0.473466E+04
    4.6950    0.618145E+04   -0.319924E+04    0.469034E+04
    4.7000    0.613442E+04   -0.316242E+04    0.464842E+04
    4.7050    0.608999E+04   -0.312802E+04    0.460901E+04
    4.7100    0.604791E+04   -0.309601E+04    0.457196E+04
    4.7150    0.600763E+04   -0.306663E+04    0.453713E+04
    4.7200    0.596841E+04   -0.303992E+04    0.450417E+04
    4.7250    0.592931E+04   -0.301592E+04    0.447261E+04
    4.7300    0.588925E+04   -0.299465E+04    0.444195E+04
    4.7350    0.584714E+04   -0.297610E+04    0.441162E+04
    4.7400    0.580193E+04   -0.296016E+04    0.438104E+04
    4.7450    0.575274E+04   -0.294670E+04    0.434972E+04
    4.7500    0.569885E+04   -0.293554E+04    0.431719E+04
    4.7550    0.563981E+04   -0.292643E+04    0.428312E+04
    4.7600    0.557542E+04   -0.291910E+04    0.424726E+04
    4.7650    0.550570E+04   -0.291324E+04    0.420947E+04
    4.7700    0.543089E+04   -0.290855E+04    0.416972E+04
    4.7750    0.535135E+04   -0.290473E+04    0.412804E+04
    4.7800    0.526752E+04   -0.290150E+04    0.408451E+04
    4.7850    0.517982E+04   -0.289866E+04    0.403924E+04
    4.7900    0.508859E+04   -0.289601E+04    0.399230E+04
    4.7950    0.499403E+04   -0.289347E+04    0.394375E+04
    4.8000    0.489613E+04   -0.289098E+04    0.389356E+04
    4.8050    0.479473E+04   -0.288854E+04    0.384163E+04
    4.8100    0.468944E+04   -0.288621E+04    0.378783E+04
    4.8150    0.457979E+04   -0.288407E+04    0.373193E+04
    4.8200    0.446520E+04   -0.288217E+04    0.367368E+04
    4.8250    0.434513E+04   -0.288061E+04    0.361287E+04
    4.8300    0.421908E+04   -0.287941E+04    0.354925E+04
    4.8350    0.408677E+04   -0.287859E+04    0.348268E+04
    4.8400    0.394809E+04   -0.287808E+04    0.341309E+04
    4.8450    0.380324E+04   -0.287780E+04    0.334052E+04
    4.8500    0.365263E+04   -0.287761E+04    0.326512E+04
    4.8550    0.349699E+04   -0.287732E+04    0.318715E+04
    4.8600    0.333719E+04   -0.287676E+04    0.310698E+04
    4.8650    0.317429E+04   -0.287571E+04    0.302500E+04
    4.8700    0.300936E+04   -0.287396E+04    0.294166E+04
    4.8750    0.284345E+04   -0.287135E+04    0.285740E+04
    4.8800    0.267749E+04   -0.286771E+04    0.277260E+04
    4.8850    0.251218E+04   -0.286292E+04    0.268755E+04
    4.8900    0.234800E+04   -0.285688E+04    0.260244E+04
    4.8950    0.218512E+04   -0.284950E+04    0.251731E+04
    4.9000    0.202343E+04   -0.284075E+04    0.243209E+04
    4.9050    0.186266E+04   -0.283054E+04    0.234660E+04
    4.9100    0.170228E+04   -0.281881E+04    0.226055E+04
    4.9150    0.154168E+04   -0.280545E+04    0.217357E+04
    4.9200    0.138022E+04   -0.279034E+04    0.208528E+04
    4.9250    0.121735E+04   -0.277330E+04    0.199532E+04
    4.9300    0.105259E+04   -0.275414E+04    0.190336E+04
    4.9350    0.885722E+03   -0.273261E+04    0.180916E+04
    4.9400    0.716696E+03   -0.270845E+04    0.171257E+04
    4.9450    0.545718E+03   -0.268141E+04    0.161357E+04
    4.9500    0.373148E+03   -0.265124E+04    0.151220E+04
    4.9550    0.199554E+03   -0.261773E+04    0.140864E+04
    4.9600    0.255856E+02   -0.258070E+04    0.130314E+04
    4.9650   -0.148067E+03   -0.254008E+04    0.119600E+04
    4.9700   -0.320741E+03   -0.249583E+04    0.108755E+04
    4.9750   -0.491855E+03   -0.244806E+04    0.978100E+03
    4.9800   -0.660950E+03   -0.239690E+04    0.867973E+03
    4.9850   -0.827705E+03   -0.234259E+04    0.757442E+03
    4.9900   -0.991926E+03   -0.228544E+04    0.646755E+03
    4.9950   -0.115351E+04   -0.222577E+04    0.536128E+03
    5.0000   -0.131245E+04   -0.216394E+04    0.425741E+03
    5.0050   -0.146874E+04   -0.210028E+04    0.315767E+03
    5.0100   -0.162235E+04   -0.203510E+04    0.206374E+03
    5.0150   -0.177310E+04   -0.196863E+04    0.977682E+02
    5.0200   -0.192076E+04   -0.190107E+04   -0.984748E+01
    5.0250   -0.206497E+04   -0.183250E+04   -0.116233E+03
    5.0300   -0.220522E+04   -0.176296E+04   -0.221127E+03
    5.0350   -0.234092E+04   -0.169241E+04   -0.324258E+03
    5.0400   -0.247146E+04   -0.162076E+04   -0.425346E+03
    5.0450   -0.259622E+04   -0.154793E+04   -0.524143E+03
    5.0500   -0.271468E+04   -0.147382E+04   -0.620430E+03
    5.0550   -0.282647E+04   -0.139836E+04   -0.714054E+03
    5.0600   -0.293150E+04   -0.132157E+04   -0.804964E+03
    5.0650   -0.302983E+04   -0.124352E+04   -0.893159E+03
    5.0700   -0.312183E+04   -0.116435E+04   -0.978744E+03
    5.0750   -0.320812E+04   -0.108430E+04   -0.106191E+04
    5.0800   -0.328953E+04   -0.100366E+04   -0.114293E+04
    5.0850   -0.336703E+04   -0.922795E+03   -0.122212E+04
    5.0900   -0.344163E+04   -0.842075E+03   -0.129978E+04
    5.0950   -0.351430E+04   -0.761880E+03   -0.137621E+04
    5.1000   -0.358589E+04   -0.682557E+03   -0.145167E+04
    5.1050   -0.365705E+04   -0.604424E+03   -0.152632E+04
    5.1100   -0.372814E+04   -0.527712E+03   -0.160021E+04
    5.1150   -0.379919E+04   -0.452587E+03   -0.167330E+04
    5.1200   -0.386998E+04   -0.379143E+03   -0.174542E+04
    5.1250   -0.394001E+04   -0.307406E+03   -0.181630E+04
    5.1300   -0.400857E+04   -0.237358E+03   -0.188561E+04
    5.1350   -0.407489E+04   -0.168947E+03   -0.195297E+04
    5.1400   -0.413816E+04   -0.102118E+03   -0.201802E+04
    5.1450   -0.419772E+04   -0.368331E+02   -0.208044E+04
    5.1500   -0.425311E+04    0.269277E+02   -0.214002E+04
    5.1550   -0.430418E+04    0.890923E+02   -0.219663E+04
    5.1600   -0.435093E+04    0.149301E+03   -0.225011E+04
    5.1650   -0.439425E+04    0.208206E+03   -0.230123E+04
    5.1700   -0.443461E+04    0.264775E+03   -0.234969E+04
    5.1750   -0.447318E+04    0.319032E+03   -0.239610E+04
    5.1800   -0.451113E+04    0.370709E+03   -0.244092E+04
    5.1850   -0.454971E+04    0.419532E+03   -0.248462E+04
    5.1900   -0.459006E+04    0.465243E+03   -0.252765E+04
    5.1950   -0.463310E+04    0.507614E+03   -0.257036E+04
    5.2000   -0.467946E+04    0.546466E+03   -0.261296E+04
    5.2050   -0.472935E+04    0.581659E+03   -0.265551E+04
    5.2100   -0.478264E+04    0.613156E+03   -0.269790E+04
    5.2150   -0.483871E+04    0.640905E+03   -0.273981E+04
    5.2200   -0.489661E+04    0.664935E+03   -0.278077E+04
    5.2250   -0.495509E+04    0.685302E+03   -0.282020E+04
    5.2300   -0.501275E+04    0.702075E+03   -0.285741E+04
    5.2350   -0.506815E+04    0.715328E+03   -0.289174E+04
    5.2400   -0.511998E+04    0.725129E+03   -0.292255E+04
    5.2450   -0.516713E+04    0.731521E+03   -0.294932E+04
    5.2500   -0.520888E+04    0.734530E+03   -0.297170E+04
    5.2550   -0.524493E+04    0.734169E+03   -0.298955E+04
    5.2600   -0.527546E+04    0.730431E+03   -0.300295E+04
