    0.0000    0.205697E-08   -0.919212E-10    0.107444E-08
    0.0050    0.133451E+04    0.155076E+03    0.589718E+03
    0.0100    0.133731E+04   -0.566225E+02    0.696967E+03
    0.0150    0.130952E+04   -0.248162E+03    0.778841E+03
    0.0200    0.126201E+04   -0.415986E+03    0.838997E+03
    0.0250    0.119984E+04   -0.556185E+03    0.878013E+03
    0.0300    0.112550E+04   -0.666301E+03    0.895902E+03
    0.0350    0.104211E+04   -0.746923E+03    0.894517E+03
    0.0400    0.954682E+03   -0.802076E+03    0.878379E+03
    0.0450    0.869307E+03   -0.838104E+03    0.853705E+03
    0.0500    0.791319E+03   -0.861568E+03    0.826444E+03
    0.0550    0.723795E+03   -0.877226E+03    0.800511E+03
    0.0600    0.667220E+03   -0.887006E+03    0.777113E+03
    0.0650    0.620333E+03   -0.890354E+03    0.755344E+03
    0.0700    0.581520E+03   -0.885629E+03    0.733575E+03
    0.0750    0.549957E+03   -0.871747E+03    0.710852E+03
    0.0800    0.526050E+03   -0.849276E+03    0.687663E+03
    0.0850    0.511136E+03   -0.820568E+03    0.665852E+03
    0.0900    0.506770E+03   -0.789039E+03    0.647904E+03
    0.0950    0.513994E+03   -0.758063E+03    0.636028E+03
    0.1000    0.532881E+03   -0.730017E+03    0.631449E+03
    0.1050    0.562456E+03   -0.705823E+03    0.634140E+03
    0.1100    0.600907E+03   -0.685029E+03    0.642968E+03
    0.1150    0.645919E+03   -0.666292E+03    0.656106E+03
    0.1200    0.695019E+03   -0.648000E+03    0.671509E+03
    0.1250    0.745837E+03   -0.628850E+03    0.687343E+03
    0.1300    0.796304E+03   -0.608243E+03    0.702274E+03
    0.1350    0.844770E+03   -0.586445E+03    0.715608E+03
    0.1400    0.890069E+03   -0.564490E+03    0.727279E+03
    0.1450    0.931519E+03   -0.543865E+03    0.737692E+03
    0.1500    0.968890E+03   -0.526070E+03    0.747480E+03
    0.1550    0.100233E+04   -0.512173E+03    0.757249E+03
    0.1600    0.103225E+04   -0.502518E+03    0.767386E+03
    0.1650    0.105931E+04   -0.496681E+03    0.777993E+03
    0.1700    0.108424E+04   -0.493687E+03    0.788963E+03
    0.1750    0.110788E+04   -0.492404E+03    0.800142E+03
    0.1800    0.113105E+04   -0.491966E+03    0.811509E+03
    0.1850    0.115451E+04   -0.492052E+03    0.823280E+03
    0.1900    0.117887E+04   -0.492942E+03    0.835905E+03
    0.1950    0.120457E+04   -0.495324E+03    0.849944E+03
    0.2000    0.123183E+04   -0.499936E+03    0.865885E+03
    0.2050    0.126070E+04   -0.507189E+03    0.883945E+03
    0.2100    0.129100E+04   -0.516894E+03    0.903949E+03
    0.2150    0.132244E+04   -0.528188E+03    0.925313E+03
    0.2200    0.135459E+04   -0.539687E+03    0.947136E+03
    0.2250    0.138699E+04   -0.549799E+03    0.968393E+03
    0.2300    0.141918E+04   -0.557097E+03    0.988138E+03
    0.2350    0.145075E+04   -0.560635E+03    0.100569E+04
    0.2400    0.148134E+04   -0.560128E+03    0.102074E+04
    0.2450    0.151069E+04   -0.555938E+03    0.103332E+04
    0.2500    0.153858E+04   -0.548891E+03    0.104373E+04
    0.2550    0.156480E+04   -0.539996E+03    0.105240E+04
    0.2600    0.158921E+04   -0.530151E+03    0.105968E+04
    0.2650    0.161163E+04   -0.519952E+03    0.106579E+04
    0.2700    0.163194E+04   -0.509625E+03    0.107078E+04
    0.2750    0.165003E+04   -0.499127E+03    0.107458E+04
    0.2800    0.166585E+04   -0.488319E+03    0.107709E+04
    0.2850    0.167942E+04   -0.477142E+03    0.107828E+04
    0.2900    0.169080E+04   -0.465728E+03    0.107827E+04
    0.2950    0.170015E+04   -0.454382E+03    0.107726E+04
    0.3000    0.170765E+04   -0.443345E+03    0.107550E+04
    0.3050    0.171352E+04   -0.431802E+03    0.107266E+04
    0.3100    0.171802E+04   -0.402317E+03    0.106017E+04
    0.3150    0.172132E+04   -0.353247E+03    0.103729E+04
    0.3200    0.172365E+04   -0.358966E+03    0.104131E+04
    0.3250    0.172514E+04   -0.359536E+03    0.104234E+04
    0.3300    0.172591E+04   -0.357466E+03    0.104169E+04
    0.3350    0.172601E+04   -0.353819E+03    0.103991E+04
    0.3400    0.172547E+04   -0.349338E+03    0.103741E+04
    0.3450    0.172433E+04   -0.344800E+03    0.103457E+04
    0.3500    0.172260E+04   -0.341042E+03    0.103182E+04
    0.3550    0.172033E+04   -0.338875E+03    0.102960E+04
    0.3600    0.171760E+04   -0.338948E+03    0.102827E+04
    0.3650    0.171455E+04   -0.341641E+03    0.102809E+04
    0.3700    0.171133E+04   -0.347029E+03    0.102918E+04
    0.3750    0.170816E+04   -0.354912E+03    0.103153E+04
    0.3800    0.170522E+04   -0.364896E+03    0.103506E+04
    0.3850    0.170271E+04   -0.376503E+03    0.103961E+04
    0.3900    0.170078E+04   -0.389262E+03    0.104502E+04
    0.3950    0.169950E+04   -0.402748E+03    0.105113E+04
    0.4000    0.169890E+04   -0.416615E+03    0.105776E+04
    0.4050    0.169887E+04   -0.430507E+03    0.106469E+04
    0.4100    0.169923E+04   -0.444026E+03    0.107163E+04
    0.4150    0.169970E+04   -0.456682E+03    0.107819E+04
    0.4200    0.169994E+04   -0.467894E+03    0.108391E+04
    0.4250    0.169955E+04   -0.477024E+03    0.108829E+04
    0.4300    0.169816E+04   -0.483459E+03    0.109081E+04
    0.4350    0.169538E+04   -0.486699E+03    0.109104E+04
    0.4400    0.169092E+04   -0.486429E+03    0.108867E+04
    0.4450    0.168456E+04   -0.482550E+03    0.108355E+04
    0.4500    0.167620E+04   -0.475159E+03    0.107568E+04
    0.4550    0.166589E+04   -0.464502E+03    0.106519E+04
    0.4600    0.165377E+04   -0.450906E+03    0.105234E+04
    0.4650    0.164010E+04   -0.434703E+03    0.103740E+04
    0.4700    0.162523E+04   -0.416229E+03    0.102073E+04
    0.4750    0.160955E+04   -0.395759E+03    0.100265E+04
    0.4800    0.159344E+04   -0.373560E+03    0.983501E+03
    0.4850    0.157729E+04   -0.349908E+03    0.963601E+03
    0.4900    0.156142E+04   -0.325123E+03    0.943273E+03
    0.4950    0.154607E+04   -0.299581E+03    0.922825E+03
    0.5000    0.153138E+04   -0.273704E+03    0.902540E+03
    0.5050    0.151739E+04   -0.247939E+03    0.882664E+03
    0.5100    0.150407E+04   -0.222719E+03    0.863395E+03
    0.5150    0.149132E+04   -0.198419E+03    0.844871E+03
    0.5200    0.147899E+04   -0.175339E+03    0.827167E+03
    0.5250    0.146692E+04   -0.153663E+03    0.810290E+03
    0.5300    0.145494E+04   -0.133577E+03    0.794261E+03
    0.5350    0.144294E+04   -0.115102E+03    0.779019E+03
    0.5400    0.143081E+04   -0.982174E+02    0.764514E+03
    0.5450    0.141854E+04   -0.828445E+02    0.750694E+03
    0.5500    0.140617E+04   -0.688337E+02    0.737500E+03
    0.5550    0.139376E+04   -0.559530E+02    0.724858E+03
    0.5600    0.138143E+04   -0.438783E+02    0.712655E+03
    0.5650    0.136928E+04   -0.321946E+02    0.700740E+03
    0.5700    0.135742E+04   -0.204126E+02    0.688914E+03
    0.5750    0.134588E+04   -0.801197E+01    0.676948E+03
    0.5800    0.133470E+04    0.550965E+01    0.664596E+03
    0.5850    0.132381E+04    0.205796E+02    0.651615E+03
    0.5900    0.131308E+04    0.375042E+02    0.637786E+03
    0.5950    0.130230E+04    0.564415E+02    0.622928E+03
    0.6000    0.129122E+04    0.774007E+02    0.606908E+03
    0.6050    0.127953E+04    0.100250E+03    0.589643E+03
    0.6100    0.126695E+04    0.124759E+03    0.571095E+03
    0.6150    0.125318E+04    0.150628E+03    0.551276E+03
    0.6200    0.123798E+04    0.177540E+03    0.530219E+03
    0.6250    0.122117E+04    0.205177E+03    0.507998E+03
    0.6300    0.120268E+04    0.233236E+03    0.484720E+03
    0.6350    0.118252E+04    0.261440E+03    0.460538E+03
    0.6400    0.116083E+04    0.289528E+03    0.435652E+03
    0.6450    0.113788E+04    0.317257E+03    0.410313E+03
    0.6500    0.111402E+04    0.344400E+03    0.384810E+03
    0.6550    0.108967E+04    0.370750E+03    0.359461E+03
    0.6600    0.106531E+04    0.396123E+03    0.334594E+03
    0.6650    0.104142E+04    0.420366E+03    0.310525E+03
    0.6700    0.101844E+04    0.443353E+03    0.287543E+03
    0.6750    0.996771E+03    0.464979E+03    0.265896E+03
    0.6800    0.976696E+03    0.485151E+03    0.245773E+03
    0.6850    0.958375E+03    0.503779E+03    0.227298E+03
    0.6900    0.941821E+03    0.520767E+03    0.210527E+03
    0.6950    0.926907E+03    0.536019E+03    0.195444E+03
    0.7000    0.913369E+03    0.549449E+03    0.181960E+03
    0.7050    0.900833E+03    0.560988E+03    0.169923E+03
    0.7100    0.888847E+03    0.570609E+03    0.159119E+03
    0.7150    0.876908E+03    0.578329E+03    0.149290E+03
    0.7200    0.864517E+03    0.584216E+03    0.140150E+03
    0.7250    0.851211E+03    0.588378E+03    0.131416E+03
    0.7300    0.836614E+03    0.590949E+03    0.122833E+03
    0.7350    0.820470E+03    0.592065E+03    0.114202E+03
    0.7400    0.802661E+03    0.591844E+03    0.105408E+03
    0.7450    0.783221E+03    0.590362E+03    0.964295E+02
    0.7500    0.762323E+03    0.587629E+03    0.873470E+02
    0.7550    0.740266E+03    0.583573E+03    0.783467E+02
    0.7600    0.717451E+03    0.578014E+03    0.697182E+02
    0.7650    0.694337E+03    0.570633E+03    0.618523E+02
    0.7700    0.671408E+03    0.560929E+03    0.552395E+02
    0.7750    0.649120E+03    0.548167E+03    0.504763E+02
    0.7800    0.627861E+03    0.531312E+03    0.482741E+02
    0.7850    0.607917E+03    0.508959E+03    0.494793E+02
    0.7900    0.589449E+03    0.479256E+03    0.550963E+02
    0.7950    0.572480E+03    0.439873E+03    0.663036E+02
    0.8000    0.556900E+03    0.387998E+03    0.844511E+02
    0.8050    0.542474E+03    0.320496E+03    0.110989E+03
    0.8100    0.528863E+03    0.234504E+03    0.147179E+03
    0.8150    0.515652E+03    0.129397E+03    0.193127E+03
    0.8200    0.502385E+03    0.136432E+02    0.244371E+03
    0.8250    0.488601E+03   -0.745346E+02    0.281568E+03
    0.8300    0.473860E+03   -0.564826E+02    0.265171E+03
    0.8350    0.457778E+03    0.638619E+02    0.196958E+03
    0.8400    0.440066E+03    0.191094E+03    0.124486E+03
    0.8450    0.420561E+03    0.291152E+03    0.647044E+02
    0.8500    0.399208E+03    0.367199E+03    0.160048E+02
    0.8550    0.376045E+03    0.426322E+03   -0.251383E+02
    0.8600    0.351193E+03    0.473701E+03   -0.612544E+02
    0.8650    0.324830E+03    0.512665E+03   -0.939178E+02
    0.8700    0.297170E+03    0.545317E+03   -0.124074E+03
    0.8750    0.268412E+03    0.573013E+03   -0.152301E+03
    0.8800    0.238694E+03    0.596629E+03   -0.178967E+03
    0.8850    0.208058E+03    0.616726E+03   -0.204334E+03
    0.8900    0.176377E+03    0.633669E+03   -0.228646E+03
    0.8950    0.143280E+03    0.647716E+03   -0.252218E+03
    0.9000    0.108044E+03    0.659059E+03   -0.275508E+03
    0.9050    0.693818E+02    0.667876E+03   -0.299247E+03
    0.9100    0.250743E+02    0.674371E+03   -0.324648E+03
    0.9150   -0.288492E+02    0.678788E+03   -0.353819E+03
    0.9200   -0.998976E+02    0.681423E+03   -0.390660E+03
    0.9250   -0.198468E+03    0.682625E+03   -0.440546E+03
    0.9300   -0.201074E+03    0.682783E+03   -0.441929E+03
    0.9350    0.282680E+02    0.682365E+03   -0.327048E+03
    0.9400    0.167333E+03    0.681857E+03   -0.257262E+03
    0.9450    0.241216E+03    0.681604E+03   -0.220194E+03
    0.9500    0.277099E+03    0.681919E+03   -0.202410E+03
    0.9550    0.287972E+03    0.683068E+03   -0.197548E+03
    0.9600    0.281172E+03    0.685241E+03   -0.202034E+03
    0.9650    0.261514E+03    0.688530E+03   -0.213508E+03
    0.9700    0.232460E+03    0.692908E+03   -0.230224E+03
    0.9750    0.196773E+03    0.698207E+03   -0.250717E+03
    0.9800    0.156835E+03    0.704041E+03   -0.273603E+03
    0.9850    0.114685E+03    0.709722E+03   -0.297519E+03
    0.9900    0.722234E+02    0.713959E+03   -0.320868E+03
    0.9950    0.313551E+02    0.714072E+03   -0.341359E+03
    1.0000   -0.577359E+01    0.703607E+03   -0.354690E+03
    1.0050   -0.362268E+02    0.666250E+03   -0.351238E+03
    1.0100   -0.604066E+02    0.590521E+03   -0.325464E+03
    1.0150   -0.887795E+02    0.534024E+03   -0.311402E+03
    1.0200   -0.120467E+03    0.516080E+03   -0.318274E+03
    1.0250   -0.150366E+03    0.516246E+03   -0.333306E+03
    1.0300   -0.176708E+03    0.523938E+03   -0.350323E+03
    1.0350   -0.199141E+03    0.534927E+03   -0.367034E+03
    1.0400   -0.217724E+03    0.547325E+03   -0.382525E+03
    1.0450   -0.232807E+03    0.560252E+03   -0.396529E+03
    1.0500   -0.244762E+03    0.573236E+03   -0.408999E+03
    1.0550   -0.253939E+03    0.586007E+03   -0.419973E+03
    1.0600   -0.260683E+03    0.598400E+03   -0.429542E+03
    1.0650   -0.265290E+03    0.610314E+03   -0.437802E+03
    1.0700   -0.267951E+03    0.621684E+03   -0.444817E+03
    1.0750   -0.268806E+03    0.632468E+03   -0.450637E+03
    1.0800   -0.267922E+03    0.642654E+03   -0.455288E+03
    1.0850   -0.265270E+03    0.652241E+03   -0.458756E+03
    1.0900   -0.260813E+03    0.661253E+03   -0.461033E+03
    1.0950   -0.254480E+03    0.669716E+03   -0.462098E+03
    1.1000   -0.246185E+03    0.677678E+03   -0.461931E+03
    1.1050   -0.235888E+03    0.685185E+03   -0.460536E+03
    1.1100   -0.223596E+03    0.692290E+03   -0.457943E+03
    1.1150   -0.209368E+03    0.699046E+03   -0.454207E+03
    1.1200   -0.193355E+03    0.705494E+03   -0.449425E+03
    1.1250   -0.175795E+03    0.711666E+03   -0.443730E+03
    1.1300   -0.156986E+03    0.717570E+03   -0.437278E+03
    1.1350   -0.137336E+03    0.723192E+03   -0.430264E+03
    1.1400   -0.117290E+03    0.728482E+03   -0.422886E+03
    1.1450   -0.973175E+02    0.733365E+03   -0.415341E+03
    1.1500   -0.779031E+02    0.737740E+03   -0.407822E+03
    1.1550   -0.594867E+02    0.741493E+03   -0.400490E+03
    1.1600   -0.424601E+02    0.744494E+03   -0.393477E+03
    1.1650   -0.271446E+02    0.746664E+03   -0.386904E+03
    1.1700   -0.137237E+02    0.747923E+03   -0.380823E+03
    1.1750   -0.229431E+01    0.748235E+03   -0.375264E+03
    1.1800    0.717840E+01    0.747616E+03   -0.370219E+03
    1.1850    0.148550E+02    0.746137E+03   -0.365641E+03
    1.1900    0.209731E+02    0.743917E+03   -0.361472E+03
    1.1950    0.258483E+02    0.741118E+03   -0.357635E+03
    1.2000    0.298533E+02    0.737931E+03   -0.354039E+03
    1.2050    0.333589E+02    0.734560E+03   -0.350600E+03
    1.2100    0.367108E+02    0.731219E+03   -0.347254E+03
    1.2150    0.402138E+02    0.728114E+03   -0.343950E+03
    1.2200    0.440570E+02    0.725434E+03   -0.340689E+03
    1.2250    0.483634E+02    0.723353E+03   -0.337495E+03
    1.2300    0.530999E+02    0.722008E+03   -0.334454E+03
    1.2350    0.581368E+02    0.721495E+03   -0.331679E+03
    1.2400    0.632296E+02    0.721889E+03   -0.329330E+03
    1.2450    0.680727E+02    0.723192E+03   -0.327559E+03
    1.2500    0.723000E+02    0.725368E+03   -0.326534E+03
    1.2550    0.755394E+02    0.728329E+03   -0.326395E+03
    1.2600    0.774368E+02    0.731935E+03   -0.327249E+03
    1.2650    0.776749E+02    0.736037E+03   -0.329181E+03
    1.2700    0.760333E+02    0.740436E+03   -0.332201E+03
    1.2750    0.723914E+02    0.744925E+03   -0.336267E+03
    1.2800    0.667353E+02    0.749304E+03   -0.341284E+03
    1.2850    0.591519E+02    0.753383E+03   -0.347115E+03
    1.2900    0.498212E+02    0.756997E+03   -0.353588E+03
    1.2950    0.389937E+02    0.760017E+03   -0.360512E+03
    1.3000    0.269479E+02    0.762352E+03   -0.367702E+03
    1.3050    0.139814E+02    0.763955E+03   -0.374987E+03
    1.3100    0.354974E+00    0.764819E+03   -0.382232E+03
    1.3150   -0.137238E+02    0.764978E+03   -0.389351E+03
    1.3200   -0.281274E+02    0.764498E+03   -0.396313E+03
    1.3250   -0.428374E+02    0.763469E+03   -0.403153E+03
    1.3300   -0.579244E+02    0.761999E+03   -0.409962E+03
    1.3350   -0.734683E+02    0.760163E+03   -0.416816E+03
    1.3400   -0.897651E+02    0.758065E+03   -0.423915E+03
    1.3450   -0.107063E+03    0.755770E+03   -0.431417E+03
    1.3500   -0.125639E+03    0.753311E+03   -0.439475E+03
    1.3550   -0.145753E+03    0.750696E+03   -0.448224E+03
    1.3600   -0.167614E+03    0.747894E+03   -0.457754E+03
    1.3650   -0.191363E+03    0.744857E+03   -0.468110E+03
    1.3700   -0.217052E+03    0.741512E+03   -0.479282E+03
    1.3750   -0.244635E+03    0.737773E+03   -0.491204E+03
    1.3800   -0.273982E+03    0.733549E+03   -0.503765E+03
    1.3850   -0.304880E+03    0.728736E+03   -0.516808E+03
    1.3900   -0.337065E+03    0.723230E+03   -0.530147E+03
    1.3950   -0.370250E+03    0.716920E+03   -0.543585E+03
    1.4000   -0.404153E+03    0.709691E+03   -0.556922E+03
    1.4050   -0.438534E+03    0.701425E+03   -0.569979E+03
    1.4100   -0.473213E+03    0.691992E+03   -0.582603E+03
    1.4150   -0.508100E+03    0.681267E+03   -0.594683E+03
    1.4200   -0.543193E+03    0.669109E+03   -0.606151E+03
    1.4250   -0.578586E+03    0.655381E+03   -0.616983E+03
    1.4300   -0.614449E+03    0.639952E+03   -0.627201E+03
    1.4350   -0.651004E+03    0.622693E+03   -0.636848E+03
    1.4400   -0.688530E+03    0.603495E+03   -0.646013E+03
    1.4450   -0.727270E+03    0.582267E+03   -0.654769E+03
    1.4500   -0.767451E+03    0.558946E+03   -0.663198E+03
    1.4550   -0.809237E+03    0.533503E+03   -0.671370E+03
    1.4600   -0.852712E+03    0.505946E+03   -0.679329E+03
    1.4650   -0.897870E+03    0.476327E+03   -0.687099E+03
    1.4700   -0.944600E+03    0.444728E+03   -0.694664E+03
    1.4750   -0.992715E+03    0.411272E+03   -0.701993E+03
    1.4800   -0.104195E+04    0.376101E+03   -0.709025E+03
    1.4850   -0.109201E+04    0.339382E+03   -0.715696E+03
    1.4900   -0.114258E+04    0.301280E+03   -0.721932E+03
    1.4950   -0.119336E+04    0.261959E+03   -0.727661E+03
    1.5000   -0.124414E+04    0.221554E+03   -0.732846E+03
    1.5050   -0.129472E+04    0.180181E+03   -0.737449E+03
    1.5100   -0.134501E+04    0.137932E+03   -0.741472E+03
    1.5150   -0.139501E+04    0.948528E+02   -0.744931E+03
    1.5200   -0.144475E+04    0.509745E+02   -0.747863E+03
    1.5250   -0.149440E+04    0.627316E+01   -0.750335E+03
    1.5300   -0.154403E+04   -0.392652E+02   -0.752383E+03
    1.5350   -0.159372E+04   -0.856739E+02   -0.754025E+03
    1.5400   -0.164343E+04   -0.132992E+03   -0.755218E+03
    1.5450   -0.169290E+04   -0.181250E+03   -0.755827E+03
    1.5500   -0.174162E+04   -0.230470E+03   -0.755577E+03
    1.5550   -0.178864E+04   -0.280648E+03   -0.753995E+03
    1.5600   -0.183258E+04   -0.331792E+03   -0.750395E+03
    1.5650   -0.187151E+04   -0.383871E+03   -0.743821E+03
    1.5700   -0.190353E+04   -0.436835E+03   -0.733348E+03
    1.5750   -0.192803E+04   -0.490615E+03   -0.718707E+03
    1.5800   -0.194773E+04   -0.545133E+03   -0.701301E+03
    1.5850   -0.196920E+04   -0.600294E+03   -0.684455E+03
    1.5900   -0.200060E+04   -0.655997E+03   -0.672303E+03
    1.5950   -0.204733E+04   -0.712123E+03   -0.667605E+03
    1.6000   -0.211027E+04   -0.768551E+03   -0.670859E+03
    1.6050   -0.218704E+04   -0.825142E+03   -0.680951E+03
    1.6100   -0.227400E+04   -0.881758E+03   -0.696123E+03
    1.6150   -0.236732E+04   -0.938255E+03   -0.714532E+03
    1.6200   -0.246375E+04   -0.994513E+03   -0.734616E+03
    1.6250   -0.256095E+04   -0.105035E+04   -0.755299E+03
    1.6300   -0.265701E+04   -0.110565E+04   -0.775681E+03
    1.6350   -0.275063E+04   -0.116027E+04   -0.795182E+03
    1.6400   -0.284089E+04   -0.121411E+04   -0.813390E+03
    1.6450   -0.292728E+04   -0.126706E+04   -0.830108E+03
    1.6500   -0.300952E+04   -0.131907E+04   -0.845225E+03
    1.6550   -0.308750E+04   -0.137006E+04   -0.858718E+03
    1.6600   -0.316116E+04   -0.142006E+04   -0.870552E+03
    1.6650   -0.323057E+04   -0.146905E+04   -0.880760E+03
    1.6700   -0.329581E+04   -0.151709E+04   -0.889362E+03
    1.6750   -0.335698E+04   -0.156421E+04   -0.896381E+03
    1.6800   -0.341415E+04   -0.161049E+04   -0.901830E+03
    1.6850   -0.346741E+04   -0.165598E+04   -0.905713E+03
    1.6900   -0.351681E+04   -0.170073E+04   -0.908040E+03
    1.6950   -0.356240E+04   -0.174477E+04   -0.908816E+03
    1.7000   -0.360421E+04   -0.178809E+04   -0.908058E+03
    1.7050   -0.364227E+04   -0.183070E+04   -0.905786E+03
    1.7100   -0.367660E+04   -0.187252E+04   -0.902040E+03
    1.7150   -0.370725E+04   -0.191348E+04   -0.896884E+03
    1.7200   -0.373428E+04   -0.195348E+04   -0.890403E+03
    1.7250   -0.375777E+04   -0.199238E+04   -0.882694E+03
    1.7300   -0.377785E+04   -0.203006E+04   -0.873899E+03
    1.7350   -0.379470E+04   -0.206637E+04   -0.864165E+03
    1.7400   -0.380855E+04   -0.210120E+04   -0.853673E+03
    1.7450   -0.381972E+04   -0.213438E+04   -0.842671E+03
    1.7500   -0.382859E+04   -0.216582E+04   -0.831385E+03
    1.7550   -0.383560E+04   -0.219543E+04   -0.820085E+03
    1.7600   -0.384129E+04   -0.222318E+04   -0.809056E+03
    1.7650   -0.384630E+04   -0.224899E+04   -0.798651E+03
    1.7700   -0.385134E+04   -0.227289E+04   -0.789222E+03
    1.7750   -0.385721E+04   -0.229489E+04   -0.781161E+03
    1.7800   -0.386486E+04   -0.231502E+04   -0.774919E+03
    1.7850   -0.387538E+04   -0.233334E+04   -0.771019E+03
    1.7900   -0.389008E+04   -0.234992E+04   -0.770083E+03
    1.7950   -0.391059E+04   -0.236480E+04   -0.772894E+03
    1.8000   -0.393897E+04   -0.237806E+04   -0.780455E+03
    1.8050   -0.397793E+04   -0.238978E+04   -0.794078E+03
    1.8100   -0.403080E+04   -0.240001E+04   -0.815396E+03
    1.8150   -0.410081E+04   -0.240882E+04   -0.845995E+03
    1.8200   -0.418780E+04   -0.241628E+04   -0.885764E+03
    1.8250   -0.428065E+04   -0.242245E+04   -0.929099E+03
    1.8300   -0.435178E+04   -0.242742E+04   -0.962181E+03
    1.8350   -0.437273E+04   -0.243123E+04   -0.970749E+03
    1.8400   -0.433889E+04   -0.243396E+04   -0.952465E+03
    1.8450   -0.426624E+04   -0.243569E+04   -0.915276E+03
    1.8500   -0.417337E+04   -0.243644E+04   -0.868466E+03
    1.8550   -0.407324E+04   -0.243625E+04   -0.818497E+03
    1.8600   -0.397306E+04   -0.243504E+04   -0.769011E+03
    1.8650   -0.387637E+04   -0.243286E+04   -0.721759E+03
    1.8700   -0.378464E+04   -0.242973E+04   -0.677459E+03
    1.8750   -0.369817E+04   -0.242550E+04   -0.636334E+03
    1.8800   -0.361689E+04   -0.242011E+04   -0.598388E+03
    1.8850   -0.354063E+04   -0.241353E+04   -0.563548E+03
    1.8900   -0.346913E+04   -0.240570E+04   -0.531714E+03
    1.8950   -0.340234E+04   -0.239667E+04   -0.502836E+03
    1.9000   -0.334022E+04   -0.238653E+04   -0.476846E+03
    1.9050   -0.328275E+04   -0.237545E+04   -0.453651E+03
    1.9100   -0.322988E+04   -0.236368E+04   -0.433099E+03
    1.9150   -0.318148E+04   -0.235151E+04   -0.414984E+03
    1.9200   -0.313733E+04   -0.233925E+04   -0.399042E+03
    1.9250   -0.309719E+04   -0.232720E+04   -0.384992E+03
    1.9300   -0.306073E+04   -0.231566E+04   -0.372534E+03
    1.9350   -0.302769E+04   -0.230495E+04   -0.361373E+03
    1.9400   -0.299785E+04   -0.229546E+04   -0.351195E+03
    1.9450   -0.297103E+04   -0.228780E+04   -0.341613E+03
    1.9500   -0.294707E+04   -0.228295E+04   -0.332060E+03
    1.9550   -0.292577E+04   -0.228239E+04   -0.321688E+03
    1.9600   -0.290677E+04   -0.228824E+04   -0.309264E+03
    1.9650   -0.288948E+04   -0.230332E+04   -0.293082E+03
    1.9700   -0.287312E+04   -0.233084E+04   -0.271143E+03
    1.9750   -0.285672E+04   -0.237371E+04   -0.241506E+03
    1.9800   -0.283940E+04   -0.243341E+04   -0.202995E+03
    1.9850   -0.282067E+04   -0.250891E+04   -0.155878E+03
    1.9900   -0.280069E+04   -0.259705E+04   -0.101821E+03
    1.9950   -0.278030E+04   -0.269447E+04   -0.429138E+02
    2.0000   -0.276071E+04   -0.279787E+04    0.185823E+02
    2.0050   -0.274276E+04   -0.290056E+04    0.789015E+02
    2.0100   -0.272647E+04   -0.298743E+04    0.130482E+03
    2.0150   -0.271087E+04   -0.304133E+04    0.165229E+03
    2.0200   -0.269424E+04   -0.305765E+04    0.181703E+03
    2.0250   -0.267551E+04   -0.304639E+04    0.185443E+03
    2.0300   -0.265517E+04   -0.302199E+04    0.183407E+03
    2.0350   -0.263554E+04   -0.299492E+04    0.179689E+03
    2.0400   -0.261949E+04   -0.296999E+04    0.175251E+03
    2.0450   -0.260808E+04   -0.294868E+04    0.170301E+03
    2.0500   -0.259950E+04   -0.293248E+04    0.166489E+03
    2.0550   -0.258953E+04   -0.292430E+04    0.167383E+03
    2.0600   -0.257461E+04   -0.292680E+04    0.176093E+03
    2.0650   -0.255507E+04   -0.293970E+04    0.192315E+03
    2.0700   -0.253506E+04   -0.295941E+04    0.212176E+03
    2.0750   -0.251844E+04   -0.298187E+04    0.231712E+03
    2.0800   -0.250425E+04   -0.300558E+04    0.250662E+03
    2.0850   -0.248676E+04   -0.303192E+04    0.272579E+03
    2.0900   -0.246081E+04   -0.306182E+04    0.300509E+03
    2.0950   -0.242782E+04   -0.309266E+04    0.332423E+03
    2.1000   -0.239465E+04   -0.311957E+04    0.362461E+03
    2.1050   -0.236565E+04   -0.313977E+04    0.387062E+03
    2.1100   -0.233720E+04   -0.315455E+04    0.408679E+03
    2.1150   -0.230194E+04   -0.316672E+04    0.432391E+03
    2.1200   -0.225835E+04   -0.317627E+04    0.458962E+03
    2.1250   -0.221345E+04   -0.318027E+04    0.483409E+03
    2.1300   -0.217385E+04   -0.317701E+04    0.501580E+03
    2.1350   -0.213725E+04   -0.316880E+04    0.515774E+03
    2.1400   -0.209554E+04   -0.315965E+04    0.532054E+03
    2.1450   -0.204587E+04   -0.315119E+04    0.552663E+03
    2.1500   -0.199469E+04   -0.314221E+04    0.573759E+03
    2.1550   -0.194862E+04   -0.313222E+04    0.591801E+03
    2.1600   -0.190559E+04   -0.312384E+04    0.609127E+03
    2.1650   -0.185773E+04   -0.312059E+04    0.631430E+03
    2.1700   -0.180231E+04   -0.312402E+04    0.660857E+03
    2.1750   -0.174505E+04   -0.313337E+04    0.694162E+03
    2.1800   -0.169203E+04   -0.314804E+04    0.728007E+03
    2.1850   -0.164205E+04   -0.316923E+04    0.763591E+03
    2.1900   -0.158951E+04   -0.319894E+04    0.804718E+03
    2.1950   -0.153207E+04   -0.323774E+04    0.852837E+03
    2.2000   -0.147384E+04   -0.328452E+04    0.905341E+03
    2.2050   -0.141997E+04   -0.333785E+04    0.958939E+03
    2.2100   -0.137115E+04   -0.339722E+04    0.101303E+04
    2.2150   -0.132408E+04   -0.346269E+04    0.106930E+04
    2.2200   -0.127621E+04   -0.353393E+04    0.112886E+04
    2.2250   -0.122851E+04   -0.360970E+04    0.119059E+04
    2.2300   -0.118381E+04   -0.368819E+04    0.125219E+04
    2.2350   -0.114360E+04   -0.376799E+04    0.131219E+04
    2.2400   -0.110665E+04   -0.384808E+04    0.137072E+04
    2.2450   -0.107056E+04   -0.392780E+04    0.142862E+04
    2.2500   -0.103386E+04   -0.400642E+04    0.148628E+04
    2.2550   -0.996634E+03   -0.408297E+04    0.154317E+04
    2.2600   -0.959704E+03   -0.415642E+04    0.159836E+04
    2.2650   -0.923422E+03   -0.422591E+04    0.165124E+04
    2.2700   -0.887223E+03   -0.429101E+04    0.170190E+04
    2.2750   -0.850102E+03   -0.435174E+04    0.175082E+04
    2.2800   -0.811253E+03   -0.440842E+04    0.179858E+04
    2.2850   -0.770524E+03   -0.446140E+04    0.184544E+04
    2.2900   -0.728488E+03   -0.451105E+04    0.189128E+04
    2.2950   -0.685825E+03   -0.455764E+04    0.193591E+04
    2.3000   -0.643105E+03   -0.460157E+04    0.197923E+04
    2.3050   -0.600442E+03   -0.464340E+04    0.202148E+04
    2.3100   -0.557672E+03   -0.468397E+04    0.206315E+04
    2.3150   -0.514720E+03   -0.472442E+04    0.210485E+04
    2.3200   -0.471639E+03   -0.476580E+04    0.214708E+04
    2.3250   -0.428708E+03   -0.480893E+04    0.219011E+04
    2.3300   -0.386309E+03   -0.485426E+04    0.223398E+04
    2.3350   -0.344665E+03   -0.490183E+04    0.227858E+04
    2.3400   -0.303834E+03   -0.495142E+04    0.232379E+04
    2.3450   -0.263718E+03   -0.500285E+04    0.236957E+04
    2.3500   -0.224182E+03   -0.505605E+04    0.241593E+04
    2.3550   -0.185251E+03   -0.511112E+04    0.246293E+04
    2.3600   -0.147176E+03   -0.516823E+04    0.251053E+04
    2.3650   -0.110449E+03   -0.522747E+04    0.255851E+04
    2.3700   -0.756584E+02   -0.528847E+04    0.260641E+04
    2.3750   -0.434299E+02   -0.535049E+04    0.265353E+04
    2.3800   -0.143666E+02   -0.541266E+04    0.269915E+04
    2.3850    0.108674E+02   -0.547485E+04    0.274286E+04
    2.3900    0.315998E+02   -0.553854E+04    0.278507E+04
    2.3950    0.470635E+02   -0.560853E+04    0.282780E+04
    2.4000    0.564765E+02   -0.569446E+04    0.287547E+04
    2.4050    0.591047E+02   -0.581125E+04    0.293517E+04
    2.4100    0.544444E+02   -0.597333E+04    0.301389E+04
    2.4150    0.422441E+02   -0.617895E+04    0.311060E+04
    2.4200    0.224985E+02   -0.640037E+04    0.321143E+04
    2.4250   -0.462484E+01   -0.660341E+04    0.329939E+04
    2.4300   -0.388790E+02   -0.677057E+04    0.336584E+04
    2.4350   -0.799879E+02   -0.690107E+04    0.341054E+04
    2.4400   -0.127645E+03   -0.700203E+04    0.343719E+04
    2.4450   -0.181456E+03   -0.708258E+04    0.345056E+04
    2.4500   -0.240861E+03   -0.715141E+04    0.345527E+04
    2.4550   -0.305134E+03   -0.721568E+04    0.345527E+04
    2.4600   -0.373421E+03   -0.728137E+04    0.345398E+04
    2.4650   -0.444835E+03   -0.735319E+04    0.345418E+04
    2.4700   -0.518543E+03   -0.743482E+04    0.345814E+04
    2.4750   -0.593810E+03   -0.752899E+04    0.346759E+04
    2.4800   -0.669981E+03   -0.763737E+04    0.348370E+04
    2.4850   -0.746416E+03   -0.776054E+04    0.350706E+04
    2.4900   -0.822435E+03   -0.789821E+04    0.353789E+04
    2.4950   -0.897312E+03   -0.804959E+04    0.357614E+04
    2.5000   -0.970335E+03   -0.821353E+04    0.362160E+04
    2.5050   -0.104089E+04   -0.838846E+04    0.367379E+04
    2.5100   -0.110854E+04   -0.857232E+04    0.373189E+04
    2.5150   -0.117306E+04   -0.876269E+04    0.379482E+04
    2.5200   -0.123441E+04   -0.895726E+04    0.386143E+04
    2.5250   -0.129269E+04   -0.915391E+04    0.393061E+04
    2.5300   -0.134802E+04   -0.935042E+04    0.400120E+04
    2.5350   -0.140049E+04   -0.954408E+04    0.407179E+04
    2.5400   -0.145024E+04   -0.973178E+04    0.414077E+04
    2.5450   -0.149747E+04   -0.991101E+04    0.420677E+04
    2.5500   -0.154252E+04   -0.100809E+05    0.426919E+04
    2.5550   -0.158575E+04   -0.102416E+05    0.432794E+04
    2.5600   -0.162733E+04   -0.103926E+05    0.438262E+04
    2.5650   -0.166704E+04   -0.105314E+05    0.443216E+04
    2.5700   -0.170431E+04   -0.106560E+05    0.447584E+04
    2.5750   -0.173847E+04   -0.107675E+05    0.451450E+04
    2.5800   -0.176897E+04   -0.108690E+05    0.455003E+04
    2.5850   -0.179528E+04   -0.109619E+05    0.458330E+04
    2.5900   -0.181650E+04   -0.110436E+05    0.461356E+04
    2.5950   -0.183128E+04   -0.111123E+05    0.464052E+04
    2.6000   -0.183837E+04   -0.111695E+05    0.466555E+04
    2.6050   -0.183701E+04   -0.112178E+05    0.469040E+04
    2.6100   -0.182695E+04   -0.112574E+05    0.471523E+04
    2.6150   -0.180776E+04   -0.112870E+05    0.473962E+04
    2.6200   -0.177886E+04   -0.113075E+05    0.476431E+04
    2.6250   -0.174004E+04   -0.113215E+05    0.479075E+04
    2.6300   -0.169185E+04   -0.113313E+05    0.481975E+04
    2.6350   -0.163529E+04   -0.113380E+05    0.485135E+04
    2.6400   -0.157129E+04   -0.113429E+05    0.488581E+04
    2.6450   -0.150066E+04   -0.113482E+05    0.492378E+04
    2.6500   -0.142436E+04   -0.113557E+05    0.496567E+04
    2.6550   -0.134383E+04   -0.113664E+05    0.501127E+04
    2.6600   -0.126063E+04   -0.113810E+05    0.506020E+04
    2.6650   -0.117601E+04   -0.114005E+05    0.511223E+04
    2.6700   -0.109084E+04   -0.114253E+05    0.516721E+04
    2.6750   -0.100572E+04   -0.114554E+05    0.522486E+04
    2.6800   -0.921071E+03   -0.114906E+05    0.528478E+04
    2.6850   -0.837361E+03   -0.115304E+05    0.534654E+04
    2.6900   -0.754711E+03   -0.115742E+05    0.540977E+04
    2.6950   -0.672869E+03   -0.116211E+05    0.547412E+04
    2.7000   -0.591578E+03   -0.116697E+05    0.553907E+04
    2.7050   -0.510963E+03   -0.117188E+05    0.560390E+04
    2.7100   -0.431372E+03   -0.117669E+05    0.566778E+04
    2.7150   -0.352901E+03   -0.118129E+05    0.572999E+04
    2.7200   -0.275469E+03   -0.118551E+05    0.578984E+04
    2.7250   -0.199055E+03   -0.118923E+05    0.584661E+04
    2.7300   -0.124150E+03   -0.119231E+05    0.589945E+04
    2.7350   -0.514386E+02   -0.119464E+05    0.594750E+04
    2.7400    0.185893E+02   -0.119615E+05    0.599004E+04
    2.7450    0.856672E+02   -0.119674E+05    0.602655E+04
    2.7500    0.149599E+03   -0.119637E+05    0.605664E+04
    2.7550    0.209891E+03   -0.119500E+05    0.607993E+04
    2.7600    0.266055E+03   -0.119263E+05    0.609617E+04
    2.7650    0.317850E+03   -0.118927E+05    0.610528E+04
    2.7700    0.365326E+03   -0.118495E+05    0.610742E+04
    2.7750    0.408665E+03   -0.117972E+05    0.610293E+04
    2.7800    0.448062E+03   -0.117365E+05    0.609226E+04
    2.7850    0.483731E+03   -0.116682E+05    0.607595E+04
    2.7900    0.515974E+03   -0.115932E+05    0.605460E+04
    2.7950    0.545136E+03   -0.115125E+05    0.602882E+04
    2.8000    0.571651E+03   -0.114270E+05    0.599931E+04
    2.8050    0.595911E+03   -0.113376E+05    0.596677E+04
    2.8100    0.618119E+03   -0.112456E+05    0.593186E+04
    2.8150    0.638520E+03   -0.111519E+05    0.589523E+04
    2.8200    0.657246E+03   -0.110575E+05    0.585739E+04
    2.8250    0.674403E+03   -0.109631E+05    0.581877E+04
    2.8300    0.689995E+03   -0.108694E+05    0.577968E+04
    2.8350    0.704066E+03   -0.107767E+05    0.574039E+04
    2.8400    0.716560E+03   -0.106857E+05    0.570112E+04
    2.8450    0.727494E+03   -0.105966E+05    0.566204E+04
    2.8500    0.736945E+03   -0.105097E+05    0.562332E+04
    2.8550    0.745098E+03   -0.104251E+05    0.558510E+04
    2.8600    0.752179E+03   -0.103428E+05    0.554747E+04
    2.8650    0.758564E+03   -0.102625E+05    0.551052E+04
    2.8700    0.764604E+03   -0.101840E+05    0.547429E+04
    2.8750    0.770812E+03   -0.101069E+05    0.543886E+04
    2.8800    0.777742E+03   -0.100308E+05    0.540429E+04
    2.8850    0.786034E+03   -0.995529E+04    0.537066E+04
    2.8900    0.796293E+03   -0.987986E+04    0.533808E+04
    2.8950    0.809205E+03   -0.980404E+04    0.530662E+04
    2.9000    0.825407E+03   -0.972738E+04    0.527639E+04
    2.9050    0.845468E+03   -0.964940E+04    0.524744E+04
    2.9100    0.869766E+03   -0.956974E+04    0.521975E+04
    2.9150    0.898772E+03   -0.948800E+04    0.519339E+04
    2.9200    0.932680E+03   -0.940389E+04    0.516828E+04
    2.9250    0.971571E+03   -0.931720E+04    0.514438E+04
    2.9300    0.101542E+04   -0.922783E+04    0.512163E+04
    2.9350    0.106419E+04   -0.913579E+04    0.509999E+04
    2.9400    0.111774E+04   -0.904127E+04    0.507951E+04
    2.9450    0.117599E+04   -0.894454E+04    0.506026E+04
    2.9500    0.123887E+04   -0.884596E+04    0.504241E+04
    2.9550    0.130638E+04   -0.874597E+04    0.502617E+04
    2.9600    0.137861E+04   -0.864504E+04    0.501182E+04
    2.9650    0.145574E+04   -0.854366E+04    0.499970E+04
    2.9700    0.153804E+04   -0.844233E+04    0.499019E+04
    2.9750    0.162591E+04   -0.834154E+04    0.498372E+04
    2.9800    0.171978E+04   -0.824174E+04    0.498076E+04
    2.9850    0.182016E+04   -0.814338E+04    0.498177E+04
    2.9900    0.192758E+04   -0.804692E+04    0.498725E+04
    2.9950    0.204256E+04   -0.795277E+04    0.499766E+04
    3.0000    0.216556E+04   -0.786132E+04    0.501344E+04
    3.0050    0.229693E+04   -0.777296E+04    0.503494E+04
    3.0100    0.243687E+04   -0.768813E+04    0.506250E+04
    3.0150    0.258539E+04   -0.760717E+04    0.509628E+04
    3.0200    0.274231E+04   -0.753044E+04    0.513637E+04
    3.0250    0.290712E+04   -0.745819E+04    0.518265E+04
    3.0300    0.307928E+04   -0.739071E+04    0.523499E+04
    3.0350    0.325795E+04   -0.732816E+04    0.529305E+04
    3.0400    0.344230E+04   -0.727070E+04    0.535650E+04
    3.0450    0.363141E+04   -0.721835E+04    0.542488E+04
    3.0500    0.382439E+04   -0.717105E+04    0.549772E+04
    3.0550    0.402049E+04   -0.712869E+04    0.557459E+04
    3.0600    0.421907E+04   -0.709103E+04    0.565505E+04
    3.0650    0.441973E+04   -0.705779E+04    0.573876E+04
    3.0700    0.462232E+04   -0.702864E+04    0.582548E+04
    3.0750    0.482684E+04   -0.700317E+04    0.591501E+04
    3.0800    0.503350E+04   -0.698096E+04    0.600723E+04
    3.0850    0.524262E+04   -0.696155E+04    0.610209E+04
    3.0900    0.545461E+04   -0.694449E+04    0.619955E+04
    3.0950    0.566974E+04   -0.692930E+04    0.629952E+04
    3.1000    0.588848E+04   -0.691560E+04    0.640204E+04
    3.1050    0.611094E+04   -0.690297E+04    0.650695E+04
    3.1100    0.633713E+04   -0.689108E+04    0.661410E+04
    3.1150    0.656684E+04   -0.687966E+04    0.672325E+04
    3.1200    0.679963E+04   -0.686851E+04    0.683407E+04
    3.1250    0.703483E+04   -0.685751E+04    0.694617E+04
    3.1300    0.727157E+04   -0.684664E+04    0.705911E+04
    3.1350    0.750869E+04   -0.683589E+04    0.717229E+04
    3.1400    0.774506E+04   -0.682540E+04    0.728523E+04
    3.1450    0.797925E+04   -0.681527E+04    0.739726E+04
    3.1500    0.820989E+04   -0.680569E+04    0.750779E+04
    3.1550    0.843560E+04   -0.679686E+04    0.761623E+04
    3.1600    0.865505E+04   -0.678896E+04    0.772200E+04
    3.1650    0.886688E+04   -0.678210E+04    0.782449E+04
    3.1700    0.907016E+04   -0.677647E+04    0.792331E+04
    3.1750    0.926403E+04   -0.677217E+04    0.801810E+04
    3.1800    0.944782E+04   -0.676927E+04    0.810855E+04
    3.1850    0.962119E+04   -0.676787E+04    0.819453E+04
    3.1900    0.978358E+04   -0.676788E+04    0.827573E+04
    3.1950    0.993488E+04   -0.676928E+04    0.835208E+04
    3.2000    0.100751E+05   -0.677208E+04    0.842360E+04
    3.2050    0.102045E+05   -0.677631E+04    0.849042E+04
    3.2100    0.103233E+05   -0.678195E+04    0.855260E+04
    3.2150    0.104315E+05   -0.678898E+04    0.861026E+04
    3.2200    0.105294E+05   -0.679731E+04    0.866333E+04
    3.2250    0.106167E+05   -0.680679E+04    0.871172E+04
    3.2300    0.106933E+05   -0.681724E+04    0.875527E+04
    3.2350    0.107590E+05   -0.682839E+04    0.879369E+04
    3.2400    0.108133E+05   -0.684006E+04    0.882666E+04
    3.2450    0.108556E+05   -0.685234E+04    0.885397E+04
    3.2500    0.108854E+05   -0.686606E+04    0.887571E+04
    3.2550    0.109019E+05   -0.688322E+04    0.889258E+04
    3.2600    0.109048E+05   -0.690653E+04    0.890566E+04
    3.2650    0.108935E+05   -0.693776E+04    0.891562E+04
    3.2700    0.108678E+05   -0.697646E+04    0.892211E+04
    3.2750    0.108277E+05   -0.702047E+04    0.892408E+04
    3.2800    0.107735E+05   -0.706734E+04    0.892044E+04
    3.2850    0.107059E+05   -0.711519E+04    0.891055E+04
    3.2900    0.106257E+05   -0.716260E+04    0.889416E+04
    3.2950    0.105341E+05   -0.720872E+04    0.887138E+04
    3.3000    0.104324E+05   -0.725295E+04    0.884266E+04
    3.3050    0.103223E+05   -0.729506E+04    0.880867E+04
    3.3100    0.102055E+05   -0.733491E+04    0.877021E+04
    3.3150    0.100838E+05   -0.737255E+04    0.872819E+04
    3.3200    0.995902E+04   -0.740804E+04    0.868353E+04
    3.3250    0.983275E+04   -0.744160E+04    0.863717E+04
    3.3300    0.970658E+04   -0.747339E+04    0.858998E+04
    3.3350    0.958185E+04   -0.750370E+04    0.854277E+04
    3.3400    0.945966E+04   -0.753280E+04    0.849623E+04
    3.3450    0.934084E+04   -0.756100E+04    0.845092E+04
    3.3500    0.922596E+04   -0.758859E+04    0.840727E+04
    3.3550    0.911532E+04   -0.761585E+04    0.836558E+04
    3.3600    0.900895E+04   -0.764311E+04    0.832603E+04
    3.3650    0.890673E+04   -0.767058E+04    0.828865E+04
    3.3700    0.880836E+04   -0.769854E+04    0.825345E+04
    3.3750    0.871348E+04   -0.772719E+04    0.822033E+04
    3.3800    0.862160E+04   -0.775683E+04    0.818921E+04
    3.3850    0.853234E+04   -0.778761E+04    0.815997E+04
    3.3900    0.844539E+04   -0.781961E+04    0.813250E+04
    3.3950    0.836056E+04   -0.785296E+04    0.810676E+04
    3.4000    0.827776E+04   -0.788775E+04    0.808276E+04
    3.4050    0.819717E+04   -0.792392E+04    0.806054E+04
    3.4100    0.811906E+04   -0.796144E+04    0.804025E+04
    3.4150    0.804389E+04   -0.800023E+04    0.802206E+04
    3.4200    0.797223E+04   -0.804015E+04    0.800619E+04
    3.4250    0.790471E+04   -0.808105E+04    0.799288E+04
    3.4300    0.784205E+04   -0.812263E+04    0.798234E+04
    3.4350    0.778487E+04   -0.816467E+04    0.797477E+04
    3.4400    0.773368E+04   -0.820688E+04    0.797028E+04
    3.4450    0.768887E+04   -0.824898E+04    0.796892E+04
    3.4500    0.765060E+04   -0.829065E+04    0.797062E+04
    3.4550    0.761895E+04   -0.833161E+04    0.797528E+04
    3.4600    0.759349E+04   -0.837147E+04    0.798248E+04
    3.4650    0.757370E+04   -0.840995E+04    0.799183E+04
    3.4700    0.755895E+04   -0.844675E+04    0.800285E+04
    3.4750    0.754837E+04   -0.848157E+04    0.801497E+04
    3.4800    0.754102E+04   -0.851408E+04    0.802755E+04
    3.4850    0.753598E+04   -0.854392E+04    0.803995E+04
    3.4900    0.753239E+04   -0.857071E+04    0.805155E+04
    3.4950    0.752947E+04   -0.859420E+04    0.806183E+04
    3.5000    0.752672E+04   -0.861412E+04    0.807042E+04
    3.5050    0.752388E+04   -0.863027E+04    0.807707E+04
    3.5100    0.752091E+04   -0.864253E+04    0.808172E+04
    3.5150    0.751809E+04   -0.865081E+04    0.808445E+04
    3.5200    0.751591E+04   -0.865506E+04    0.808548E+04
    3.5250    0.751504E+04   -0.865523E+04    0.808514E+04
    3.5300    0.751631E+04   -0.865135E+04    0.808383E+04
    3.5350    0.752055E+04   -0.864338E+04    0.808196E+04
    3.5400    0.752858E+04   -0.863135E+04    0.807997E+04
    3.5450    0.754113E+04   -0.861529E+04    0.807821E+04
    3.5500    0.755872E+04   -0.859520E+04    0.807696E+04
    3.5550    0.758167E+04   -0.857111E+04    0.807639E+04
    3.5600    0.761004E+04   -0.854302E+04    0.807653E+04
    3.5650    0.764364E+04   -0.851093E+04    0.807728E+04
    3.5700    0.768198E+04   -0.847483E+04    0.807840E+04
    3.5750    0.772442E+04   -0.843466E+04    0.807954E+04
    3.5800    0.777014E+04   -0.839033E+04    0.808024E+04
    3.5850    0.781820E+04   -0.834172E+04    0.807996E+04
    3.5900    0.786760E+04   -0.828866E+04    0.807813E+04
    3.5950    0.791738E+04   -0.823094E+04    0.807416E+04
    3.6000    0.796664E+04   -0.816831E+04    0.806747E+04
    3.6050    0.801457E+04   -0.810044E+04    0.805751E+04
    3.6100    0.806047E+04   -0.802705E+04    0.804376E+04
    3.6150    0.810380E+04   -0.794771E+04    0.802576E+04
    3.6200    0.814413E+04   -0.786196E+04    0.800304E+04
    3.6250    0.818109E+04   -0.776926E+04    0.797518E+04
    3.6300    0.821439E+04   -0.766894E+04    0.794167E+04
    3.6350    0.824374E+04   -0.756016E+04    0.790195E+04
    3.6400    0.826885E+04   -0.744180E+04    0.785532E+04
    3.6450    0.828935E+04   -0.731241E+04    0.780088E+04
    3.6500    0.830486E+04   -0.717006E+04    0.773746E+04
    3.6550    0.831494E+04   -0.701230E+04    0.766362E+04
    3.6600    0.831912E+04   -0.683629E+04    0.757771E+04
    3.6650    0.831700E+04   -0.663976E+04    0.747838E+04
    3.6700    0.830826E+04   -0.642338E+04    0.736582E+04
    3.6750    0.829278E+04   -0.619428E+04    0.724353E+04
    3.6800    0.827071E+04   -0.596655E+04    0.711863E+04
    3.6850    0.824255E+04   -0.575402E+04    0.699829E+04
    3.6900    0.820927E+04   -0.556219E+04    0.688573E+04
    3.6950    0.817231E+04   -0.538865E+04    0.678048E+04
    3.7000    0.813366E+04   -0.522792E+04    0.668079E+04
    3.7050    0.809584E+04   -0.507497E+04    0.658541E+04
    3.7100    0.806157E+04   -0.492618E+04    0.649387E+04
    3.7150    0.803355E+04   -0.477945E+04    0.640650E+04
    3.7200    0.801437E+04   -0.463397E+04    0.632417E+04
    3.7250    0.800647E+04   -0.449000E+04    0.624823E+04
    3.7300    0.801207E+04   -0.434856E+04    0.618031E+04
    3.7350    0.803292E+04   -0.421111E+04    0.612202E+04
    3.7400    0.806999E+04   -0.407922E+04    0.607460E+04
    3.7450    0.812313E+04   -0.395423E+04    0.603868E+04
    3.7500    0.819087E+04   -0.383712E+04    0.601399E+04
    3.7550    0.827046E+04   -0.372836E+04    0.599941E+04
    3.7600    0.835815E+04   -0.362798E+04    0.599307E+04
    3.7650    0.845216E+04   -0.353572E+04    0.599394E+04
    3.7700    0.856247E+04   -0.345124E+04    0.600686E+04
    3.7750    0.872802E+04   -0.337429E+04    0.605116E+04
    3.7800    0.898263E+04   -0.330495E+04    0.614379E+04
    3.7850    0.927443E+04   -0.324367E+04    0.625905E+04
    3.7900    0.953894E+04   -0.319126E+04    0.636510E+04
    3.7950    0.976036E+04   -0.314882E+04    0.645459E+04
    3.8000    0.994633E+04   -0.311758E+04    0.653195E+04
    3.8050    0.101083E+05   -0.309879E+04    0.660355E+04
    3.8100    0.102556E+05   -0.309355E+04    0.667459E+04
    3.8150    0.103948E+05   -0.310268E+04    0.674876E+04
    3.8200    0.105299E+05   -0.312661E+04    0.682827E+04
    3.8250    0.106630E+05   -0.316532E+04    0.691414E+04
    3.8300    0.107945E+05   -0.321834E+04    0.700641E+04
    3.8350    0.109240E+05   -0.328467E+04    0.710435E+04
    3.8400    0.110504E+05   -0.336291E+04    0.720667E+04
    3.8450    0.111721E+05   -0.345126E+04    0.731167E+04
    3.8500    0.112872E+05   -0.354759E+04    0.741739E+04
    3.8550    0.113940E+05   -0.364955E+04    0.752177E+04
    3.8600    0.114909E+05   -0.375466E+04    0.762276E+04
    3.8650    0.115764E+05   -0.386037E+04    0.771841E+04
    3.8700    0.116497E+05   -0.396425E+04    0.780696E+04
    3.8750    0.117099E+05   -0.406398E+04    0.788694E+04
    3.8800    0.117568E+05   -0.415752E+04    0.795718E+04
    3.8850    0.117906E+05   -0.424313E+04    0.801688E+04
    3.8900    0.118118E+05   -0.431944E+04    0.806560E+04
    3.8950    0.118211E+05   -0.438552E+04    0.810331E+04
    3.9000    0.118198E+05   -0.444081E+04    0.813031E+04
    3.9050    0.118093E+05   -0.448522E+04    0.814725E+04
    3.9100    0.117911E+05   -0.451907E+04    0.815508E+04
    3.9150    0.117670E+05   -0.454302E+04    0.815499E+04
    3.9200    0.117386E+05   -0.455807E+04    0.814833E+04
    3.9250    0.117077E+05   -0.456539E+04    0.813657E+04
    3.9300    0.116761E+05   -0.456663E+04    0.812135E+04
    3.9350    0.116451E+05   -0.456339E+04    0.810424E+04
    3.9400    0.116161E+05   -0.455731E+04    0.808672E+04
    3.9450    0.115903E+05   -0.455012E+04    0.807022E+04
    3.9500    0.115685E+05   -0.454348E+04    0.805601E+04
    3.9550    0.115514E+05   -0.453896E+04    0.804518E+04
    3.9600    0.115393E+05   -0.453797E+04    0.803864E+04
    3.9650    0.115323E+05   -0.454176E+04    0.803705E+04
    3.9700    0.115304E+05   -0.455131E+04    0.804088E+04
    3.9750    0.115333E+05   -0.456739E+04    0.805034E+04
    3.9800    0.115404E+05   -0.459050E+04    0.806544E+04
    3.9850    0.115512E+05   -0.462082E+04    0.808600E+04
    3.9900    0.115650E+05   -0.465831E+04    0.811164E+04
    3.9950    0.115810E+05   -0.470263E+04    0.814182E+04
    4.0000    0.115986E+05   -0.475320E+04    0.817591E+04
    4.0050    0.116171E+05   -0.480922E+04    0.821317E+04
    4.0100    0.116359E+05   -0.486971E+04    0.825281E+04
    4.0150    0.116545E+05   -0.493353E+04    0.829402E+04
    4.0200    0.116726E+05   -0.499942E+04    0.833600E+04
    4.0250    0.116899E+05   -0.506608E+04    0.837801E+04
    4.0300    0.117065E+05   -0.513220E+04    0.841936E+04
    4.0350    0.117224E+05   -0.519650E+04    0.845947E+04
    4.0400    0.117380E+05   -0.525775E+04    0.849786E+04
    4.0450    0.117534E+05   -0.531493E+04    0.853416E+04
    4.0500    0.117692E+05   -0.536709E+04    0.856813E+04
    4.0550    0.117857E+05   -0.541351E+04    0.859963E+04
    4.0600    0.118036E+05   -0.545364E+04    0.862863E+04
    4.0650    0.118232E+05   -0.548717E+04    0.865519E+04
    4.0700    0.118449E+05   -0.551403E+04    0.867947E+04
    4.0750    0.118690E+05   -0.553436E+04    0.870165E+04
    4.0800    0.118955E+05   -0.554850E+04    0.872201E+04
    4.0850    0.119246E+05   -0.555704E+04    0.874081E+04
    4.0900    0.119560E+05   -0.556071E+04    0.875836E+04
    4.0950    0.119894E+05   -0.556043E+04    0.877492E+04
    4.1000    0.120244E+05   -0.555721E+04    0.879078E+04
    4.1050    0.120602E+05   -0.555217E+04    0.880617E+04
    4.1100    0.120960E+05   -0.554651E+04    0.882126E+04
    4.1150    0.121310E+05   -0.554146E+04    0.883621E+04
    4.1200    0.121639E+05   -0.553821E+04    0.885107E+04
    4.1250    0.121937E+05   -0.553788E+04    0.886581E+04
    4.1300    0.122191E+05   -0.554141E+04    0.888026E+04
    4.1350    0.122388E+05   -0.554949E+04    0.889413E+04
    4.1400    0.122514E+05   -0.556247E+04    0.890692E+04
    4.1450    0.122556E+05   -0.558037E+04    0.891797E+04
    4.1500    0.122502E+05   -0.560286E+04    0.892651E+04
    4.1550    0.122339E+05   -0.562947E+04    0.893171E+04
    4.1600    0.122060E+05   -0.565967E+04    0.893281E+04
    4.1650    0.121654E+05   -0.569296E+04    0.892918E+04
    4.1700    0.121117E+05   -0.572898E+04    0.892035E+04
    4.1750    0.120447E+05   -0.576745E+04    0.890606E+04
    4.1800    0.119643E+05   -0.580816E+04    0.888623E+04
    4.1850    0.118710E+05   -0.585096E+04    0.886097E+04
    4.1900    0.117654E+05   -0.589572E+04    0.883056E+04
    4.1950    0.116486E+05   -0.594227E+04    0.879541E+04
    4.2000    0.115217E+05   -0.599059E+04    0.875614E+04
    4.2050    0.113862E+05   -0.604056E+04    0.871340E+04
    4.2100    0.112438E+05   -0.609216E+04    0.866798E+04
    4.2150    0.110960E+05   -0.614528E+04    0.862062E+04
    4.2200    0.109443E+05   -0.619995E+04    0.857215E+04
    4.2250    0.107904E+05   -0.625617E+04    0.852330E+04
    4.2300    0.106355E+05   -0.631392E+04    0.847472E+04
    4.2350    0.104807E+05   -0.637317E+04    0.842695E+04
    4.2400    0.103269E+05   -0.643380E+04    0.838034E+04
    4.2450    0.101745E+05   -0.649565E+04    0.833509E+04
    4.2500    0.100241E+05   -0.655843E+04    0.829124E+04
    4.2550    0.987554E+04   -0.662167E+04    0.824860E+04
    4.2600    0.972896E+04   -0.668490E+04    0.820693E+04
    4.2650    0.958421E+04   -0.674736E+04    0.816579E+04
    4.2700    0.944116E+04   -0.680846E+04    0.812481E+04
    4.2750    0.929975E+04   -0.686778E+04    0.808377E+04
    4.2800    0.916004E+04   -0.692563E+04    0.804284E+04
    4.2850    0.902226E+04   -0.698352E+04    0.800289E+04
    4.2900    0.888686E+04   -0.704467E+04    0.796576E+04
    4.2950    0.875448E+04   -0.711292E+04    0.793370E+04
    4.3000    0.862595E+04   -0.719177E+04    0.790886E+04
    4.3050    0.850227E+04   -0.728281E+04    0.789254E+04
    4.3100    0.838450E+04   -0.738564E+04    0.788507E+04
    4.3150    0.827374E+04   -0.749870E+04    0.788622E+04
    4.3200    0.817100E+04   -0.762010E+04    0.789555E+04
    4.3250    0.807720E+04   -0.774811E+04    0.791266E+04
    4.3300    0.799304E+04   -0.788138E+04    0.793721E+04
    4.3350    0.791901E+04   -0.801883E+04    0.796892E+04
    4.3400    0.785545E+04   -0.815969E+04    0.800757E+04
    4.3450    0.780257E+04   -0.830341E+04    0.805299E+04
    4.3500    0.776071E+04   -0.844964E+04    0.810517E+04
    4.3550    0.773090E+04   -0.859837E+04    0.816463E+04
    4.3600    0.771540E+04   -0.875040E+04    0.823290E+04
    4.3650    0.767978E+04   -0.890449E+04    0.829213E+04
    4.3700    0.756632E+04   -0.904114E+04    0.830373E+04
    4.3750    0.751608E+04   -0.918400E+04    0.835004E+04
    4.3800    0.749233E+04   -0.933252E+04    0.841243E+04
    4.3850    0.747796E+04   -0.948450E+04    0.848123E+04
    4.3900    0.746549E+04   -0.963869E+04    0.855209E+04
    4.3950    0.745112E+04   -0.979434E+04    0.862273E+04
    4.4000    0.743308E+04   -0.995084E+04    0.869196E+04
    4.4050    0.741087E+04   -0.101078E+05    0.875931E+04
    4.4100    0.738487E+04   -0.102647E+05    0.882479E+04
    4.4150    0.735609E+04   -0.104214E+05    0.888872E+04
    4.4200    0.732589E+04   -0.105774E+05    0.895162E+04
    4.4250    0.729584E+04   -0.107324E+05    0.901413E+04
    4.4300    0.726761E+04   -0.108862E+05    0.907688E+04
    4.4350    0.724272E+04   -0.110383E+05    0.914050E+04
    4.4400    0.722260E+04   -0.111884E+05    0.920548E+04
    4.4450    0.720841E+04   -0.113360E+05    0.927222E+04
    4.4500    0.720105E+04   -0.114808E+05    0.934093E+04
    4.4550    0.720114E+04   -0.116223E+05    0.941170E+04
    4.4600    0.720896E+04   -0.117599E+05    0.948441E+04
    4.4650    0.722452E+04   -0.118931E+05    0.955880E+04
    4.4700    0.724751E+04   -0.120214E+05    0.963444E+04
    4.4750    0.727746E+04   -0.121441E+05    0.971078E+04
    4.4800    0.731349E+04   -0.122607E+05    0.978709E+04
    4.4850    0.735462E+04   -0.123706E+05    0.986261E+04
    4.4900    0.739967E+04   -0.124732E+05    0.993644E+04
    4.4950    0.744732E+04   -0.125680E+05    0.100077E+05
    4.5000    0.749611E+04   -0.126545E+05    0.100753E+05
    4.5050    0.754452E+04   -0.127322E+05    0.101384E+05
    4.5100    0.759106E+04   -0.128009E+05    0.101960E+05
    4.5150    0.763427E+04   -0.128602E+05    0.102472E+05
    4.5200    0.767276E+04   -0.129099E+05    0.102913E+05
    4.5250    0.770543E+04   -0.129500E+05    0.103277E+05
    4.5300    0.773125E+04   -0.129804E+05    0.103558E+05
    4.5350    0.774965E+04   -0.130012E+05    0.103754E+05
    4.5400    0.776015E+04   -0.130126E+05    0.103864E+05
    4.5450    0.776287E+04   -0.130147E+05    0.103888E+05
    4.5500    0.775814E+04   -0.130080E+05    0.103831E+05
    4.5550    0.774671E+04   -0.129927E+05    0.103697E+05
    4.5600    0.772966E+04   -0.129694E+05    0.103495E+05
    4.5650    0.770831E+04   -0.129384E+05    0.103234E+05
    4.5700    0.768428E+04   -0.129004E+05    0.102924E+05
    4.5750    0.765935E+04   -0.128559E+05    0.102576E+05
    4.5800    0.763537E+04   -0.128054E+05    0.102204E+05
    4.5850    0.761418E+04   -0.127496E+05    0.101819E+05
    4.5900    0.759743E+04   -0.126888E+05    0.101431E+05
    4.5950    0.758644E+04   -0.126235E+05    0.101050E+05
    4.6000    0.758197E+04   -0.125542E+05    0.100681E+05
    4.6050    0.758398E+04   -0.124810E+05    0.100325E+05
    4.6100    0.759150E+04   -0.124042E+05    0.999785E+04
    4.6150    0.760270E+04   -0.123237E+05    0.996321E+04
    4.6200    0.761512E+04   -0.122395E+05    0.992731E+04
    4.6250    0.762609E+04   -0.121514E+05    0.988873E+04
    4.6300    0.763306E+04   -0.120591E+05    0.984607E+04
    4.6350    0.763391E+04   -0.119623E+05    0.979812E+04
    4.6400    0.762708E+04   -0.118608E+05    0.974396E+04
    4.6450    0.761160E+04   -0.117543E+05    0.968294E+04
    4.6500    0.758693E+04   -0.116425E+05    0.961470E+04
    4.6550    0.755330E+04   -0.115253E+05    0.953930E+04
    4.6600    0.751091E+04   -0.114028E+05    0.945685E+04
    4.6650    0.746047E+04   -0.112751E+05    0.936779E+04
    4.6700    0.740259E+04   -0.111426E+05    0.927259E+04
    4.6750    0.733818E+04   -0.110057E+05    0.917195E+04
    4.6800    0.726836E+04   -0.108652E+05    0.906676E+04
    4.6850    0.719396E+04   -0.107217E+05    0.895781E+04
    4.6900    0.711590E+04   -0.105761E+05    0.884601E+04
    4.6950    0.703494E+04   -0.104295E+05    0.873222E+04
    4.7000    0.695161E+04   -0.102828E+05    0.861719E+04
    4.7050    0.686656E+04   -0.101369E+05    0.850175E+04
    4.7100    0.678025E+04   -0.999296E+04    0.838661E+04
    4.7150    0.669308E+04   -0.985174E+04    0.827241E+04
    4.7200    0.660529E+04   -0.971405E+04    0.815967E+04
    4.7250    0.651716E+04   -0.958060E+04    0.804888E+04
    4.7300    0.642887E+04   -0.945194E+04    0.794041E+04
    4.7350    0.634052E+04   -0.932849E+04    0.783450E+04
    4.7400    0.625215E+04   -0.921054E+04    0.773135E+04
    4.7450    0.616371E+04   -0.909826E+04    0.763098E+04
    4.7500    0.607513E+04   -0.899168E+04    0.753341E+04
    4.7550    0.598656E+04   -0.889076E+04    0.743866E+04
    4.7600    0.589804E+04   -0.879534E+04    0.734669E+04
    4.7650    0.580968E+04   -0.870521E+04    0.725745E+04
    4.7700    0.572145E+04   -0.862010E+04    0.717077E+04
    4.7750    0.563337E+04   -0.853970E+04    0.708654E+04
    4.7800    0.554527E+04   -0.846370E+04    0.700448E+04
    4.7850    0.545691E+04   -0.839178E+04    0.692435E+04
    4.7900    0.536780E+04   -0.832362E+04    0.684571E+04
    4.7950    0.527735E+04   -0.825894E+04    0.676814E+04
    4.8000    0.518484E+04   -0.819745E+04    0.669114E+04
    4.8050    0.508943E+04   -0.813892E+04    0.661417E+04
    4.8100    0.499027E+04   -0.808313E+04    0.653670E+04
    4.8150    0.488649E+04   -0.802990E+04    0.645819E+04
    4.8200    0.477731E+04   -0.797908E+04    0.637820E+04
    4.8250    0.466206E+04   -0.793058E+04    0.629632E+04
    4.8300    0.454023E+04   -0.788431E+04    0.621227E+04
    4.8350    0.441148E+04   -0.784023E+04    0.612585E+04
    4.8400    0.427575E+04   -0.779832E+04    0.603703E+04
    4.8450    0.413318E+04   -0.775859E+04    0.594589E+04
    4.8500    0.398420E+04   -0.772107E+04    0.585264E+04
    4.8550    0.382944E+04   -0.768582E+04    0.575763E+04
    4.8600    0.366977E+04   -0.765288E+04    0.566133E+04
    4.8650    0.350624E+04   -0.762231E+04    0.556428E+04
    4.8700    0.334009E+04   -0.759415E+04    0.546712E+04
    4.8750    0.317267E+04   -0.756840E+04    0.537053E+04
    4.8800    0.300547E+04   -0.754504E+04    0.527525E+04
    4.8850    0.284007E+04   -0.752398E+04    0.518202E+04
    4.8900    0.267817E+04   -0.750510E+04    0.509163E+04
    4.8950    0.252161E+04   -0.748820E+04    0.500491E+04
    4.9000    0.237231E+04   -0.747299E+04    0.492265E+04
    4.9050    0.223209E+04   -0.745915E+04    0.484562E+04
    4.9100    0.210244E+04   -0.744630E+04    0.477437E+04
    4.9150    0.198391E+04   -0.743401E+04    0.470896E+04
    4.9200    0.187520E+04   -0.742180E+04    0.464850E+04
    4.9250    0.177346E+04   -0.740922E+04    0.459134E+04
    4.9300    0.167411E+04   -0.739582E+04    0.453496E+04
    4.9350    0.157196E+04   -0.738113E+04    0.447655E+04
    4.9400    0.146248E+04   -0.736474E+04    0.441361E+04
    4.9450    0.134242E+04   -0.734627E+04    0.434434E+04
    4.9500    0.120958E+04   -0.732535E+04    0.426746E+04
    4.9550    0.106313E+04   -0.730168E+04    0.418240E+04
    4.9600    0.902956E+03   -0.727499E+04    0.408897E+04
    4.9650    0.729487E+03   -0.724504E+04    0.398726E+04
    4.9700    0.543567E+03   -0.721162E+04    0.387759E+04
    4.9750    0.346360E+03   -0.717453E+04    0.376045E+04
    4.9800    0.139321E+03   -0.713361E+04    0.363646E+04
    4.9850   -0.759218E+02   -0.708868E+04    0.350638E+04
    4.9900   -0.297449E+03   -0.703962E+04    0.337109E+04
    4.9950   -0.523173E+03   -0.698631E+04    0.323157E+04
    5.0000   -0.750928E+03   -0.692866E+04    0.308886E+04
    5.0050   -0.978428E+03   -0.686660E+04    0.294409E+04
    5.0100   -0.120352E+04   -0.680012E+04    0.279830E+04
    5.0150   -0.142417E+04   -0.672925E+04    0.265254E+04
    5.0200   -0.163852E+04   -0.665405E+04    0.250777E+04
    5.0250   -0.184504E+04   -0.657465E+04    0.236480E+04
    5.0300   -0.204257E+04   -0.649124E+04    0.222433E+04
    5.0350   -0.223034E+04   -0.640404E+04    0.208685E+04
    5.0400   -0.240799E+04   -0.631336E+04    0.195269E+04
    5.0450   -0.257563E+04   -0.621951E+04    0.182194E+04
    5.0500   -0.273373E+04   -0.612286E+04    0.169457E+04
    5.0550   -0.288309E+04   -0.602380E+04    0.157035E+04
    5.0600   -0.302478E+04   -0.592273E+04    0.144897E+04
    5.0650   -0.316001E+04   -0.582006E+04    0.133002E+04
    5.0700   -0.329009E+04   -0.571620E+04    0.121306E+04
    5.0750   -0.341625E+04   -0.561155E+04    0.109765E+04
    5.0800   -0.353961E+04   -0.550647E+04    0.983431E+03
    5.0850   -0.366109E+04   -0.540128E+04    0.870095E+03
    5.0900   -0.378131E+04   -0.529628E+04    0.757483E+03
    5.0950   -0.390056E+04   -0.519175E+04    0.645593E+03
    5.1000   -0.401883E+04   -0.508790E+04    0.534533E+03
    5.1050   -0.413580E+04   -0.498492E+04    0.424561E+03
    5.1100   -0.425086E+04   -0.488298E+04    0.316059E+03
    5.1150   -0.436319E+04   -0.478221E+04    0.209506E+03
    5.1200   -0.447182E+04   -0.468274E+04    0.105462E+03
    5.1250   -0.457569E+04   -0.458465E+04    0.448081E+01
    5.1300   -0.467378E+04   -0.448807E+04   -0.928558E+02
    5.1350   -0.476511E+04   -0.439307E+04   -0.186020E+03
    5.1400   -0.484888E+04   -0.429975E+04   -0.274561E+03
    5.1450   -0.492444E+04   -0.420816E+04   -0.358139E+03
    5.1500   -0.499136E+04   -0.411836E+04   -0.436502E+03
    5.1550   -0.504947E+04   -0.403035E+04   -0.509558E+03
    5.1600   -0.509878E+04   -0.394411E+04   -0.577334E+03
    5.1650   -0.513954E+04   -0.385958E+04   -0.639976E+03
    5.1700   -0.517213E+04   -0.377665E+04   -0.697737E+03
    5.1750   -0.519705E+04   -0.369520E+04   -0.750923E+03
    5.1800   -0.521491E+04   -0.361505E+04   -0.799930E+03
    5.1850   -0.522633E+04   -0.353596E+04   -0.845184E+03
    5.1900   -0.523194E+04   -0.345768E+04   -0.887129E+03
    5.1950   -0.523230E+04   -0.337986E+04   -0.926220E+03
    5.2000   -0.522796E+04   -0.330207E+04   -0.962942E+03
    5.2050   -0.521933E+04   -0.322377E+04   -0.997780E+03
    5.2100   -0.520675E+04   -0.314422E+04   -0.103127E+04
    5.2150   -0.519047E+04   -0.306243E+04   -0.106402E+04
    5.2200   -0.517062E+04   -0.297713E+04   -0.109675E+04
    5.2250   -0.514727E+04   -0.288666E+04   -0.113030E+04
    5.2300   -0.512038E+04   -0.278908E+04   -0.116565E+04
    5.2350   -0.508986E+04   -0.268241E+04   -0.120373E+04
    5.2400   -0.505556E+04   -0.256532E+04   -0.124512E+04
    5.2450   -0.501725E+04   -0.243809E+04   -0.128958E+04
    5.2500   -0.497475E+04   -0.230393E+04   -0.133541E+04
    5.2550   -0.492779E+04   -0.216897E+04   -0.137941E+04
    5.2600   -0.487605E+04   -0.204037E+04   -0.141784E+04
