    0.0000    0.961548E-09   -0.172352E-09    0.566950E-09
    0.0050    0.133526E+04    0.145755E+03    0.594753E+03
    0.0100    0.133854E+04   -0.653412E+02    0.701938E+03
    0.0150    0.131142E+04   -0.256451E+03    0.783937E+03
    0.0200    0.126462E+04   -0.423998E+03    0.844309E+03
    0.0250    0.120307E+04   -0.564045E+03    0.883558E+03
    0.0300    0.112920E+04   -0.674108E+03    0.901654E+03
    0.0350    0.104612E+04   -0.754753E+03    0.900436E+03
    0.0400    0.958876E+03   -0.809997E+03    0.884436E+03
    0.0450    0.873611E+03   -0.846180E+03    0.859896E+03
    0.0500    0.795714E+03   -0.869866E+03    0.832790E+03
    0.0550    0.728316E+03   -0.885803E+03    0.807059E+03
    0.0600    0.671944E+03   -0.895901E+03    0.783923E+03
    0.0650    0.625377E+03   -0.899575E+03    0.762476E+03
    0.0700    0.587019E+03   -0.895146E+03    0.741082E+03
    0.0750    0.556050E+03   -0.881506E+03    0.718778E+03
    0.0800    0.532851E+03   -0.859224E+03    0.696038E+03
    0.0850    0.518720E+03   -0.830678E+03    0.674699E+03
    0.0900    0.515167E+03   -0.799327E+03    0.657247E+03
    0.0950    0.523201E+03   -0.768584E+03    0.645893E+03
    0.1000    0.542882E+03   -0.740854E+03    0.641868E+03
    0.1050    0.573229E+03   -0.717065E+03    0.645147E+03
    0.1100    0.612426E+03   -0.696758E+03    0.654592E+03
    0.1150    0.658211E+03   -0.678543E+03    0.668377E+03
    0.1200    0.708083E+03   -0.660789E+03    0.684436E+03
    0.1250    0.759674E+03   -0.642160E+03    0.700917E+03
    0.1300    0.810910E+03   -0.622037E+03    0.716474E+03
    0.1350    0.860138E+03   -0.600671E+03    0.730404E+03
    0.1400    0.906185E+03   -0.579089E+03    0.742637E+03
    0.1450    0.948372E+03   -0.558783E+03    0.753577E+03
    0.1500    0.986463E+03   -0.541255E+03    0.763859E+03
    0.1550    0.102060E+04   -0.527581E+03    0.774092E+03
    0.1600    0.105122E+04   -0.518107E+03    0.784665E+03
    0.1650    0.107895E+04   -0.512410E+03    0.795680E+03
    0.1700    0.110455E+04   -0.509514E+03    0.807032E+03
    0.1750    0.112885E+04   -0.508287E+03    0.818567E+03
    0.1800    0.115267E+04   -0.507864E+03    0.830266E+03
    0.1850    0.117677E+04   -0.507928E+03    0.842348E+03
    0.1900    0.120176E+04   -0.508769E+03    0.855267E+03
    0.1950    0.122810E+04   -0.511083E+03    0.869590E+03
    0.2000    0.125599E+04   -0.515620E+03    0.885806E+03
    0.2050    0.128548E+04   -0.522795E+03    0.904135E+03
    0.2100    0.131638E+04   -0.532416E+03    0.924399E+03
    0.2150    0.134840E+04   -0.543615E+03    0.946007E+03
    0.2200    0.138111E+04   -0.554997E+03    0.968051E+03
    0.2250    0.141404E+04   -0.564956E+03    0.989498E+03
    0.2300    0.144674E+04   -0.572058E+03    0.100940E+04
    0.2350    0.147880E+04   -0.575358E+03    0.102708E+04
    0.2400    0.150989E+04   -0.574587E+03    0.104224E+04
    0.2450    0.153976E+04   -0.570136E+03    0.105495E+04
    0.2500    0.156820E+04   -0.562876E+03    0.106554E+04
    0.2550    0.159504E+04   -0.553859E+03    0.107445E+04
    0.2600    0.162014E+04   -0.544012E+03    0.108207E+04
    0.2650    0.164330E+04   -0.533927E+03    0.108861E+04
    0.2700    0.166438E+04   -0.523795E+03    0.109409E+04
    0.2750    0.168324E+04   -0.513506E+03    0.109837E+04
    0.2800    0.169981E+04   -0.502836E+03    0.110132E+04
    0.2850    0.171409E+04   -0.491649E+03    0.110287E+04
    0.2900    0.172615E+04   -0.480015E+03    0.110308E+04
    0.2950    0.173615E+04   -0.468222E+03    0.110219E+04
    0.3000    0.174429E+04   -0.456681E+03    0.110048E+04
    0.3050    0.175080E+04   -0.445477E+03    0.109814E+04
    0.3100    0.175593E+04   -0.433594E+03    0.109476E+04
    0.3150    0.175989E+04   -0.424800E+03    0.109235E+04
    0.3200    0.176288E+04   -0.416475E+03    0.108968E+04
    0.3250    0.176503E+04   -0.408467E+03    0.108675E+04
    0.3300    0.176644E+04   -0.400594E+03    0.108352E+04
    0.3350    0.176717E+04   -0.392854E+03    0.108001E+04
    0.3400    0.176726E+04   -0.385508E+03    0.107638E+04
    0.3450    0.176671E+04   -0.379078E+03    0.107289E+04
    0.3500    0.176554E+04   -0.374238E+03    0.106989E+04
    0.3550    0.176379E+04   -0.371671E+03    0.106773E+04
    0.3600    0.176156E+04   -0.371909E+03    0.106673E+04
    0.3650    0.175896E+04   -0.375224E+03    0.106709E+04
    0.3700    0.175618E+04   -0.381578E+03    0.106888E+04
    0.3750    0.175341E+04   -0.390654E+03    0.107203E+04
    0.3800    0.175085E+04   -0.401946E+03    0.107640E+04
    0.3850    0.174869E+04   -0.414865E+03    0.108178E+04
    0.3900    0.174708E+04   -0.428841E+03    0.108796E+04
    0.3950    0.174612E+04   -0.443370E+03    0.109474E+04
    0.4000    0.174579E+04   -0.458016E+03    0.110190E+04
    0.4050    0.174600E+04   -0.472336E+03    0.110917E+04
    0.4100    0.174657E+04   -0.485998E+03    0.111628E+04
    0.4150    0.174721E+04   -0.498455E+03    0.112283E+04
    0.4200    0.174758E+04   -0.509135E+03    0.112836E+04
    0.4250    0.174729E+04   -0.517436E+03    0.113236E+04
    0.4300    0.174596E+04   -0.522809E+03    0.113438E+04
    0.4350    0.174324E+04   -0.524831E+03    0.113403E+04
    0.4400    0.173883E+04   -0.523271E+03    0.113105E+04
    0.4450    0.173254E+04   -0.518090E+03    0.112531E+04
    0.4500    0.172426E+04   -0.509421E+03    0.111684E+04
    0.4550    0.171403E+04   -0.497513E+03    0.110577E+04
    0.4600    0.170200E+04   -0.482676E+03    0.109234E+04
    0.4650    0.168842E+04   -0.465237E+03    0.107683E+04
    0.4700    0.167366E+04   -0.445512E+03    0.105959E+04
    0.4750    0.165809E+04   -0.423800E+03    0.104095E+04
    0.4800    0.164214E+04   -0.400389E+03    0.102127E+04
    0.4850    0.162619E+04   -0.375596E+03    0.100089E+04
    0.4900    0.161055E+04   -0.349778E+03    0.980166E+03
    0.4950    0.159547E+04   -0.323354E+03    0.959409E+03
    0.5000    0.158106E+04   -0.296784E+03    0.938922E+03
    0.5050    0.156737E+04   -0.270547E+03    0.918959E+03
    0.5100    0.155435E+04   -0.245094E+03    0.899720E+03
    0.5150    0.154187E+04   -0.220812E+03    0.881341E+03
    0.5200    0.152979E+04   -0.197996E+03    0.863891E+03
    0.5250    0.151792E+04   -0.176840E+03    0.847380E+03
    0.5300    0.150610E+04   -0.157440E+03    0.831772E+03
    0.5350    0.149421E+04   -0.139803E+03    0.817007E+03
    0.5400    0.148216E+04   -0.123867E+03    0.803012E+03
    0.5450    0.146993E+04   -0.109497E+03    0.789713E+03
    0.5500    0.145757E+04   -0.964880E+02    0.777027E+03
    0.5550    0.144516E+04   -0.845496E+02    0.764853E+03
    0.5600    0.143281E+04   -0.733050E+02    0.753056E+03
    0.5650    0.142063E+04   -0.622877E+02    0.741460E+03
    0.5700    0.140873E+04   -0.509679E+02    0.729847E+03
    0.5750    0.139715E+04   -0.387924E+02    0.717970E+03
    0.5800    0.138590E+04   -0.252394E+02    0.705570E+03
    0.5850    0.137492E+04   -0.987537E+01    0.692397E+03
    0.5900    0.136406E+04    0.759952E+01    0.678231E+03
    0.5950    0.135312E+04    0.273227E+02    0.662897E+03
    0.6000    0.134182E+04    0.492639E+02    0.646278E+03
    0.6050    0.132987E+04    0.732447E+02    0.628314E+03
    0.6100    0.131698E+04    0.989696E+02    0.609004E+03
    0.6150    0.130286E+04    0.126071E+03    0.588394E+03
    0.6200    0.128729E+04    0.154159E+03    0.566566E+03
    0.6250    0.127012E+04    0.182852E+03    0.543632E+03
    0.6300    0.125127E+04    0.211808E+03    0.519728E+03
    0.6350    0.123078E+04    0.240740E+03    0.495019E+03
    0.6400    0.120881E+04    0.269404E+03    0.469702E+03
    0.6450    0.118562E+04    0.297592E+03    0.444014E+03
    0.6500    0.116158E+04    0.325113E+03    0.418234E+03
    0.6550    0.113713E+04    0.351793E+03    0.392669E+03
    0.6600    0.111275E+04    0.377475E+03    0.367635E+03
    0.6650    0.108891E+04    0.402022E+03    0.343443E+03
    0.6700    0.106607E+04    0.425324E+03    0.320373E+03
    0.6750    0.104461E+04    0.447284E+03    0.298661E+03
    0.6800    0.102479E+04    0.467819E+03    0.278486E+03
    0.6850    0.100677E+04    0.486850E+03    0.259960E+03
    0.6900    0.990544E+03    0.504297E+03    0.243124E+03
    0.6950    0.975969E+03    0.520080E+03    0.227945E+03
    0.7000    0.962775E+03    0.534133E+03    0.214321E+03
    0.7050    0.950583E+03    0.546429E+03    0.202077E+03
    0.7100    0.938940E+03    0.556971E+03    0.190985E+03
    0.7150    0.927350E+03    0.565826E+03    0.180762E+03
    0.7200    0.915319E+03    0.573122E+03    0.171098E+03
    0.7250    0.902396E+03    0.579039E+03    0.161679E+03
    0.7300    0.888218E+03    0.583795E+03    0.152211E+03
    0.7350    0.872535E+03    0.587630E+03    0.142452E+03
    0.7400    0.855240E+03    0.590784E+03    0.132228E+03
    0.7450    0.836373E+03    0.593486E+03    0.121443E+03
    0.7500    0.816109E+03    0.595938E+03    0.110085E+03
    0.7550    0.794748E+03    0.598309E+03    0.982194E+02
    0.7600    0.772687E+03    0.600741E+03    0.859729E+02
    0.7650    0.750384E+03    0.603329E+03    0.735276E+02
    0.7700    0.728313E+03    0.606120E+03    0.610967E+02
    0.7750    0.706930E+03    0.609122E+03    0.489036E+02
    0.7800    0.686614E+03    0.612278E+03    0.371679E+02
    0.7850    0.667650E+03    0.615472E+03    0.260885E+02
    0.7900    0.650193E+03    0.618537E+03    0.158280E+02
    0.7950    0.634270E+03    0.621263E+03    0.650340E+01
    0.8000    0.619768E+03    0.623419E+03   -0.182584E+01
    0.8050    0.606457E+03    0.624793E+03   -0.916804E+01
    0.8100    0.594008E+03    0.625212E+03   -0.156019E+02
    0.8150    0.582022E+03    0.624561E+03   -0.212696E+02
    0.8200    0.570076E+03    0.622788E+03   -0.263562E+02
    0.8250    0.557756E+03    0.619855E+03   -0.310493E+02
    0.8300    0.544693E+03    0.615629E+03   -0.354679E+02
    0.8350    0.530592E+03    0.609716E+03   -0.395619E+02
    0.8400    0.515247E+03    0.601046E+03   -0.428993E+02
    0.8450    0.498551E+03    0.586925E+03   -0.441867E+02
    0.8500    0.480501E+03    0.582438E+03   -0.509682E+02
    0.8550    0.461188E+03    0.659452E+03   -0.991319E+02
    0.8600    0.440803E+03    0.679582E+03   -0.119389E+03
    0.8650    0.419634E+03    0.687962E+03   -0.134164E+03
    0.8700    0.398012E+03    0.692270E+03   -0.147129E+03
    0.8750    0.376296E+03    0.694529E+03   -0.159116E+03
    0.8800    0.354841E+03    0.695437E+03   -0.170298E+03
    0.8850    0.333970E+03    0.695246E+03   -0.180638E+03
    0.8900    0.313943E+03    0.694002E+03   -0.190029E+03
    0.8950    0.294959E+03    0.691698E+03   -0.198369E+03
    0.9000    0.277088E+03    0.688283E+03   -0.205597E+03
    0.9050    0.260289E+03    0.683741E+03   -0.211726E+03
    0.9100    0.244374E+03    0.678096E+03   -0.216861E+03
    0.9150    0.229016E+03    0.671450E+03   -0.221217E+03
    0.9200    0.213721E+03    0.663977E+03   -0.225128E+03
    0.9250    0.197822E+03    0.655911E+03   -0.229044E+03
    0.9300    0.180419E+03    0.647555E+03   -0.233568E+03
    0.9350    0.160249E+03    0.639247E+03   -0.239499E+03
    0.9400    0.135227E+03    0.631312E+03   -0.248042E+03
    0.9450    0.100005E+03    0.624095E+03   -0.262045E+03
    0.9500    0.460053E+02    0.617892E+03   -0.285943E+03
    0.9550    0.250193E+02    0.612951E+03   -0.293966E+03
    0.9600    0.252862E+02    0.609458E+03   -0.292086E+03
    0.9650    0.309558E+02    0.607499E+03   -0.288272E+03
    0.9700    0.366611E+02    0.607056E+03   -0.285198E+03
    0.9750    0.399277E+02    0.608036E+03   -0.284054E+03
    0.9800    0.396267E+02    0.610185E+03   -0.285279E+03
    0.9850    0.353888E+02    0.613125E+03   -0.288868E+03
    0.9900    0.273932E+02    0.616284E+03   -0.294446E+03
    0.9950    0.161228E+02    0.618823E+03   -0.301350E+03
    1.0000    0.221151E+01    0.619420E+03   -0.308604E+03
    1.0050   -0.136045E+02    0.615705E+03   -0.314655E+03
    1.0100   -0.305453E+02    0.602660E+03   -0.316603E+03
    1.0150   -0.473626E+02    0.568141E+03   -0.307752E+03
    1.0200   -0.601310E+02    0.489391E+03   -0.274761E+03
    1.0250   -0.639457E+02    0.391962E+03   -0.227954E+03
    1.0300   -0.667132E+02    0.347130E+03   -0.206922E+03
    1.0350   -0.733435E+02    0.339993E+03   -0.206668E+03
    1.0400   -0.828065E+02    0.348294E+03   -0.215550E+03
    1.0450   -0.938646E+02    0.362979E+03   -0.228422E+03
    1.0500   -0.105785E+03    0.380379E+03   -0.243082E+03
    1.0550   -0.118115E+03    0.398818E+03   -0.258467E+03
    1.0600   -0.130478E+03    0.417421E+03   -0.273949E+03
    1.0650   -0.142620E+03    0.435700E+03   -0.289160E+03
    1.0700   -0.154261E+03    0.453359E+03   -0.303810E+03
    1.0750   -0.165080E+03    0.470211E+03   -0.317645E+03
    1.0800   -0.174804E+03    0.486157E+03   -0.330481E+03
    1.0850   -0.183092E+03    0.501156E+03   -0.342124E+03
    1.0900   -0.189617E+03    0.515199E+03   -0.352408E+03
    1.0950   -0.194104E+03    0.528323E+03   -0.361213E+03
    1.1000   -0.196304E+03    0.540576E+03   -0.368440E+03
    1.1050   -0.196018E+03    0.552034E+03   -0.374026E+03
    1.1100   -0.193153E+03    0.562771E+03   -0.377962E+03
    1.1150   -0.187710E+03    0.572858E+03   -0.380284E+03
    1.1200   -0.179790E+03    0.582388E+03   -0.381089E+03
    1.1250   -0.169595E+03    0.591399E+03   -0.380497E+03
    1.1300   -0.157455E+03    0.599921E+03   -0.378688E+03
    1.1350   -0.143740E+03    0.607941E+03   -0.375841E+03
    1.1400   -0.128932E+03    0.615427E+03   -0.372179E+03
    1.1450   -0.113507E+03    0.622295E+03   -0.367901E+03
    1.1500   -0.979627E+02    0.628449E+03   -0.363206E+03
    1.1550   -0.827808E+02    0.633770E+03   -0.358275E+03
    1.1600   -0.683303E+02    0.638132E+03   -0.353231E+03
    1.1650   -0.549464E+02    0.641425E+03   -0.348186E+03
    1.1700   -0.428401E+02    0.643574E+03   -0.343207E+03
    1.1750   -0.320851E+02    0.644536E+03   -0.338311E+03
    1.1800   -0.226751E+02    0.644347E+03   -0.333511E+03
    1.1850   -0.144869E+02    0.643099E+03   -0.328793E+03
    1.1900   -0.732171E+01    0.640960E+03   -0.324141E+03
    1.1950   -0.931744E+00    0.638149E+03   -0.319540E+03
    1.2000    0.500772E+01    0.634912E+03   -0.314952E+03
    1.2050    0.108018E+02    0.631511E+03   -0.310354E+03
    1.2100    0.167546E+02    0.628190E+03   -0.305718E+03
    1.2150    0.231187E+02    0.625183E+03   -0.301032E+03
    1.2200    0.300470E+02    0.622688E+03   -0.296320E+03
    1.2250    0.375951E+02    0.620876E+03   -0.291640E+03
    1.2300    0.456978E+02    0.619875E+03   -0.287089E+03
    1.2350    0.541705E+02    0.619781E+03   -0.282805E+03
    1.2400    0.627374E+02    0.620638E+03   -0.278950E+03
    1.2450    0.710447E+02    0.622453E+03   -0.275704E+03
    1.2500    0.786946E+02    0.625178E+03   -0.273242E+03
    1.2550    0.852678E+02    0.628745E+03   -0.271739E+03
    1.2600    0.903897E+02    0.633025E+03   -0.271318E+03
    1.2650    0.937326E+02    0.637878E+03   -0.272073E+03
    1.2700    0.950651E+02    0.643131E+03   -0.274033E+03
    1.2750    0.942420E+02    0.648619E+03   -0.277188E+03
    1.2800    0.912443E+02    0.654171E+03   -0.281463E+03
    1.2850    0.861463E+02    0.659639E+03   -0.286747E+03
    1.2900    0.791080E+02    0.664892E+03   -0.292892E+03
    1.2950    0.703684E+02    0.669832E+03   -0.299732E+03
    1.3000    0.601850E+02    0.674391E+03   -0.307103E+03
    1.3050    0.488166E+02    0.678550E+03   -0.314867E+03
    1.3100    0.364962E+02    0.682312E+03   -0.322908E+03
    1.3150    0.233986E+02    0.685721E+03   -0.331161E+03
    1.3200    0.960785E+01    0.688842E+03   -0.339617E+03
    1.3250   -0.488102E+01    0.691765E+03   -0.348323E+03
    1.3300   -0.201722E+02    0.694583E+03   -0.357377E+03
    1.3350   -0.364375E+02    0.697387E+03   -0.366912E+03
    1.3400   -0.539532E+02    0.700253E+03   -0.377103E+03
    1.3450   -0.729824E+02    0.703234E+03   -0.388108E+03
    1.3500   -0.938076E+02    0.706349E+03   -0.400078E+03
    1.3550   -0.116682E+03    0.709593E+03   -0.413137E+03
    1.3600   -0.141803E+03    0.712931E+03   -0.427367E+03
    1.3650   -0.169298E+03    0.716314E+03   -0.442806E+03
    1.3700   -0.199205E+03    0.719687E+03   -0.459446E+03
    1.3750   -0.231475E+03    0.722987E+03   -0.477231E+03
    1.3800   -0.265975E+03    0.726151E+03   -0.496063E+03
    1.3850   -0.302506E+03    0.729108E+03   -0.515807E+03
    1.3900   -0.340814E+03    0.731777E+03   -0.536296E+03
    1.3950   -0.380560E+03    0.734022E+03   -0.557291E+03
    1.4000   -0.421510E+03    0.735740E+03   -0.578625E+03
    1.4050   -0.463447E+03    0.736797E+03   -0.600122E+03
    1.4100   -0.506216E+03    0.737037E+03   -0.621626E+03
    1.4150   -0.549762E+03    0.736298E+03   -0.643030E+03
    1.4200   -0.594127E+03    0.734410E+03   -0.664268E+03
    1.4250   -0.639449E+03    0.731202E+03   -0.685326E+03
    1.4300   -0.685950E+03    0.726510E+03   -0.706230E+03
    1.4350   -0.733906E+03    0.720183E+03   -0.727044E+03
    1.4400   -0.783619E+03    0.712093E+03   -0.747856E+03
    1.4450   -0.835386E+03    0.702138E+03   -0.768762E+03
    1.4500   -0.889450E+03    0.690256E+03   -0.789853E+03
    1.4550   -0.946040E+03    0.676420E+03   -0.811230E+03
    1.4600   -0.100524E+04    0.660648E+03   -0.832943E+03
    1.4650   -0.106710E+04    0.642999E+03   -0.855050E+03
    1.4700   -0.113152E+04    0.623574E+03   -0.877549E+03
    1.4750   -0.119836E+04    0.602507E+03   -0.900434E+03
    1.4800   -0.126739E+04    0.579959E+03   -0.923677E+03
    1.4850   -0.133838E+04    0.556107E+03   -0.947246E+03
    1.4900   -0.141101E+04    0.531097E+03   -0.971054E+03
    1.4950   -0.148508E+04    0.505109E+03   -0.995095E+03
    1.5000   -0.156042E+04    0.478288E+03   -0.101935E+04
    1.5050   -0.163692E+04    0.450748E+03   -0.104383E+04
    1.5100   -0.171454E+04    0.422575E+03   -0.106856E+04
    1.5150   -0.179334E+04    0.393821E+03   -0.109358E+04
    1.5200   -0.187343E+04    0.364510E+03   -0.111897E+04
    1.5250   -0.195495E+04    0.334642E+03   -0.114479E+04
    1.5300   -0.203800E+04    0.304203E+03   -0.117110E+04
    1.5350   -0.212263E+04    0.273172E+03   -0.119790E+04
    1.5400   -0.220866E+04    0.241528E+03   -0.122510E+04
    1.5450   -0.229561E+04    0.209256E+03   -0.125243E+04
    1.5500   -0.238244E+04    0.176357E+03   -0.127940E+04
    1.5550   -0.246715E+04    0.142842E+03   -0.130500E+04
    1.5600   -0.254628E+04    0.108741E+03   -0.132751E+04
    1.5650   -0.261449E+04    0.740968E+02   -0.134429E+04
    1.5700   -0.266631E+04    0.389672E+02   -0.135264E+04
    1.5750   -0.270367E+04    0.342031E+01   -0.135355E+04
    1.5800   -0.274416E+04   -0.324645E+02   -0.135585E+04
    1.5850   -0.281054E+04   -0.685991E+02   -0.137097E+04
    1.5900   -0.291172E+04   -0.104883E+03   -0.140342E+04
    1.5950   -0.304288E+04   -0.141202E+03   -0.145084E+04
    1.6000   -0.319465E+04   -0.177454E+03   -0.150860E+04
    1.6050   -0.335868E+04   -0.213498E+03   -0.157259E+04
    1.6100   -0.352856E+04   -0.249208E+03   -0.163967E+04
    1.6150   -0.369976E+04   -0.284436E+03   -0.170766E+04
    1.6200   -0.386920E+04   -0.319028E+03   -0.177508E+04
    1.6250   -0.403482E+04   -0.352841E+03   -0.184099E+04
    1.6300   -0.419539E+04   -0.385722E+03   -0.190483E+04
    1.6350   -0.435021E+04   -0.417533E+03   -0.196634E+04
    1.6400   -0.449902E+04   -0.448148E+03   -0.202544E+04
    1.6450   -0.464183E+04   -0.477463E+03   -0.208218E+04
    1.6500   -0.477885E+04   -0.505405E+03   -0.213672E+04
    1.6550   -0.491042E+04   -0.531925E+03   -0.218925E+04
    1.6600   -0.503694E+04   -0.557004E+03   -0.223997E+04
    1.6650   -0.515884E+04   -0.580656E+03   -0.228909E+04
    1.6700   -0.527653E+04   -0.602934E+03   -0.233680E+04
    1.6750   -0.539034E+04   -0.623864E+03   -0.238324E+04
    1.6800   -0.550059E+04   -0.643525E+03   -0.242853E+04
    1.6850   -0.560752E+04   -0.661982E+03   -0.247277E+04
    1.6900   -0.571128E+04   -0.679295E+03   -0.251599E+04
    1.6950   -0.581193E+04   -0.695498E+03   -0.255822E+04
    1.7000   -0.590954E+04   -0.710637E+03   -0.259945E+04
    1.7050   -0.600404E+04   -0.724705E+03   -0.263967E+04
    1.7100   -0.609534E+04   -0.737676E+03   -0.267883E+04
    1.7150   -0.618330E+04   -0.749505E+03   -0.271690E+04
    1.7200   -0.626775E+04   -0.760133E+03   -0.275381E+04
    1.7250   -0.634854E+04   -0.769480E+03   -0.278953E+04
    1.7300   -0.642548E+04   -0.777472E+03   -0.282401E+04
    1.7350   -0.649842E+04   -0.784036E+03   -0.285719E+04
    1.7400   -0.656723E+04   -0.789104E+03   -0.288906E+04
    1.7450   -0.663179E+04   -0.792623E+03   -0.291959E+04
    1.7500   -0.669209E+04   -0.794589E+03   -0.294875E+04
    1.7550   -0.674810E+04   -0.794996E+03   -0.297655E+04
    1.7600   -0.679989E+04   -0.793877E+03   -0.300301E+04
    1.7650   -0.684755E+04   -0.791288E+03   -0.302813E+04
    1.7700   -0.689123E+04   -0.787335E+03   -0.305195E+04
    1.7750   -0.693107E+04   -0.782127E+03   -0.307447E+04
    1.7800   -0.696724E+04   -0.775798E+03   -0.309572E+04
    1.7850   -0.699983E+04   -0.768494E+03   -0.311567E+04
    1.7900   -0.702888E+04   -0.760364E+03   -0.313426E+04
    1.7950   -0.705434E+04   -0.751562E+03   -0.315139E+04
    1.8000   -0.707602E+04   -0.742234E+03   -0.316689E+04
    1.8050   -0.709358E+04   -0.732521E+03   -0.318053E+04
    1.8100   -0.710653E+04   -0.722556E+03   -0.319199E+04
    1.8150   -0.711421E+04   -0.712459E+03   -0.320087E+04
    1.8200   -0.711580E+04   -0.702342E+03   -0.320673E+04
    1.8250   -0.711035E+04   -0.692303E+03   -0.320902E+04
    1.8300   -0.709683E+04   -0.682456E+03   -0.320719E+04
    1.8350   -0.707414E+04   -0.672880E+03   -0.320063E+04
    1.8400   -0.704114E+04   -0.663657E+03   -0.318874E+04
    1.8450   -0.699676E+04   -0.654855E+03   -0.317095E+04
    1.8500   -0.694001E+04   -0.646537E+03   -0.314674E+04
    1.8550   -0.687003E+04   -0.638750E+03   -0.311564E+04
    1.8600   -0.678613E+04   -0.631520E+03   -0.307730E+04
    1.8650   -0.668784E+04   -0.624871E+03   -0.303148E+04
    1.8700   -0.657491E+04   -0.618795E+03   -0.297806E+04
    1.8750   -0.644733E+04   -0.613260E+03   -0.291704E+04
    1.8800   -0.630540E+04   -0.608254E+03   -0.284857E+04
    1.8850   -0.614954E+04   -0.603713E+03   -0.277291E+04
    1.8900   -0.598041E+04   -0.599575E+03   -0.269042E+04
    1.8950   -0.579886E+04   -0.595788E+03   -0.260154E+04
    1.9000   -0.560594E+04   -0.592300E+03   -0.250682E+04
    1.9050   -0.540281E+04   -0.589085E+03   -0.240686E+04
    1.9100   -0.519076E+04   -0.586133E+03   -0.230231E+04
    1.9150   -0.497122E+04   -0.583462E+03   -0.219388E+04
    1.9200   -0.474568E+04   -0.581119E+03   -0.208228E+04
    1.9250   -0.451574E+04   -0.579169E+03   -0.196829E+04
    1.9300   -0.428309E+04   -0.577693E+03   -0.185270E+04
    1.9350   -0.404948E+04   -0.576781E+03   -0.173635E+04
    1.9400   -0.381678E+04   -0.576516E+03   -0.162013E+04
    1.9450   -0.358690E+04   -0.576969E+03   -0.150496E+04
    1.9500   -0.336179E+04   -0.578184E+03   -0.139180E+04
    1.9550   -0.314332E+04   -0.580161E+03   -0.128158E+04
    1.9600   -0.293334E+04   -0.582878E+03   -0.117523E+04
    1.9650   -0.273336E+04   -0.586245E+03   -0.107356E+04
    1.9700   -0.254460E+04   -0.590139E+03   -0.977231E+03
    1.9750   -0.236791E+04   -0.594402E+03   -0.886756E+03
    1.9800   -0.220365E+04   -0.598858E+03   -0.802398E+03
    1.9850   -0.205167E+04   -0.603329E+03   -0.724172E+03
    1.9900   -0.191129E+04   -0.607655E+03   -0.651817E+03
    1.9950   -0.178132E+04   -0.611718E+03   -0.584799E+03
    2.0000   -0.166001E+04   -0.615445E+03   -0.522282E+03
    2.0050   -0.154543E+04   -0.618850E+03   -0.463289E+03
    2.0100   -0.143562E+04   -0.622012E+03   -0.406805E+03
    2.0150   -0.132847E+04   -0.625105E+03   -0.351684E+03
    2.0200   -0.122197E+04   -0.628377E+03   -0.296795E+03
    2.0250   -0.111461E+04   -0.632117E+03   -0.241245E+03
    2.0300   -0.100543E+04   -0.636622E+03   -0.184406E+03
    2.0350   -0.894260E+03   -0.642145E+03   -0.126057E+03
    2.0400   -0.781822E+03   -0.648845E+03   -0.664886E+02
    2.0450   -0.669849E+03   -0.656743E+03   -0.655264E+01
    2.0500   -0.560934E+03   -0.665706E+03    0.523861E+02
    2.0550   -0.458238E+03   -0.675459E+03    0.108610E+03
    2.0600   -0.364974E+03   -0.685635E+03    0.160330E+03
    2.0650   -0.283864E+03   -0.695860E+03    0.205998E+03
    2.0700   -0.216378E+03   -0.705813E+03    0.244717E+03
    2.0750   -0.162359E+03   -0.715353E+03    0.276497E+03
    2.0800   -0.119545E+03   -0.724588E+03    0.302522E+03
    2.0850   -0.833352E+02   -0.733846E+03    0.325256E+03
    2.0900   -0.471715E+02   -0.743710E+03    0.348269E+03
    2.0950   -0.315163E+01   -0.754919E+03    0.375884E+03
    2.1000    0.567722E+02   -0.768258E+03    0.412515E+03
    2.1050    0.138995E+03   -0.784380E+03    0.461687E+03
    2.1100    0.246131E+03   -0.803618E+03    0.524875E+03
    2.1150    0.375088E+03   -0.825843E+03    0.600466E+03
    2.1200    0.516266E+03   -0.850428E+03    0.683347E+03
    2.1250    0.655110E+03   -0.876441E+03    0.765775E+03
    2.1300    0.775300E+03   -0.902806E+03    0.839053E+03
    2.1350    0.863036E+03   -0.928602E+03    0.895819E+03
    2.1400    0.910789E+03   -0.953241E+03    0.932015E+03
    2.1450    0.920438E+03   -0.976570E+03    0.948504E+03
    2.1500    0.909376E+03   -0.998907E+03    0.954142E+03
    2.1550    0.920171E+03   -0.102099E+04    0.970580E+03
    2.1600    0.995236E+03   -0.104384E+04    0.101954E+04
    2.1650    0.113110E+04   -0.106861E+04    0.109986E+04
    2.1700    0.129602E+04   -0.109646E+04    0.119624E+04
    2.1750    0.145825E+04   -0.112854E+04    0.129339E+04
    2.1800    0.159539E+04   -0.116600E+04    0.138069E+04
    2.1850    0.169969E+04   -0.120956E+04    0.145463E+04
    2.1900    0.177981E+04   -0.125862E+04    0.151922E+04
    2.1950    0.185501E+04   -0.131063E+04    0.158282E+04
    2.2000    0.194280E+04   -0.136268E+04    0.165274E+04
    2.2050    0.204713E+04   -0.141521E+04    0.173117E+04
    2.2100    0.215519E+04   -0.147442E+04    0.181480E+04
    2.2150    0.224504E+04   -0.155131E+04    0.189817E+04
    2.2200    0.230000E+04   -0.165898E+04    0.197949E+04
    2.2250    0.232166E+04   -0.180370E+04    0.206268E+04
    2.2300    0.233157E+04   -0.196291E+04    0.214724E+04
    2.2350    0.235548E+04   -0.208467E+04    0.222008E+04
    2.2400    0.240013E+04   -0.214923E+04    0.227468E+04
    2.2450    0.244521E+04   -0.219715E+04    0.232118E+04
    2.2500    0.245945E+04   -0.228178E+04    0.237061E+04
    2.2550    0.242605E+04   -0.240810E+04    0.241708E+04
    2.2600    0.235889E+04   -0.250467E+04    0.243178E+04
    2.2650    0.229764E+04   -0.252661E+04    0.241213E+04
    2.2700    0.227789E+04   -0.251956E+04    0.239872E+04
    2.2750    0.229671E+04   -0.252301E+04    0.240986E+04
    2.2800    0.231208E+04   -0.253798E+04    0.242503E+04
    2.2850    0.228030E+04   -0.254884E+04    0.241457E+04
    2.2900    0.219393E+04   -0.254202E+04    0.236798E+04
    2.2950    0.208969E+04   -0.252691E+04    0.230830E+04
    2.3000    0.201958E+04   -0.253175E+04    0.227566E+04
    2.3050    0.200079E+04   -0.256980E+04    0.228529E+04
    2.3100    0.199341E+04   -0.262636E+04    0.230988E+04
    2.3150    0.193751E+04   -0.267222E+04    0.230486E+04
    2.3200    0.180954E+04   -0.268934E+04    0.224944E+04
    2.3250    0.164286E+04   -0.268631E+04    0.216459E+04
    2.3300    0.149805E+04   -0.268665E+04    0.209235E+04
    2.3350    0.140513E+04   -0.270201E+04    0.205357E+04
    2.3400    0.133203E+04   -0.272341E+04    0.202772E+04
    2.3450    0.121925E+04   -0.273054E+04    0.197490E+04
    2.3500    0.104145E+04   -0.271044E+04    0.187595E+04
    2.3550    0.830174E+03   -0.267034E+04    0.175026E+04
    2.3600    0.642984E+03   -0.262725E+04    0.163512E+04
    2.3650    0.508518E+03   -0.258923E+04    0.154887E+04
    2.3700    0.398842E+03   -0.255285E+04    0.147584E+04
    2.3750    0.260623E+03   -0.251039E+04    0.138551E+04
    2.3800    0.690933E+02   -0.245768E+04    0.126339E+04
    2.3850   -0.152529E+03   -0.239906E+04    0.112326E+04
    2.3900   -0.358761E+03   -0.234164E+04    0.991440E+03
    2.3950   -0.525093E+03   -0.228717E+04    0.881036E+03
    2.4000   -0.670540E+03   -0.223431E+04    0.781885E+03
    2.4050   -0.837487E+03   -0.218346E+04    0.672986E+03
    2.4100   -0.105101E+04   -0.213705E+04    0.543023E+03
    2.4150   -0.129864E+04   -0.209828E+04    0.399819E+03
    2.4200   -0.154337E+04   -0.206755E+04    0.262090E+03
    2.4250   -0.175474E+04   -0.204070E+04    0.142983E+03
    2.4300   -0.193342E+04   -0.201388E+04    0.402315E+02
    2.4350   -0.210873E+04   -0.198986E+04   -0.594338E+02
    2.4400   -0.231119E+04   -0.197709E+04   -0.167048E+03
    2.4450   -0.254611E+04   -0.198284E+04   -0.281631E+03
    2.4500   -0.278918E+04   -0.200588E+04   -0.391654E+03
    2.4550   -0.300528E+04   -0.203535E+04   -0.484968E+03
    2.4600   -0.317617E+04   -0.205920E+04   -0.558484E+03
    2.4650   -0.331588E+04   -0.207433E+04   -0.620775E+03
    2.4700   -0.345994E+04   -0.208904E+04   -0.685449E+03
    2.4750   -0.363761E+04   -0.211669E+04   -0.760459E+03
    2.4800   -0.385028E+04   -0.216337E+04   -0.843454E+03
    2.4850   -0.407156E+04   -0.222060E+04   -0.925483E+03
    2.4900   -0.426755E+04   -0.227092E+04   -0.998312E+03
    2.4950   -0.442196E+04   -0.230074E+04   -0.106061E+04
    2.5000   -0.454786E+04   -0.230854E+04   -0.111966E+04
    2.5050   -0.467727E+04   -0.230503E+04   -0.118612E+04
    2.5100   -0.483786E+04   -0.230649E+04   -0.126569E+04
    2.5150   -0.503431E+04   -0.232360E+04   -0.135536E+04
    2.5200   -0.524611E+04   -0.235371E+04   -0.144620E+04
    2.5250   -0.544110E+04   -0.238372E+04   -0.152869E+04
    2.5300   -0.559488E+04   -0.240022E+04   -0.159733E+04
    2.5350   -0.570399E+04   -0.239753E+04   -0.165323E+04
    2.5400   -0.578583E+04   -0.237995E+04   -0.170294E+04
    2.5450   -0.586692E+04   -0.235923E+04   -0.175385E+04
    2.5500   -0.596799E+04   -0.234921E+04   -0.180939E+04
    2.5550   -0.609427E+04   -0.235879E+04   -0.186774E+04
    2.5600   -0.623524E+04   -0.238769E+04   -0.192377E+04
    2.5650   -0.637192E+04   -0.242792E+04   -0.197200E+04
    2.5700   -0.648690E+04   -0.246946E+04   -0.200872E+04
    2.5750   -0.657217E+04   -0.250555E+04   -0.203331E+04
    2.5800   -0.663125E+04   -0.253500E+04   -0.204812E+04
    2.5850   -0.667603E+04   -0.256186E+04   -0.205708E+04
    2.5900   -0.672044E+04   -0.259360E+04   -0.206342E+04
    2.5950   -0.677420E+04   -0.263835E+04   -0.206792E+04
    2.6000   -0.683931E+04   -0.270230E+04   -0.206850E+04
    2.6050   -0.690977E+04   -0.278802E+04   -0.206087E+04
    2.6100   -0.697460E+04   -0.289563E+04   -0.203948E+04
    2.6150   -0.702173E+04   -0.302517E+04   -0.199828E+04
    2.6200   -0.704199E+04   -0.317871E+04   -0.193164E+04
    2.6250   -0.703161E+04   -0.335844E+04   -0.183658E+04
    2.6300   -0.699265E+04   -0.356043E+04   -0.171611E+04
    2.6350   -0.693209E+04   -0.376833E+04   -0.158188E+04
    2.6400   -0.685948E+04   -0.396143E+04   -0.144902E+04
    2.6450   -0.678471E+04   -0.412643E+04   -0.132914E+04
    2.6500   -0.671581E+04   -0.426209E+04   -0.122686E+04
    2.6550   -0.665789E+04   -0.437362E+04   -0.114214E+04
    2.6600   -0.661261E+04   -0.446804E+04   -0.107228E+04
    2.6650   -0.657864E+04   -0.455160E+04   -0.101352E+04
    2.6700   -0.655245E+04   -0.462910E+04   -0.961674E+03
    2.6750   -0.652940E+04   -0.470406E+04   -0.912671E+03
    2.6800   -0.650476E+04   -0.477898E+04   -0.862893E+03
    2.6850   -0.647446E+04   -0.485585E+04   -0.809303E+03
    2.6900   -0.643558E+04   -0.493629E+04   -0.749645E+03
    2.6950   -0.638662E+04   -0.502159E+04   -0.682515E+03
    2.7000   -0.632745E+04   -0.511282E+04   -0.607310E+03
    2.7050   -0.625922E+04   -0.521063E+04   -0.524297E+03
    2.7100   -0.618386E+04   -0.531525E+04   -0.434303E+03
    2.7150   -0.610369E+04   -0.542648E+04   -0.338604E+03
    2.7200   -0.602164E+04   -0.554354E+04   -0.239049E+03
    2.7250   -0.594076E+04   -0.566520E+04   -0.137777E+03
    2.7300   -0.586384E+04   -0.578978E+04   -0.370306E+02
    2.7350   -0.579338E+04   -0.591524E+04    0.609309E+02
    2.7400   -0.573140E+04   -0.603931E+04    0.153954E+03
    2.7450   -0.567936E+04   -0.615959E+04    0.240115E+03
    2.7500   -0.563806E+04   -0.627368E+04    0.317814E+03
    2.7550   -0.560760E+04   -0.637934E+04    0.385866E+03
    2.7600   -0.558747E+04   -0.647457E+04    0.443549E+03
    2.7650   -0.557654E+04   -0.655782E+04    0.490642E+03
    2.7700   -0.557318E+04   -0.662798E+04    0.527401E+03
    2.7750   -0.557544E+04   -0.668450E+04    0.554529E+03
    2.7800   -0.558132E+04   -0.672734E+04    0.573013E+03
    2.7850   -0.558877E+04   -0.675700E+04    0.584116E+03
    2.7900   -0.559600E+04   -0.677440E+04    0.589200E+03
    2.7950   -0.560173E+04   -0.678079E+04    0.589529E+03
    2.8000   -0.560512E+04   -0.677765E+04    0.586266E+03
    2.8050   -0.560596E+04   -0.676657E+04    0.580305E+03
    2.8100   -0.560457E+04   -0.674910E+04    0.572267E+03
    2.8150   -0.560174E+04   -0.672670E+04    0.562479E+03
    2.8200   -0.559862E+04   -0.670063E+04    0.551005E+03
    2.8250   -0.559645E+04   -0.667192E+04    0.537734E+03
    2.8300   -0.559637E+04   -0.664132E+04    0.522472E+03
    2.8350   -0.559928E+04   -0.660940E+04    0.505059E+03
    2.8400   -0.560550E+04   -0.657649E+04    0.485492E+03
    2.8450   -0.561478E+04   -0.654277E+04    0.463998E+03
    2.8500   -0.562622E+04   -0.650838E+04    0.441080E+03
    2.8550   -0.563836E+04   -0.647343E+04    0.417536E+03
    2.8600   -0.564923E+04   -0.643809E+04    0.394431E+03
    2.8650   -0.565659E+04   -0.640262E+04    0.373015E+03
    2.8700   -0.565814E+04   -0.636736E+04    0.354613E+03
    2.8750   -0.565176E+04   -0.633277E+04    0.340505E+03
    2.8800   -0.563575E+04   -0.629935E+04    0.331798E+03
    2.8850   -0.560891E+04   -0.626758E+04    0.329337E+03
    2.8900   -0.557077E+04   -0.623787E+04    0.333553E+03
    2.8950   -0.552165E+04   -0.621051E+04    0.344430E+03
    2.9000   -0.546250E+04   -0.618554E+04    0.361518E+03
    2.9050   -0.539484E+04   -0.616277E+04    0.383965E+03
    2.9100   -0.532051E+04   -0.614174E+04    0.410618E+03
    2.9150   -0.524145E+04   -0.612170E+04    0.440124E+03
    2.9200   -0.515952E+04   -0.610168E+04    0.471080E+03
    2.9250   -0.507618E+04   -0.608052E+04    0.502168E+03
    2.9300   -0.499231E+04   -0.605695E+04    0.532319E+03
    2.9350   -0.490820E+04   -0.602971E+04    0.560756E+03
    2.9400   -0.482344E+04   -0.599763E+04    0.587096E+03
    2.9450   -0.473701E+04   -0.595971E+04    0.611348E+03
    2.9500   -0.464747E+04   -0.591520E+04    0.633864E+03
    2.9550   -0.455310E+04   -0.586365E+04    0.655278E+03
    2.9600   -0.445214E+04   -0.580494E+04    0.676403E+03
    2.9650   -0.434308E+04   -0.573926E+04    0.698091E+03
    2.9700   -0.422483E+04   -0.566708E+04    0.721125E+03
    2.9750   -0.409680E+04   -0.558904E+04    0.746119E+03
    2.9800   -0.395914E+04   -0.550596E+04    0.773413E+03
    2.9850   -0.381248E+04   -0.541866E+04    0.803091E+03
    2.9900   -0.365808E+04   -0.532797E+04    0.834941E+03
    2.9950   -0.349749E+04   -0.523459E+04    0.868547E+03
    3.0000   -0.333234E+04   -0.513908E+04    0.903367E+03
    3.0050   -0.316411E+04   -0.504183E+04    0.938859E+03
    3.0100   -0.299390E+04   -0.494306E+04    0.974580E+03
    3.0150   -0.282219E+04   -0.484285E+04    0.101033E+04
    3.0200   -0.264875E+04   -0.474119E+04    0.104622E+04
    3.0250   -0.247259E+04   -0.463804E+04    0.108272E+04
    3.0300   -0.229199E+04   -0.453339E+04    0.112070E+04
    3.0350   -0.210472E+04   -0.442737E+04    0.116132E+04
    3.0400   -0.190821E+04   -0.432021E+04    0.120600E+04
    3.0450   -0.169990E+04   -0.421236E+04    0.125623E+04
    3.0500   -0.147745E+04   -0.410440E+04    0.131348E+04
    3.0550   -0.123907E+04   -0.399711E+04    0.137902E+04
    3.0600   -0.983776E+03   -0.389131E+04    0.145377E+04
    3.0650   -0.711452E+03   -0.378788E+04    0.153822E+04
    3.0700   -0.422945E+03   -0.368761E+04    0.163233E+04
    3.0750   -0.120012E+03   -0.359113E+04    0.173556E+04
    3.0800    0.194886E+03   -0.349884E+04    0.184686E+04
    3.0850    0.518781E+03   -0.341083E+04    0.196481E+04
    3.0900    0.848511E+03   -0.332687E+04    0.208769E+04
    3.0950    0.118100E+04   -0.324639E+04    0.221369E+04
    3.1000    0.151355E+04   -0.316850E+04    0.234102E+04
    3.1050    0.184396E+04   -0.309203E+04    0.246799E+04
    3.1100    0.217078E+04   -0.301566E+04    0.259322E+04
    3.1150    0.249328E+04   -0.293793E+04    0.271561E+04
    3.1200    0.281136E+04   -0.285734E+04    0.283435E+04
    3.1250    0.312557E+04   -0.277240E+04    0.294899E+04
    3.1300    0.343715E+04   -0.268170E+04    0.305943E+04
    3.1350    0.374848E+04   -0.258391E+04    0.316619E+04
    3.1400    0.406416E+04   -0.247774E+04    0.327095E+04
    3.1450    0.439295E+04   -0.236202E+04    0.337748E+04
    3.1500    0.474989E+04   -0.223558E+04    0.349274E+04
    3.1550    0.515628E+04   -0.209744E+04    0.362686E+04
    3.1600    0.563397E+04   -0.194672E+04    0.379034E+04
    3.1650    0.619540E+04   -0.178309E+04    0.398925E+04
    3.1700    0.683573E+04   -0.160697E+04    0.422135E+04
    3.1750    0.753462E+04   -0.141997E+04    0.447729E+04
    3.1800    0.826533E+04   -0.122531E+04    0.474532E+04
    3.1850    0.900392E+04   -0.102796E+04    0.501594E+04
    3.1900    0.973431E+04   -0.834792E+03    0.528455E+04
    3.1950    0.104488E+05   -0.653855E+03    0.555132E+04
    3.2000    0.111460E+05   -0.493599E+03    0.581978E+04
    3.2050    0.118274E+05   -0.361456E+03    0.609445E+04
    3.2100    0.124948E+05   -0.262268E+03    0.637853E+04
    3.2150    0.131476E+05   -0.197035E+03    0.667229E+04
    3.2200    0.137828E+05   -0.162534E+03    0.697267E+04
    3.2250    0.143957E+05   -0.152052E+03    0.727386E+04
    3.2300    0.149804E+05   -0.156938E+03    0.756867E+04
    3.2350    0.155316E+05   -0.168456E+03    0.785005E+04
    3.2400    0.160449E+05   -0.179090E+03    0.811200E+04
    3.2450    0.165171E+05   -0.183347E+03    0.835024E+04
    3.2500    0.169465E+05   -0.178347E+03    0.856240E+04
    3.2550    0.173321E+05   -0.163273E+03    0.874766E+04
    3.2600    0.176738E+05   -0.139172E+03    0.890647E+04
    3.2650    0.179719E+05   -0.108438E+03    0.904015E+04
    3.2700    0.182268E+05   -0.742495E+02    0.915054E+04
    3.2750    0.184394E+05   -0.402958E+02    0.923983E+04
    3.2800    0.186105E+05   -0.103424E+02    0.931041E+04
    3.2850    0.187415E+05    0.119834E+02    0.936476E+04
    3.2900    0.188344E+05    0.233958E+02    0.940548E+04
    3.2950    0.188915E+05    0.209573E+02    0.943527E+04
    3.3000    0.189161E+05    0.230199E+01    0.945689E+04
    3.3050    0.189119E+05   -0.344298E+02    0.947315E+04
    3.3100    0.188831E+05   -0.905419E+02    0.948683E+04
    3.3150    0.188343E+05   -0.166777E+03    0.950056E+04
    3.3200    0.187701E+05   -0.263303E+03    0.951669E+04
    3.3250    0.186947E+05   -0.379734E+03    0.953721E+04
    3.3300    0.186117E+05   -0.514979E+03    0.956333E+04
    3.3350    0.185245E+05   -0.667636E+03    0.959606E+04
    3.3400    0.184354E+05   -0.835697E+03    0.963553E+04
    3.3450    0.183454E+05   -0.101654E+04    0.968097E+04
    3.3500    0.182549E+05   -0.120716E+04    0.973103E+04
    3.3550    0.181633E+05   -0.140432E+04    0.978382E+04
    3.3600    0.180695E+05   -0.160433E+04    0.983693E+04
    3.3650    0.179718E+05   -0.180348E+04    0.988766E+04
    3.3700    0.178684E+05   -0.199796E+04    0.993319E+04
    3.3750    0.177575E+05   -0.218402E+04    0.997074E+04
    3.3800    0.176373E+05   -0.235807E+04    0.999771E+04
    3.3850    0.175069E+05   -0.251673E+04    0.100118E+05
    3.3900    0.173655E+05   -0.265684E+04    0.100112E+05
    3.3950    0.172129E+05   -0.277547E+04    0.999420E+04
    3.4000    0.170497E+05   -0.286975E+04    0.995973E+04
    3.4050    0.168767E+05   -0.293674E+04    0.990674E+04
    3.4100    0.166953E+05   -0.297331E+04    0.983429E+04
    3.4150    0.165068E+05   -0.297612E+04    0.974149E+04
    3.4200    0.163131E+05   -0.294236E+04    0.962774E+04
    3.4250    0.161157E+05   -0.287110E+04    0.949341E+04
    3.4300    0.159162E+05   -0.276531E+04    0.934076E+04
    3.4350    0.157159E+05   -0.263271E+04    0.917432E+04
    3.4400    0.155161E+05   -0.248433E+04    0.900021E+04
    3.4450    0.153176E+05   -0.233144E+04    0.882453E+04
    3.4500    0.151212E+05   -0.218291E+04    0.865207E+04
    3.4550    0.149275E+05   -0.204450E+04    0.848599E+04
    3.4600    0.147367E+05   -0.191935E+04    0.832801E+04
    3.4650    0.145490E+05   -0.180886E+04    0.817892E+04
    3.4700    0.143645E+05   -0.171356E+04    0.803904E+04
    3.4750    0.141832E+05   -0.163335E+04    0.790826E+04
    3.4800    0.140048E+05   -0.156794E+04    0.778636E+04
    3.4850    0.138290E+05   -0.151694E+04    0.767297E+04
    3.4900    0.136555E+05   -0.147985E+04    0.756767E+04
    3.4950    0.134838E+05   -0.145611E+04    0.746994E+04
    3.5000    0.133133E+05   -0.144508E+04    0.737921E+04
    3.5050    0.131438E+05   -0.144594E+04    0.729485E+04
    3.5100    0.129746E+05   -0.145774E+04    0.721618E+04
    3.5150    0.128058E+05   -0.147932E+04    0.714254E+04
    3.5200    0.126372E+05   -0.150933E+04    0.707327E+04
    3.5250    0.124693E+05   -0.154624E+04    0.700775E+04
    3.5300    0.123026E+05   -0.158835E+04    0.694548E+04
    3.5350    0.121382E+05   -0.163387E+04    0.688605E+04
    3.5400    0.119774E+05   -0.168095E+04    0.682918E+04
    3.5450    0.118216E+05   -0.172780E+04    0.677469E+04
    3.5500    0.116722E+05   -0.177271E+04    0.672247E+04
    3.5550    0.115308E+05   -0.181413E+04    0.667248E+04
    3.5600    0.113985E+05   -0.185076E+04    0.662464E+04
    3.5650    0.112761E+05   -0.188156E+04    0.657883E+04
    3.5700    0.111638E+05   -0.190577E+04    0.653479E+04
    3.5750    0.110614E+05   -0.192290E+04    0.649215E+04
    3.5800    0.109679E+05   -0.193275E+04    0.645033E+04
    3.5850    0.108820E+05   -0.193533E+04    0.640865E+04
    3.5900    0.108017E+05   -0.193084E+04    0.636627E+04
    3.5950    0.107250E+05   -0.191963E+04    0.632232E+04
    3.6000    0.106498E+05   -0.190213E+04    0.627597E+04
    3.6050    0.105743E+05   -0.187883E+04    0.622655E+04
    3.6100    0.104970E+05   -0.185028E+04    0.617364E+04
    3.6150    0.104173E+05   -0.181702E+04    0.611715E+04
    3.6200    0.103352E+05   -0.177964E+04    0.605742E+04
    3.6250    0.102517E+05   -0.173876E+04    0.599523E+04
    3.6300    0.101685E+05   -0.169506E+04    0.593178E+04
    3.6350    0.100880E+05   -0.164928E+04    0.586864E+04
    3.6400    0.100130E+05   -0.160225E+04    0.580764E+04
    3.6450    0.994656E+04   -0.155488E+04    0.575072E+04
    3.6500    0.989137E+04   -0.150818E+04    0.569977E+04
    3.6550    0.984975E+04   -0.146318E+04    0.565647E+04
    3.6600    0.982322E+04   -0.142095E+04    0.562209E+04
    3.6650    0.981229E+04   -0.138251E+04    0.559740E+04
    3.6700    0.981637E+04   -0.134879E+04    0.558258E+04
    3.6750    0.983381E+04   -0.132054E+04    0.557717E+04
    3.6800    0.986199E+04   -0.129831E+04    0.558015E+04
    3.6850    0.989755E+04   -0.128239E+04    0.558997E+04
    3.6900    0.993682E+04   -0.127276E+04    0.560479E+04
    3.6950    0.997610E+04   -0.126912E+04    0.562261E+04
    3.7000    0.100121E+05   -0.127091E+04    0.564149E+04
    3.7050    0.100422E+05   -0.127732E+04    0.565977E+04
    3.7100    0.100650E+05   -0.128741E+04    0.567622E+04
    3.7150    0.100802E+05   -0.130019E+04    0.569017E+04
    3.7200    0.100885E+05   -0.131467E+04    0.570158E+04
    3.7250    0.100920E+05   -0.133003E+04    0.571104E+04
    3.7300    0.100937E+05   -0.134566E+04    0.571966E+04
    3.7350    0.100967E+05   -0.136128E+04    0.572899E+04
    3.7400    0.101046E+05   -0.137697E+04    0.574078E+04
    3.7450    0.101205E+05   -0.139324E+04    0.575687E+04
    3.7500    0.101468E+05   -0.141109E+04    0.577895E+04
    3.7550    0.101849E+05   -0.143204E+04    0.580847E+04
    3.7600    0.102350E+05   -0.145834E+04    0.584666E+04
    3.7650    0.102960E+05   -0.149328E+04    0.589464E+04
    3.7700    0.103659E+05   -0.154210E+04    0.595398E+04
    3.7750    0.104417E+05   -0.161422E+04    0.602795E+04
    3.7800    0.105199E+05   -0.172862E+04    0.612426E+04
    3.7850    0.105949E+05   -0.191311E+04    0.625402E+04
    3.7900    0.106522E+05   -0.204966E+04    0.635093E+04
    3.7950    0.106944E+05   -0.197521E+04    0.633480E+04
    3.8000    0.107333E+05   -0.186313E+04    0.629820E+04
    3.8050    0.107675E+05   -0.177390E+04    0.627068E+04
    3.8100    0.107961E+05   -0.171237E+04    0.625423E+04
    3.8150    0.108203E+05   -0.167583E+04    0.624805E+04
    3.8200    0.108425E+05   -0.166085E+04    0.625166E+04
    3.8250    0.108659E+05   -0.166422E+04    0.626508E+04
    3.8300    0.108943E+05   -0.168307E+04    0.628866E+04
    3.8350    0.109307E+05   -0.171488E+04    0.632280E+04
    3.8400    0.109780E+05   -0.175740E+04    0.636768E+04
    3.8450    0.110376E+05   -0.180863E+04    0.642312E+04
    3.8500    0.111099E+05   -0.186679E+04    0.648836E+04
    3.8550    0.111939E+05   -0.193023E+04    0.656207E+04
    3.8600    0.112873E+05   -0.199744E+04    0.664235E+04
    3.8650    0.113866E+05   -0.206696E+04    0.672678E+04
    3.8700    0.114879E+05   -0.213738E+04    0.681266E+04
    3.8750    0.115870E+05   -0.220735E+04    0.689717E+04
    3.8800    0.116797E+05   -0.227559E+04    0.697764E+04
    3.8850    0.117627E+05   -0.234087E+04    0.705177E+04
    3.8900    0.118335E+05   -0.240216E+04    0.711784E+04
    3.8950    0.118911E+05   -0.245859E+04    0.717486E+04
    3.9000    0.119357E+05   -0.250955E+04    0.722265E+04
    3.9050    0.119689E+05   -0.255473E+04    0.726180E+04
    3.9100    0.119931E+05   -0.259416E+04    0.729366E+04
    3.9150    0.120120E+05   -0.262824E+04    0.732011E+04
    3.9200    0.120291E+05   -0.265767E+04    0.734340E+04
    3.9250    0.120483E+05   -0.268349E+04    0.736590E+04
    3.9300    0.120726E+05   -0.270696E+04    0.738979E+04
    3.9350    0.121044E+05   -0.272955E+04    0.741699E+04
    3.9400    0.121449E+05   -0.275279E+04    0.744886E+04
    3.9450    0.121942E+05   -0.277820E+04    0.748618E+04
    3.9500    0.122510E+05   -0.280721E+04    0.752908E+04
    3.9550    0.123132E+05   -0.284109E+04    0.757714E+04
    3.9600    0.123780E+05   -0.288085E+04    0.762942E+04
    3.9650    0.124422E+05   -0.292723E+04    0.768471E+04
    3.9700    0.125026E+05   -0.298067E+04    0.774163E+04
    3.9750    0.125565E+05   -0.304130E+04    0.779888E+04
    3.9800    0.126018E+05   -0.310900E+04    0.785540E+04
    3.9850    0.126375E+05   -0.318341E+04    0.791047E+04
    3.9900    0.126636E+05   -0.326399E+04    0.796379E+04
    3.9950    0.126809E+05   -0.335008E+04    0.801551E+04
    4.0000    0.126913E+05   -0.344093E+04    0.806611E+04
    4.0050    0.126970E+05   -0.353580E+04    0.811642E+04
    4.0100    0.127007E+05   -0.363395E+04    0.816731E+04
    4.0150    0.127046E+05   -0.373466E+04    0.821965E+04
    4.0200    0.127109E+05   -0.383727E+04    0.827410E+04
    4.0250    0.127208E+05   -0.394116E+04    0.833099E+04
    4.0300    0.127347E+05   -0.404574E+04    0.839020E+04
    4.0350    0.127519E+05   -0.415042E+04    0.845116E+04
    4.0400    0.127711E+05   -0.425463E+04    0.851286E+04
    4.0450    0.127900E+05   -0.435782E+04    0.857392E+04
    4.0500    0.128061E+05   -0.445938E+04    0.863274E+04
    4.0550    0.128165E+05   -0.455875E+04    0.868763E+04
    4.0600    0.128186E+05   -0.465538E+04    0.873701E+04
    4.0650    0.128104E+05   -0.474874E+04    0.877955E+04
    4.0700    0.127902E+05   -0.483838E+04    0.881431E+04
    4.0750    0.127578E+05   -0.492398E+04    0.884087E+04
    4.0800    0.127134E+05   -0.500526E+04    0.885932E+04
    4.0850    0.126584E+05   -0.508214E+04    0.887026E+04
    4.0900    0.125948E+05   -0.515468E+04    0.887473E+04
    4.0950    0.125252E+05   -0.522307E+04    0.887412E+04
    4.1000    0.124524E+05   -0.528768E+04    0.887003E+04
    4.1050    0.123792E+05   -0.534896E+04    0.886407E+04
    4.1100    0.123080E+05   -0.540746E+04    0.885775E+04
    4.1150    0.122409E+05   -0.546374E+04    0.885232E+04
    4.1200    0.121790E+05   -0.551836E+04    0.884867E+04
    4.1250    0.121228E+05   -0.557179E+04    0.884730E+04
    4.1300    0.120722E+05   -0.562446E+04    0.884831E+04
    4.1350    0.120262E+05   -0.567663E+04    0.885139E+04
    4.1400    0.119834E+05   -0.572849E+04    0.885597E+04
    4.1450    0.119424E+05   -0.578011E+04    0.886125E+04
    4.1500    0.119013E+05   -0.583148E+04    0.886639E+04
    4.1550    0.118586E+05   -0.588256E+04    0.887056E+04
    4.1600    0.118129E+05   -0.593328E+04    0.887310E+04
    4.1650    0.117634E+05   -0.598359E+04    0.887352E+04
    4.1700    0.117097E+05   -0.603351E+04    0.887161E+04
    4.1750    0.116518E+05   -0.608307E+04    0.886743E+04
    4.1800    0.115901E+05   -0.613237E+04    0.886124E+04
    4.1850    0.115255E+05   -0.618154E+04    0.885350E+04
    4.1900    0.114589E+05   -0.623074E+04    0.884482E+04
    4.1950    0.113915E+05   -0.628009E+04    0.883582E+04
    4.2000    0.113246E+05   -0.632967E+04    0.882713E+04
    4.2050    0.112591E+05   -0.637949E+04    0.881932E+04
    4.2100    0.111963E+05   -0.642945E+04    0.881285E+04
    4.2150    0.111368E+05   -0.647935E+04    0.880809E+04
    4.2200    0.110818E+05   -0.652887E+04    0.880531E+04
    4.2250    0.110318E+05   -0.657760E+04    0.880468E+04
    4.2300    0.109876E+05   -0.662507E+04    0.880634E+04
    4.2350    0.109500E+05   -0.667077E+04    0.881038E+04
    4.2400    0.109196E+05   -0.671419E+04    0.881689E+04
    4.2450    0.108970E+05   -0.675487E+04    0.882596E+04
    4.2500    0.108829E+05   -0.679244E+04    0.883766E+04
    4.2550    0.108774E+05   -0.682663E+04    0.885203E+04
    4.2600    0.108808E+05   -0.685728E+04    0.886903E+04
    4.2650    0.108926E+05   -0.688438E+04    0.888851E+04
    4.2700    0.109123E+05   -0.690800E+04    0.891015E+04
    4.2750    0.109387E+05   -0.692832E+04    0.893349E+04
    4.2800    0.109702E+05   -0.694558E+04    0.895787E+04
    4.2850    0.110049E+05   -0.696005E+04    0.898246E+04
    4.2900    0.110407E+05   -0.697197E+04    0.900632E+04
    4.2950    0.110754E+05   -0.698153E+04    0.902845E+04
    4.3000    0.111069E+05   -0.698887E+04    0.904788E+04
    4.3050    0.111335E+05   -0.699398E+04    0.906375E+04
    4.3100    0.111541E+05   -0.699679E+04    0.907542E+04
    4.3150    0.111679E+05   -0.699711E+04    0.908253E+04
    4.3200    0.111754E+05   -0.699467E+04    0.908505E+04
    4.3250    0.111775E+05   -0.698917E+04    0.908333E+04
    4.3300    0.111758E+05   -0.698029E+04    0.907806E+04
    4.3350    0.111727E+05   -0.696774E+04    0.907023E+04
    4.3400    0.111707E+05   -0.695134E+04    0.906103E+04
    4.3450    0.111726E+05   -0.693097E+04    0.905177E+04
    4.3500    0.111807E+05   -0.690668E+04    0.904370E+04
    4.3550    0.111972E+05   -0.687865E+04    0.903795E+04
    4.3600    0.112235E+05   -0.684716E+04    0.903533E+04
    4.3650    0.112601E+05   -0.681259E+04    0.903632E+04
    4.3700    0.113066E+05   -0.677540E+04    0.904098E+04
    4.3750    0.113617E+05   -0.673601E+04    0.904888E+04
    4.3800    0.114236E+05   -0.669485E+04    0.905922E+04
    4.3850    0.114894E+05   -0.665220E+04    0.907081E+04
    4.3900    0.115562E+05   -0.660823E+04    0.908222E+04
    4.3950    0.116208E+05   -0.656297E+04    0.909189E+04
    4.4000    0.116803E+05   -0.651624E+04    0.909826E+04
    4.4050    0.117321E+05   -0.646776E+04    0.909991E+04
    4.4100    0.117742E+05   -0.641709E+04    0.909566E+04
    4.4150    0.118056E+05   -0.636375E+04    0.908465E+04
    4.4200    0.118256E+05   -0.630723E+04    0.906642E+04
    4.4250    0.118347E+05   -0.624703E+04    0.904089E+04
    4.4300    0.118340E+05   -0.618277E+04    0.900837E+04
    4.4350    0.118249E+05   -0.611417E+04    0.896954E+04
    4.4400    0.118098E+05   -0.604111E+04    0.892547E+04
    4.4450    0.117917E+05   -0.596361E+04    0.887767E+04
    4.4500    0.117749E+05   -0.588183E+04    0.882837E+04
    4.4550    0.117660E+05   -0.579607E+04    0.878104E+04
    4.4600    0.117758E+05   -0.570671E+04    0.874123E+04
    4.4650    0.118192E+05   -0.561414E+04    0.871668E+04
    4.4700    0.119091E+05   -0.551881E+04    0.871395E+04
    4.4750    0.120406E+05   -0.542111E+04    0.873083E+04
    4.4800    0.121876E+05   -0.532140E+04    0.875452E+04
    4.4850    0.123221E+05   -0.521997E+04    0.877104E+04
    4.4900    0.124292E+05   -0.511707E+04    0.877313E+04
    4.4950    0.125066E+05   -0.501290E+04    0.875975E+04
    4.5000    0.125587E+05   -0.490766E+04    0.873317E+04
    4.5050    0.125928E+05   -0.480152E+04    0.869714E+04
    4.5100    0.126176E+05   -0.469468E+04    0.865612E+04
    4.5150    0.126419E+05   -0.458739E+04    0.861463E+04
    4.5200    0.126703E+05   -0.447992E+04    0.857512E+04
    4.5250    0.126935E+05   -0.437257E+04    0.853303E+04
    4.5300    0.126819E+05   -0.426564E+04    0.847375E+04
    4.5350    0.126056E+05   -0.415945E+04    0.838250E+04
    4.5400    0.124603E+05   -0.405426E+04    0.825727E+04
    4.5450    0.122627E+05   -0.395029E+04    0.810648E+04
    4.5500    0.120332E+05   -0.384766E+04    0.794045E+04
    4.5550    0.117878E+05   -0.374639E+04    0.776711E+04
    4.5600    0.115372E+05   -0.364643E+04    0.759181E+04
    4.5650    0.112881E+05   -0.354762E+04    0.741788E+04
    4.5700    0.110450E+05   -0.344973E+04    0.724737E+04
    4.5750    0.108106E+05   -0.335250E+04    0.708156E+04
    4.5800    0.105868E+05   -0.325570E+04    0.692127E+04
    4.5850    0.103750E+05   -0.315909E+04    0.676704E+04
    4.5900    0.101759E+05   -0.306255E+04    0.661924E+04
    4.5950    0.999014E+04   -0.296604E+04    0.647809E+04
    4.6000    0.981778E+04   -0.286962E+04    0.634370E+04
    4.6050    0.965853E+04   -0.277348E+04    0.621600E+04
    4.6100    0.951156E+04   -0.267792E+04    0.609474E+04
    4.6150    0.937555E+04   -0.258331E+04    0.597943E+04
    4.6200    0.924864E+04   -0.249006E+04    0.586935E+04
    4.6250    0.912854E+04   -0.239858E+04    0.576356E+04
    4.6300    0.901260E+04   -0.230924E+04    0.566092E+04
    4.6350    0.889800E+04   -0.222234E+04    0.556017E+04
    4.6400    0.878197E+04   -0.213805E+04    0.546001E+04
    4.6450    0.866197E+04   -0.205643E+04    0.535920E+04
    4.6500    0.853595E+04   -0.197739E+04    0.525667E+04
    4.6550    0.840246E+04   -0.190073E+04    0.515160E+04
    4.6600    0.826087E+04   -0.182616E+04    0.504351E+04
    4.6650    0.811132E+04   -0.175331E+04    0.493231E+04
    4.6700    0.795479E+04   -0.168181E+04    0.481830E+04
    4.6750    0.779294E+04   -0.161134E+04    0.470214E+04
    4.6800    0.762794E+04   -0.154162E+04    0.458478E+04
    4.6850    0.746222E+04   -0.147248E+04    0.446735E+04
    4.6900    0.729823E+04   -0.140388E+04    0.435106E+04
    4.6950    0.713816E+04   -0.133592E+04    0.423704E+04
    4.7000    0.698367E+04   -0.126880E+04    0.412623E+04
    4.7050    0.683572E+04   -0.120280E+04    0.401926E+04
    4.7100    0.669447E+04   -0.113825E+04    0.391636E+04
    4.7150    0.655925E+04   -0.107548E+04    0.381736E+04
    4.7200    0.642860E+04   -0.101475E+04    0.372168E+04
    4.7250    0.630050E+04   -0.956241E+03    0.362837E+04
    4.7300    0.617251E+04   -0.899988E+03    0.353625E+04
    4.7350    0.604212E+04   -0.845876E+03    0.344400E+04
    4.7400    0.590698E+04   -0.793638E+03    0.335031E+04
    4.7450    0.576518E+04   -0.742877E+03    0.325403E+04
    4.7500    0.561543E+04   -0.693103E+03    0.315426E+04
    4.7550    0.545722E+04   -0.643783E+03    0.305050E+04
    4.7600    0.529089E+04   -0.594393E+03    0.294264E+04
    4.7650    0.511751E+04   -0.544490E+03    0.283100E+04
    4.7700    0.493879E+04   -0.493758E+03    0.271627E+04
    4.7750    0.475688E+04   -0.442039E+03    0.259946E+04
    4.7800    0.457412E+04   -0.389362E+03    0.248174E+04
    4.7850    0.439274E+04   -0.335930E+03    0.236433E+04
    4.7900    0.421467E+04   -0.282103E+03    0.224839E+04
    4.7950    0.404130E+04   -0.228352E+03    0.213483E+04
    4.8000    0.387336E+04   -0.175196E+03    0.202428E+04
    4.8050    0.371086E+04   -0.123144E+03    0.191700E+04
    4.8100    0.355314E+04   -0.726283E+02    0.181288E+04
    4.8150    0.339897E+04   -0.239489E+02    0.171146E+04
    4.8200    0.324670E+04    0.227673E+02    0.161197E+04
    4.8250    0.309454E+04    0.675777E+02    0.151348E+04
    4.8300    0.294071E+04    0.110721E+03    0.141499E+04
    4.8350    0.278368E+04    0.152589E+03    0.131554E+04
    4.8400    0.262240E+04    0.193683E+03    0.121436E+04
    4.8450    0.245626E+04    0.234539E+03    0.111086E+04
    4.8500    0.228524E+04    0.275671E+03    0.100478E+04
    4.8550    0.210980E+04    0.317505E+03    0.896146E+03
    4.8600    0.193080E+04    0.360319E+03    0.785238E+03
    4.8650    0.174932E+04    0.404214E+03    0.672553E+03
    4.8700    0.156650E+04    0.449099E+03    0.558698E+03
    4.8750    0.138330E+04    0.494688E+03    0.444307E+03
    4.8800    0.120041E+04    0.540549E+03    0.329929E+03
    4.8850    0.101810E+04    0.586145E+03    0.215978E+03
    4.8900    0.836197E+03    0.630902E+03    0.102647E+03
    4.8950    0.654071E+03    0.674266E+03   -0.100972E+02
    4.9000    0.470775E+03    0.715771E+03   -0.122498E+03
    4.9050    0.285109E+03    0.755088E+03   -0.234990E+03
    4.9100    0.959218E+02    0.792067E+03   -0.348073E+03
    4.9150   -0.978015E+02    0.826736E+03   -0.462269E+03
    4.9200   -0.296650E+03    0.859315E+03   -0.577983E+03
    4.9250   -0.500873E+03    0.890147E+03   -0.695510E+03
    4.9300   -0.710137E+03    0.919679E+03   -0.814908E+03
    4.9350   -0.923558E+03    0.948393E+03   -0.935976E+03
    4.9400   -0.113976E+04    0.976752E+03   -0.105826E+04
    4.9450   -0.135712E+04    0.100513E+04   -0.118113E+04
    4.9500   -0.157387E+04    0.103376E+04   -0.130382E+04
    4.9550   -0.178831E+04    0.106274E+04   -0.142553E+04
    4.9600   -0.199912E+04    0.109198E+04   -0.154555E+04
    4.9650   -0.220541E+04    0.112126E+04   -0.166334E+04
    4.9700   -0.240695E+04    0.115020E+04   -0.177857E+04
    4.9750   -0.260414E+04    0.117839E+04   -0.189126E+04
    4.9800   -0.279798E+04    0.120539E+04   -0.200169E+04
    4.9850   -0.299006E+04    0.123081E+04   -0.211044E+04
    4.9900   -0.318222E+04    0.125435E+04   -0.221828E+04
    4.9950   -0.337640E+04    0.127586E+04   -0.232613E+04
    5.0000   -0.357442E+04    0.129535E+04   -0.243488E+04
    5.0050   -0.377759E+04    0.131301E+04   -0.254530E+04
    5.0100   -0.398672E+04    0.132917E+04   -0.265794E+04
    5.0150   -0.420186E+04    0.134427E+04   -0.277306E+04
    5.0200   -0.442225E+04    0.135882E+04   -0.289054E+04
    5.0250   -0.464645E+04    0.137334E+04   -0.300989E+04
    5.0300   -0.487240E+04    0.138827E+04   -0.313034E+04
    5.0350   -0.509767E+04    0.140395E+04   -0.325081E+04
    5.0400   -0.531974E+04    0.142056E+04   -0.337015E+04
    5.0450   -0.553631E+04    0.143810E+04   -0.348721E+04
    5.0500   -0.574548E+04    0.145641E+04   -0.360095E+04
    5.0550   -0.594610E+04    0.147515E+04   -0.371062E+04
    5.0600   -0.613784E+04    0.149386E+04   -0.381585E+04
    5.0650   -0.632128E+04    0.151206E+04   -0.391667E+04
    5.0700   -0.649782E+04    0.152923E+04   -0.401353E+04
    5.0750   -0.666961E+04    0.154494E+04   -0.410728E+04
    5.0800   -0.683920E+04    0.155889E+04   -0.419905E+04
    5.0850   -0.700930E+04    0.157094E+04   -0.429012E+04
    5.0900   -0.718248E+04    0.158113E+04   -0.438181E+04
    5.0950   -0.736087E+04    0.158968E+04   -0.447528E+04
    5.1000   -0.754588E+04    0.159698E+04   -0.457143E+04
    5.1050   -0.773795E+04    0.160351E+04   -0.467073E+04
    5.1100   -0.793666E+04    0.160979E+04   -0.477322E+04
    5.1150   -0.814061E+04    0.161633E+04   -0.487847E+04
    5.1200   -0.834763E+04    0.162352E+04   -0.498557E+04
    5.1250   -0.855501E+04    0.163162E+04   -0.509331E+04
    5.1300   -0.875977E+04    0.164068E+04   -0.520022E+04
    5.1350   -0.895904E+04    0.165055E+04   -0.530479E+04
    5.1400   -0.915036E+04    0.166088E+04   -0.540562E+04
    5.1450   -0.933198E+04    0.167116E+04   -0.550157E+04
    5.1500   -0.950305E+04    0.168076E+04   -0.559191E+04
    5.1550   -0.966368E+04    0.168903E+04   -0.567636E+04
    5.1600   -0.981507E+04    0.169535E+04   -0.575521E+04
    5.1650   -0.995916E+04    0.169922E+04   -0.582919E+04
    5.1700   -0.100986E+05    0.170033E+04   -0.589945E+04
    5.1750   -0.102363E+05    0.169856E+04   -0.596742E+04
    5.1800   -0.103752E+05    0.169407E+04   -0.603462E+04
    5.1850   -0.105179E+05    0.168719E+04   -0.610255E+04
    5.1900   -0.106665E+05    0.167846E+04   -0.617248E+04
    5.1950   -0.108221E+05    0.166856E+04   -0.624531E+04
    5.2000   -0.109848E+05    0.165820E+04   -0.632149E+04
    5.2050   -0.111539E+05    0.164807E+04   -0.640098E+04
    5.2100   -0.113278E+05    0.163873E+04   -0.648327E+04
    5.2150   -0.115043E+05    0.163059E+04   -0.656743E+04
    5.2200   -0.116807E+05    0.162381E+04   -0.665224E+04
    5.2250   -0.118544E+05    0.161831E+04   -0.673635E+04
    5.2300   -0.120232E+05    0.161374E+04   -0.681849E+04
    5.2350   -0.121854E+05    0.160955E+04   -0.689746E+04
    5.2400   -0.123400E+05    0.160502E+04   -0.697252E+04
    5.2450   -0.124874E+05    0.159931E+04   -0.704334E+04
    5.2500   -0.126285E+05    0.159160E+04   -0.711005E+04
    5.2550   -0.127653E+05    0.158112E+04   -0.717322E+04
    5.2600   -0.128997E+05    0.156722E+04   -0.723345E+04
