    0.0000    0.168505E-08   -0.390665E-09    0.103786E-08
    0.0050    0.133611E+04    0.145016E+03    0.595545E+03
    0.0100    0.133925E+04   -0.659926E+02    0.702622E+03
    0.0150    0.131209E+04   -0.256976E+03    0.784533E+03
    0.0200    0.126530E+04   -0.424360E+03    0.844832E+03
    0.0250    0.120382E+04   -0.564213E+03    0.884017E+03
    0.0300    0.113005E+04   -0.674060E+03    0.902055E+03
    0.0350    0.104709E+04   -0.754476E+03    0.900783E+03
    0.0400    0.959978E+03   -0.809486E+03    0.884732E+03
    0.0450    0.874849E+03   -0.845442E+03    0.860146E+03
    0.0500    0.797086E+03   -0.868917E+03    0.833001E+03
    0.0550    0.729797E+03   -0.884675E+03    0.807236E+03
    0.0600    0.673489E+03   -0.894647E+03    0.784068E+03
    0.0650    0.626910E+03   -0.898270E+03    0.762590E+03
    0.0700    0.588439E+03   -0.893887E+03    0.741163E+03
    0.0750    0.557247E+03   -0.880398E+03    0.718823E+03
    0.0800    0.533739E+03   -0.858358E+03    0.696049E+03
    0.0850    0.519255E+03   -0.830118E+03    0.674686E+03
    0.0900    0.515356E+03   -0.799094E+03    0.657225E+03
    0.0950    0.523094E+03   -0.768665E+03    0.645879E+03
    0.1000    0.542550E+03   -0.741207E+03    0.641879E+03
    0.1050    0.572754E+03   -0.717634E+03    0.645194E+03
    0.1100    0.611890E+03   -0.697479E+03    0.654684E+03
    0.1150    0.657637E+03   -0.679376E+03    0.668507E+03
    0.1200    0.707511E+03   -0.661691E+03    0.684601E+03
    0.1250    0.759129E+03   -0.643099E+03    0.701114E+03
    0.1300    0.810408E+03   -0.622989E+03    0.716698E+03
    0.1350    0.859689E+03   -0.601617E+03    0.730653E+03
    0.1400    0.905796E+03   -0.580020E+03    0.742908E+03
    0.1450    0.948046E+03   -0.559693E+03    0.753870E+03
    0.1500    0.986205E+03   -0.542144E+03    0.764175E+03
    0.1550    0.102042E+04   -0.528451E+03    0.774434E+03
    0.1600    0.105111E+04   -0.518964E+03    0.785037E+03
    0.1650    0.107892E+04   -0.513259E+03    0.796088E+03
    0.1700    0.110460E+04   -0.510363E+03    0.807481E+03
    0.1750    0.112899E+04   -0.509144E+03    0.819065E+03
    0.1800    0.115290E+04   -0.508736E+03    0.830820E+03
    0.1850    0.117711E+04   -0.508828E+03    0.842967E+03
    0.1900    0.120222E+04   -0.509711E+03    0.855963E+03
    0.1950    0.122867E+04   -0.512087E+03    0.870379E+03
    0.2000    0.125671E+04   -0.516711E+03    0.886708E+03
    0.2050    0.128634E+04   -0.524005E+03    0.905174E+03
    0.2100    0.131742E+04   -0.533784E+03    0.925602E+03
    0.2150    0.134963E+04   -0.545185E+03    0.947407E+03
    0.2200    0.138255E+04   -0.556820E+03    0.969683E+03
    0.2250    0.141571E+04   -0.567086E+03    0.991399E+03
    0.2300    0.144866E+04   -0.574545E+03    0.101160E+04
    0.2350    0.148097E+04   -0.578244E+03    0.102961E+04
    0.2400    0.151230E+04   -0.577895E+03    0.104510E+04
    0.2450    0.154237E+04   -0.573859E+03    0.105812E+04
    0.2500    0.157097E+04   -0.566967E+03    0.106897E+04
    0.2550    0.159791E+04   -0.558227E+03    0.107807E+04
    0.2600    0.162302E+04   -0.548540E+03    0.108578E+04
    0.2650    0.164614E+04   -0.538489E+03    0.109231E+04
    0.2700    0.166713E+04   -0.528292E+03    0.109771E+04
    0.2750    0.168589E+04   -0.517884E+03    0.110189E+04
    0.2800    0.170237E+04   -0.507102E+03    0.110473E+04
    0.2850    0.171657E+04   -0.495874E+03    0.110622E+04
    0.2900    0.172857E+04   -0.484328E+03    0.110645E+04
    0.2950    0.173851E+04   -0.472806E+03    0.110566E+04
    0.3000    0.174660E+04   -0.461726E+03    0.110416E+04
    0.3050    0.175305E+04   -0.449870E+03    0.110146E+04
    0.3100    0.175811E+04   -0.424756E+03    0.109143E+04
    0.3150    0.176199E+04   -0.418921E+03    0.109046E+04
    0.3200    0.176489E+04   -0.412367E+03    0.108863E+04
    0.3250    0.176694E+04   -0.405639E+03    0.108629E+04
    0.3300    0.176826E+04   -0.398752E+03    0.108351E+04
    0.3350    0.176890E+04   -0.391772E+03    0.108034E+04
    0.3400    0.176890E+04   -0.384993E+03    0.107694E+04
    0.3450    0.176827E+04   -0.378947E+03    0.107361E+04
    0.3500    0.176704E+04   -0.374328E+03    0.107068E+04
    0.3550    0.176525E+04   -0.371835E+03    0.106854E+04
    0.3600    0.176298E+04   -0.372025E+03    0.106750E+04
    0.3650    0.176037E+04   -0.375196E+03    0.106779E+04
    0.3700    0.175760E+04   -0.381341E+03    0.106947E+04
    0.3750    0.175484E+04   -0.390178E+03    0.107251E+04
    0.3800    0.175232E+04   -0.401234E+03    0.107678E+04
    0.3850    0.175022E+04   -0.413956E+03    0.108209E+04
    0.3900    0.174869E+04   -0.427799E+03    0.108824E+04
    0.3950    0.174781E+04   -0.442287E+03    0.109505E+04
    0.4000    0.174760E+04   -0.457003E+03    0.110230E+04
    0.4050    0.174796E+04   -0.471555E+03    0.110976E+04
    0.4100    0.174868E+04   -0.485511E+03    0.111710E+04
    0.4150    0.174950E+04   -0.498360E+03    0.112393E+04
    0.4200    0.175007E+04   -0.509501E+03    0.112978E+04
    0.4250    0.174998E+04   -0.518291E+03    0.113414E+04
    0.4300    0.174885E+04   -0.524124E+03    0.113649E+04
    0.4350    0.174631E+04   -0.526520E+03    0.113641E+04
    0.4400    0.174204E+04   -0.525192E+03    0.113362E+04
    0.4450    0.173585E+04   -0.520075E+03    0.112796E+04
    0.4500    0.172763E+04   -0.511313E+03    0.111947E+04
    0.4550    0.171742E+04   -0.499199E+03    0.110831E+04
    0.4600    0.170539E+04   -0.484108E+03    0.109475E+04
    0.4650    0.169180E+04   -0.466430E+03    0.107912E+04
    0.4700    0.167700E+04   -0.446528E+03    0.106176E+04
    0.4750    0.166138E+04   -0.424728E+03    0.104306E+04
    0.4800    0.164535E+04   -0.401330E+03    0.102334E+04
    0.4850    0.162929E+04   -0.376641E+03    0.100296E+04
    0.4900    0.161351E+04   -0.351004E+03    0.982256E+03
    0.4950    0.159826E+04   -0.324810E+03    0.961533E+03
    0.5000    0.158367E+04   -0.298495E+03    0.941080E+03
    0.5050    0.156978E+04   -0.272507E+03    0.921145E+03
    0.5100    0.155656E+04   -0.247274E+03    0.901919E+03
    0.5150    0.154390E+04   -0.223163E+03    0.883532E+03
    0.5200    0.153165E+04   -0.200455E+03    0.866051E+03
    0.5250    0.151963E+04   -0.179336E+03    0.849482E+03
    0.5300    0.150769E+04   -0.159902E+03    0.833796E+03
    0.5350    0.149569E+04   -0.142170E+03    0.818932E+03
    0.5400    0.148357E+04   -0.126088E+03    0.804827E+03
    0.5450    0.147129E+04   -0.111540E+03    0.791412E+03
    0.5500    0.145889E+04   -0.983421E+02    0.778615E+03
    0.5550    0.144646E+04   -0.862280E+02    0.766343E+03
    0.5600    0.143410E+04   -0.748445E+02    0.754472E+03
    0.5650    0.142193E+04   -0.637487E+02    0.742838E+03
    0.5700    0.141003E+04   -0.524291E+02    0.731231E+03
    0.5750    0.139848E+04   -0.403469E+02    0.719413E+03
    0.5800    0.138727E+04   -0.269905E+02    0.707130E+03
    0.5850    0.137635E+04   -0.119285E+02    0.694137E+03
    0.5900    0.136557E+04    0.514302E+01    0.680215E+03
    0.5950    0.135474E+04    0.243735E+02    0.665185E+03
    0.6000    0.134360E+04    0.457523E+02    0.648922E+03
    0.6050    0.133184E+04    0.691294E+02    0.631354E+03
    0.6100    0.131916E+04    0.942473E+02    0.612458E+03
    0.6150    0.130529E+04    0.120784E+03    0.592255E+03
    0.6200    0.128999E+04    0.148389E+03    0.570799E+03
    0.6250    0.127308E+04    0.176716E+03    0.548181E+03
    0.6300    0.125449E+04    0.205438E+03    0.524523E+03
    0.6350    0.123424E+04    0.234254E+03    0.499992E+03
    0.6400    0.121248E+04    0.262885E+03    0.474798E+03
    0.6450    0.118948E+04    0.291077E+03    0.449199E+03
    0.6500    0.116558E+04    0.318595E+03    0.423490E+03
    0.6550    0.114121E+04    0.345231E+03    0.397990E+03
    0.6600    0.111685E+04    0.370803E+03    0.373025E+03
    0.6650    0.109298E+04    0.395166E+03    0.348906E+03
    0.6700    0.107004E+04    0.418204E+03    0.325918E+03
    0.6750    0.104842E+04    0.439824E+03    0.304299E+03
    0.6800    0.102841E+04    0.459964E+03    0.284223E+03
    0.6850    0.101017E+04    0.478545E+03    0.265811E+03
    0.6900    0.993704E+03    0.495498E+03    0.249103E+03
    0.6950    0.978898E+03    0.510757E+03    0.234071E+03
    0.7000    0.965490E+03    0.524258E+03    0.220616E+03
    0.7050    0.953111E+03    0.535971E+03    0.208570E+03
    0.7100    0.941315E+03    0.545901E+03    0.197707E+03
    0.7150    0.929608E+03    0.554105E+03    0.187752E+03
    0.7200    0.917495E+03    0.560690E+03    0.178402E+03
    0.7250    0.904519E+03    0.565814E+03    0.169352E+03
    0.7300    0.890307E+03    0.569663E+03    0.160322E+03
    0.7350    0.874605E+03    0.572438E+03    0.151083E+03
    0.7400    0.857296E+03    0.574336E+03    0.141480E+03
    0.7450    0.838410E+03    0.575528E+03    0.131441E+03
    0.7500    0.818120E+03    0.576152E+03    0.120984E+03
    0.7550    0.796722E+03    0.576302E+03    0.110210E+03
    0.7600    0.774611E+03    0.576015E+03    0.992981E+02
    0.7650    0.752248E+03    0.575265E+03    0.884913E+02
    0.7700    0.730115E+03    0.573945E+03    0.780850E+02
    0.7750    0.708669E+03    0.571837E+03    0.684163E+02
    0.7800    0.688303E+03    0.568590E+03    0.598564E+02
    0.7850    0.669304E+03    0.563676E+03    0.528144E+02
    0.7900    0.651838E+03    0.556339E+03    0.477496E+02
    0.7950    0.635930E+03    0.545509E+03    0.452107E+02
    0.8000    0.621471E+03    0.529653E+03    0.459088E+02
    0.8050    0.608226E+03    0.506475E+03    0.508756E+02
    0.8100    0.595857E+03    0.472227E+03    0.618146E+02
    0.8150    0.583946E+03    0.420049E+03    0.819487E+02
    0.8200    0.572047E+03    0.336102E+03    0.117972E+03
    0.8250    0.559716E+03    0.229769E+03    0.164973E+03
    0.8300    0.546535E+03    0.399315E+03    0.736103E+02
    0.8350    0.532104E+03    0.501985E+03    0.150596E+02
    0.8400    0.516218E+03    0.552430E+03   -0.181062E+02
    0.8450    0.498763E+03    0.583494E+03   -0.423656E+02
    0.8500    0.479716E+03    0.605182E+03   -0.627332E+02
    0.8550    0.459175E+03    0.621640E+03   -0.812325E+02
    0.8600    0.437322E+03    0.634845E+03   -0.987617E+02
    0.8650    0.414455E+03    0.645854E+03   -0.115700E+03
    0.8700    0.390886E+03    0.655224E+03   -0.132169E+03
    0.8750    0.366971E+03    0.663252E+03   -0.148141E+03
    0.8800    0.343051E+03    0.670066E+03   -0.163507E+03
    0.8850    0.319419E+03    0.675679E+03   -0.178130E+03
    0.8900    0.296298E+03    0.680058E+03   -0.191880E+03
    0.8950    0.273803E+03    0.683143E+03   -0.204670E+03
    0.9000    0.251911E+03    0.684882E+03   -0.216485E+03
    0.9050    0.230416E+03    0.685244E+03   -0.227414E+03
    0.9100    0.208884E+03    0.684263E+03   -0.237689E+03
    0.9150    0.186531E+03    0.682039E+03   -0.247754E+03
    0.9200    0.161882E+03    0.678737E+03   -0.258428E+03
    0.9250    0.131200E+03    0.674599E+03   -0.271699E+03
    0.9300    0.758490E+02    0.669914E+03   -0.297033E+03
    0.9350    0.240674E+02    0.665007E+03   -0.320470E+03
    0.9400    0.141812E+02    0.660215E+03   -0.323017E+03
    0.9450    0.139179E+02    0.655852E+03   -0.320967E+03
    0.9500    0.167752E+02    0.652182E+03   -0.317703E+03
    0.9550    0.200328E+02    0.649400E+03   -0.314684E+03
    0.9600    0.220759E+02    0.647632E+03   -0.312778E+03
    0.9650    0.219885E+02    0.646900E+03   -0.312456E+03
    0.9700    0.193565E+02    0.647095E+03   -0.313869E+03
    0.9750    0.140257E+02    0.647941E+03   -0.316957E+03
    0.9800    0.614628E+01    0.648887E+03   -0.321371E+03
    0.9850   -0.397214E+01    0.648894E+03   -0.326433E+03
    0.9900   -0.158573E+02    0.645788E+03   -0.330822E+03
    0.9950   -0.290088E+02    0.634122E+03   -0.331565E+03
    1.0000   -0.424626E+02    0.596714E+03   -0.319588E+03
    1.0050   -0.517354E+02    0.500750E+03   -0.276243E+03
    1.0100   -0.550705E+02    0.431943E+03   -0.243507E+03
    1.0150   -0.603153E+02    0.421608E+03   -0.240961E+03
    1.0200   -0.671958E+02    0.429722E+03   -0.248459E+03
    1.0250   -0.745546E+02    0.443461E+03   -0.259008E+03
    1.0300   -0.817664E+02    0.458954E+03   -0.270360E+03
    1.0350   -0.885434E+02    0.474786E+03   -0.281665E+03
    1.0400   -0.947582E+02    0.490356E+03   -0.292557E+03
    1.0450   -0.100446E+03    0.505394E+03   -0.302920E+03
    1.0500   -0.105667E+03    0.519765E+03   -0.312716E+03
    1.0550   -0.110486E+03    0.533392E+03   -0.321939E+03
    1.0600   -0.114985E+03    0.546222E+03   -0.330604E+03
    1.0650   -0.119214E+03    0.558228E+03   -0.338721E+03
    1.0700   -0.123143E+03    0.569390E+03   -0.346267E+03
    1.0750   -0.126721E+03    0.579710E+03   -0.353215E+03
    1.0800   -0.129841E+03    0.589206E+03   -0.359523E+03
    1.0850   -0.132314E+03    0.597913E+03   -0.365114E+03
    1.0900   -0.133957E+03    0.605887E+03   -0.369922E+03
    1.0950   -0.134560E+03    0.613197E+03   -0.373879E+03
    1.1000   -0.133930E+03    0.619924E+03   -0.376927E+03
    1.1050   -0.131885E+03    0.626157E+03   -0.379021E+03
    1.1100   -0.128320E+03    0.631982E+03   -0.380151E+03
    1.1150   -0.123197E+03    0.637491E+03   -0.380344E+03
    1.1200   -0.116538E+03    0.642752E+03   -0.379645E+03
    1.1250   -0.108487E+03    0.647828E+03   -0.378157E+03
    1.1300   -0.992632E+02    0.652746E+03   -0.376005E+03
    1.1350   -0.891555E+02    0.657507E+03   -0.373331E+03
    1.1400   -0.785388E+02    0.662074E+03   -0.370307E+03
    1.1450   -0.678224E+02    0.666379E+03   -0.367101E+03
    1.1500   -0.574054E+02    0.670328E+03   -0.363867E+03
    1.1550   -0.476942E+02    0.673804E+03   -0.360749E+03
    1.1600   -0.390484E+02    0.676698E+03   -0.357873E+03
    1.1650   -0.317308E+02    0.678900E+03   -0.355316E+03
    1.1700   -0.259399E+02    0.680344E+03   -0.353142E+03
    1.1750   -0.217549E+02    0.680990E+03   -0.351373E+03
    1.1800   -0.191291E+02    0.680863E+03   -0.349996E+03
    1.1850   -0.179273E+02    0.680026E+03   -0.348977E+03
    1.1900   -0.179274E+02    0.678606E+03   -0.348267E+03
    1.1950   -0.188085E+02    0.676756E+03   -0.347782E+03
    1.2000   -0.202410E+02    0.674671E+03   -0.347456E+03
    1.2050   -0.218731E+02    0.672550E+03   -0.347212E+03
    1.2100   -0.233742E+02    0.670600E+03   -0.346987E+03
    1.2150   -0.244737E+02    0.669016E+03   -0.346745E+03
    1.2200   -0.249867E+02    0.667978E+03   -0.346482E+03
    1.2250   -0.248366E+02    0.667642E+03   -0.346239E+03
    1.2300   -0.240504E+02    0.668128E+03   -0.346089E+03
    1.2350   -0.227977E+02    0.669536E+03   -0.346167E+03
    1.2400   -0.213195E+02    0.671904E+03   -0.346612E+03
    1.2450   -0.199445E+02    0.675234E+03   -0.347589E+03
    1.2500   -0.190521E+02    0.679461E+03   -0.349257E+03
    1.2550   -0.190414E+02    0.684523E+03   -0.351782E+03
    1.2600   -0.202932E+02    0.690264E+03   -0.355278E+03
    1.2650   -0.231452E+02    0.696522E+03   -0.359834E+03
    1.2700   -0.278399E+02    0.703098E+03   -0.365469E+03
    1.2750   -0.345455E+02    0.709797E+03   -0.372171E+03
    1.2800   -0.433192E+02    0.716418E+03   -0.379869E+03
    1.2850   -0.541115E+02    0.722780E+03   -0.388446E+03
    1.2900   -0.667940E+02    0.728724E+03   -0.397759E+03
    1.2950   -0.811676E+02    0.734125E+03   -0.407646E+03
    1.3000   -0.969932E+02    0.738900E+03   -0.417947E+03
    1.3050   -0.114026E+03    0.743004E+03   -0.428515E+03
    1.3100   -0.132045E+03    0.746437E+03   -0.439241E+03
    1.3150   -0.150872E+03    0.749235E+03   -0.450054E+03
    1.3200   -0.170441E+03    0.751473E+03   -0.460957E+03
    1.3250   -0.190734E+03    0.753241E+03   -0.471988E+03
    1.3300   -0.211845E+03    0.754649E+03   -0.483247E+03
    1.3350   -0.233945E+03    0.755801E+03   -0.494873E+03
    1.3400   -0.257270E+03    0.756795E+03   -0.507032E+03
    1.3450   -0.282139E+03    0.757720E+03   -0.519929E+03
    1.3500   -0.308775E+03    0.758595E+03   -0.533685E+03
    1.3550   -0.337482E+03    0.759446E+03   -0.548464E+03
    1.3600   -0.368495E+03    0.760273E+03   -0.564384E+03
    1.3650   -0.401966E+03    0.761034E+03   -0.581500E+03
    1.3700   -0.437960E+03    0.761682E+03   -0.599821E+03
    1.3750   -0.476450E+03    0.762148E+03   -0.619299E+03
    1.3800   -0.517306E+03    0.762357E+03   -0.639831E+03
    1.3850   -0.560366E+03    0.762233E+03   -0.661299E+03
    1.3900   -0.605373E+03    0.761685E+03   -0.683529E+03
    1.3950   -0.652064E+03    0.760615E+03   -0.706340E+03
    1.4000   -0.700190E+03    0.758922E+03   -0.729556E+03
    1.4050   -0.749533E+03    0.756488E+03   -0.753010E+03
    1.4100   -0.799950E+03    0.753194E+03   -0.776572E+03
    1.4150   -0.851374E+03    0.748908E+03   -0.800141E+03
    1.4200   -0.903838E+03    0.743493E+03   -0.823665E+03
    1.4250   -0.957468E+03    0.736816E+03   -0.847142E+03
    1.4300   -0.101247E+04    0.728740E+03   -0.870603E+03
    1.4350   -0.106909E+04    0.719141E+03   -0.894118E+03
    1.4400   -0.112765E+04    0.707914E+03   -0.917781E+03
    1.4450   -0.118842E+04    0.694974E+03   -0.941697E+03
    1.4500   -0.125168E+04    0.680270E+03   -0.965973E+03
    1.4550   -0.131762E+04    0.663784E+03   -0.990703E+03
    1.4600   -0.138637E+04    0.645538E+03   -0.101596E+04
    1.4650   -0.145800E+04    0.625593E+03   -0.104180E+04
    1.4700   -0.153243E+04    0.604051E+03   -0.106824E+04
    1.4750   -0.160952E+04    0.581043E+03   -0.109528E+04
    1.4800   -0.168908E+04    0.556728E+03   -0.112290E+04
    1.4850   -0.177085E+04    0.531278E+03   -0.115107E+04
    1.4900   -0.185459E+04    0.504869E+03   -0.117973E+04
    1.4950   -0.194006E+04    0.477666E+03   -0.120886E+04
    1.5000   -0.202705E+04    0.449811E+03   -0.123843E+04
    1.5050   -0.211546E+04    0.421432E+03   -0.126845E+04
    1.5100   -0.220523E+04    0.392614E+03   -0.129892E+04
    1.5150   -0.229639E+04    0.363415E+03   -0.132990E+04
    1.5200   -0.238909E+04    0.333846E+03   -0.136147E+04
    1.5250   -0.248347E+04    0.303915E+03   -0.139369E+04
    1.5300   -0.257971E+04    0.273602E+03   -0.142665E+04
    1.5350   -0.267796E+04    0.242880E+03   -0.146042E+04
    1.5400   -0.277829E+04    0.211719E+03   -0.149500E+04
    1.5450   -0.288061E+04    0.180089E+03   -0.153035E+04
    1.5500   -0.298458E+04    0.147975E+03   -0.156628E+04
    1.5550   -0.308944E+04    0.115371E+03   -0.160241E+04
    1.5600   -0.319389E+04    0.822871E+02   -0.163809E+04
    1.5650   -0.329579E+04    0.487463E+02   -0.167227E+04
    1.5700   -0.339217E+04    0.147863E+02   -0.170348E+04
    1.5750   -0.348006E+04   -0.195332E+02   -0.173027E+04
    1.5800   -0.355932E+04   -0.541509E+02   -0.175258E+04
    1.5850   -0.363646E+04   -0.889871E+02   -0.177374E+04
    1.5900   -0.372340E+04   -0.123956E+03   -0.179972E+04
    1.5950   -0.382947E+04   -0.158954E+03   -0.183526E+04
    1.6000   -0.395635E+04   -0.193884E+03   -0.188123E+04
    1.6050   -0.410074E+04   -0.228633E+03   -0.193605E+04
    1.6100   -0.425763E+04   -0.263077E+03   -0.199728E+04
    1.6150   -0.442236E+04   -0.297093E+03   -0.206263E+04
    1.6200   -0.459124E+04   -0.330551E+03   -0.213034E+04
    1.6250   -0.476153E+04   -0.363322E+03   -0.219910E+04
    1.6300   -0.493129E+04   -0.395287E+03   -0.226800E+04
    1.6350   -0.509923E+04   -0.426332E+03   -0.233645E+04
    1.6400   -0.526450E+04   -0.456367E+03   -0.240407E+04
    1.6450   -0.542664E+04   -0.485298E+03   -0.247067E+04
    1.6500   -0.558536E+04   -0.513075E+03   -0.253614E+04
    1.6550   -0.574060E+04   -0.539688E+03   -0.260046E+04
    1.6600   -0.589236E+04   -0.565183E+03   -0.266359E+04
    1.6650   -0.604068E+04   -0.589568E+03   -0.272556E+04
    1.6700   -0.618564E+04   -0.612890E+03   -0.278638E+04
    1.6750   -0.632733E+04   -0.635252E+03   -0.284604E+04
    1.6800   -0.646576E+04   -0.656740E+03   -0.290451E+04
    1.6850   -0.660095E+04   -0.677435E+03   -0.296176E+04
    1.6900   -0.673286E+04   -0.697419E+03   -0.301772E+04
    1.6950   -0.686140E+04   -0.716760E+03   -0.307232E+04
    1.7000   -0.698644E+04   -0.735503E+03   -0.312547E+04
    1.7050   -0.710783E+04   -0.753666E+03   -0.317708E+04
    1.7100   -0.722537E+04   -0.771261E+03   -0.322705E+04
    1.7150   -0.733884E+04   -0.788256E+03   -0.327529E+04
    1.7200   -0.744801E+04   -0.804610E+03   -0.332170E+04
    1.7250   -0.755266E+04   -0.820259E+03   -0.336620E+04
    1.7300   -0.765255E+04   -0.835143E+03   -0.340870E+04
    1.7350   -0.774746E+04   -0.849196E+03   -0.344913E+04
    1.7400   -0.783719E+04   -0.862361E+03   -0.348741E+04
    1.7450   -0.792159E+04   -0.874589E+03   -0.352350E+04
    1.7500   -0.800052E+04   -0.885863E+03   -0.355733E+04
    1.7550   -0.807389E+04   -0.896179E+03   -0.358886E+04
    1.7600   -0.814164E+04   -0.905566E+03   -0.361804E+04
    1.7650   -0.820375E+04   -0.914075E+03   -0.364484E+04
    1.7700   -0.826022E+04   -0.921788E+03   -0.366921E+04
    1.7750   -0.831105E+04   -0.928806E+03   -0.369112E+04
    1.7800   -0.835626E+04   -0.935249E+03   -0.371050E+04
    1.7850   -0.839583E+04   -0.941238E+03   -0.372730E+04
    1.7900   -0.842971E+04   -0.946909E+03   -0.374140E+04
    1.7950   -0.845779E+04   -0.952388E+03   -0.375270E+04
    1.8000   -0.847989E+04   -0.957796E+03   -0.376105E+04
    1.8050   -0.849577E+04   -0.963252E+03   -0.376626E+04
    1.8100   -0.850510E+04   -0.968855E+03   -0.376812E+04
    1.8150   -0.850755E+04   -0.974686E+03   -0.376643E+04
    1.8200   -0.850275E+04   -0.980818E+03   -0.376096E+04
    1.8250   -0.849042E+04   -0.987307E+03   -0.375156E+04
    1.8300   -0.847043E+04   -0.994199E+03   -0.373812E+04
    1.8350   -0.844291E+04   -0.100153E+04   -0.372069E+04
    1.8400   -0.840847E+04   -0.100931E+04   -0.369958E+04
    1.8450   -0.836841E+04   -0.101755E+04   -0.367543E+04
    1.8500   -0.832513E+04   -0.102624E+04   -0.364945E+04
    1.8550   -0.828248E+04   -0.103535E+04   -0.362356E+04
    1.8600   -0.824561E+04   -0.104484E+04   -0.360038E+04
    1.8650   -0.821742E+04   -0.105465E+04   -0.358138E+04
    1.8700   -0.818813E+04   -0.106471E+04   -0.356171E+04
    1.8750   -0.812948E+04   -0.107493E+04   -0.352727E+04
    1.8800   -0.802068E+04   -0.108521E+04   -0.346773E+04
    1.8850   -0.786742E+04   -0.109546E+04   -0.338598E+04
    1.8900   -0.768602E+04   -0.110561E+04   -0.329020E+04
    1.8950   -0.748993E+04   -0.111559E+04   -0.318717E+04
    1.9000   -0.728817E+04   -0.112541E+04   -0.308138E+04
    1.9050   -0.708638E+04   -0.113516E+04   -0.297561E+04
    1.9100   -0.688789E+04   -0.114494E+04   -0.287148E+04
    1.9150   -0.669482E+04   -0.115496E+04   -0.276993E+04
    1.9200   -0.650831E+04   -0.116555E+04   -0.267138E+04
    1.9250   -0.632866E+04   -0.117709E+04   -0.257579E+04
    1.9300   -0.615556E+04   -0.119002E+04   -0.248277E+04
    1.9350   -0.598817E+04   -0.120485E+04   -0.239166E+04
    1.9400   -0.582538E+04   -0.122208E+04   -0.230165E+04
    1.9450   -0.566599E+04   -0.124214E+04   -0.221193E+04
    1.9500   -0.550905E+04   -0.126538E+04   -0.212183E+04
    1.9550   -0.535413E+04   -0.129206E+04   -0.203103E+04
    1.9600   -0.520154E+04   -0.132233E+04   -0.193961E+04
    1.9650   -0.505255E+04   -0.135638E+04   -0.184809E+04
    1.9700   -0.490935E+04   -0.139473E+04   -0.175731E+04
    1.9750   -0.477479E+04   -0.143856E+04   -0.166811E+04
    1.9800   -0.465201E+04   -0.149010E+04   -0.158096E+04
    1.9850   -0.454371E+04   -0.155330E+04   -0.149520E+04
    1.9900   -0.445142E+04   -0.163418E+04   -0.140862E+04
    1.9950   -0.437487E+04   -0.174057E+04   -0.131715E+04
    2.0000   -0.431166E+04   -0.187971E+04   -0.121598E+04
    2.0050   -0.425747E+04   -0.204850E+04   -0.110448E+04
    2.0100   -0.420696E+04   -0.221887E+04   -0.994046E+03
    2.0150   -0.415522E+04   -0.234606E+04   -0.904579E+03
    2.0200   -0.409946E+04   -0.241032E+04   -0.844572E+03
    2.0250   -0.404032E+04   -0.242639E+04   -0.806962E+03
    2.0300   -0.398217E+04   -0.241753E+04   -0.782324E+03
    2.0350   -0.393195E+04   -0.240023E+04   -0.765860E+03
    2.0400   -0.389644E+04   -0.238328E+04   -0.756577E+03
    2.0450   -0.387909E+04   -0.237046E+04   -0.754317E+03
    2.0500   -0.387747E+04   -0.236317E+04   -0.757150E+03
    2.0550   -0.388299E+04   -0.236228E+04   -0.760356E+03
    2.0600   -0.388428E+04   -0.236875E+04   -0.757764E+03
    2.0650   -0.387240E+04   -0.238328E+04   -0.744559E+03
    2.0700   -0.384627E+04   -0.240564E+04   -0.720311E+03
    2.0750   -0.381427E+04   -0.243448E+04   -0.689895E+03
    2.0800   -0.378969E+04   -0.246753E+04   -0.661080E+03
    2.0850   -0.378225E+04   -0.250242E+04   -0.639915E+03
    2.0900   -0.378988E+04   -0.253719E+04   -0.626347E+03
    2.0950   -0.379764E+04   -0.257039E+04   -0.613628E+03
    2.1000   -0.378623E+04   -0.260089E+04   -0.592671E+03
    2.1050   -0.374591E+04   -0.262781E+04   -0.559049E+03
    2.1100   -0.368499E+04   -0.265043E+04   -0.517278E+03
    2.1150   -0.362394E+04   -0.266844E+04   -0.477753E+03
    2.1200   -0.357770E+04   -0.268189E+04   -0.447905E+03
    2.1250   -0.354061E+04   -0.269075E+04   -0.424930E+03
    2.1300   -0.348946E+04   -0.269474E+04   -0.397357E+03
    2.1350   -0.340454E+04   -0.269366E+04   -0.355438E+03
    2.1400   -0.329057E+04   -0.268834E+04   -0.301116E+03
    2.1450   -0.317379E+04   -0.268078E+04   -0.246503E+03
    2.1500   -0.307479E+04   -0.267329E+04   -0.200750E+03
    2.1550   -0.298551E+04   -0.266722E+04   -0.159145E+03
    2.1600   -0.287693E+04   -0.266261E+04   -0.107159E+03
    2.1650   -0.273296E+04   -0.265963E+04   -0.366643E+02
    2.1700   -0.257177E+04   -0.266005E+04    0.441373E+02
    2.1750   -0.242555E+04   -0.266676E+04    0.120604E+03
    2.1800   -0.230079E+04   -0.268163E+04    0.190421E+03
    2.1850   -0.216947E+04   -0.270436E+04    0.267445E+03
    2.1900   -0.200498E+04   -0.273380E+04    0.364410E+03
    2.1950   -0.181864E+04   -0.277016E+04    0.475760E+03
    2.2000   -0.164682E+04   -0.281522E+04    0.584203E+03
    2.2050   -0.150262E+04   -0.286991E+04    0.683649E+03
    2.2100   -0.135819E+04   -0.293276E+04    0.787285E+03
    2.2150   -0.118336E+04   -0.300129E+04    0.908968E+03
    2.2200   -0.989057E+03   -0.307452E+04    0.104273E+04
    2.2250   -0.813783E+03   -0.315300E+04    0.116961E+04
    2.2300   -0.670547E+03   -0.323659E+04    0.128302E+04
    2.2350   -0.529196E+03   -0.332302E+04    0.139691E+04
    2.2400   -0.359929E+03   -0.340957E+04    0.152482E+04
    2.2450   -0.176616E+03   -0.349519E+04    0.165929E+04
    2.2500   -0.176602E+02   -0.358025E+04    0.178130E+04
    2.2550    0.108128E+03   -0.366447E+04    0.188630E+04
    2.2600    0.233154E+03   -0.374595E+04    0.198955E+04
    2.2650    0.384006E+03   -0.382289E+04    0.210345E+04
    2.2700    0.543303E+03   -0.389522E+04    0.221926E+04
    2.2750    0.674531E+03   -0.396404E+04    0.231928E+04
    2.2800    0.773215E+03   -0.402966E+04    0.240144E+04
    2.2850    0.871441E+03   -0.409125E+04    0.248134E+04
    2.2900    0.991001E+03   -0.414824E+04    0.256962E+04
    2.2950    0.111212E+04   -0.420164E+04    0.265688E+04
    2.3000    0.120116E+04   -0.425326E+04    0.272721E+04
    2.3050    0.125646E+04   -0.430404E+04    0.278025E+04
    2.3100    0.130822E+04   -0.435376E+04    0.283099E+04
    2.3150    0.137451E+04   -0.440252E+04    0.288851E+04
    2.3200    0.143599E+04   -0.445173E+04    0.294386E+04
    2.3250    0.146316E+04   -0.450327E+04    0.298321E+04
    2.3300    0.145662E+04   -0.455799E+04    0.300731E+04
    2.3350    0.144490E+04   -0.461554E+04    0.303022E+04
    2.3400    0.144488E+04   -0.467582E+04    0.306035E+04
    2.3450    0.144016E+04   -0.473979E+04    0.308997E+04
    2.3500    0.140564E+04   -0.480874E+04    0.310719E+04
    2.3550    0.134291E+04   -0.488284E+04    0.311288E+04
    2.3600    0.127816E+04   -0.496117E+04    0.311967E+04
    2.3650    0.122746E+04   -0.504282E+04    0.313514E+04
    2.3700    0.117695E+04   -0.512795E+04    0.315245E+04
    2.3750    0.110400E+04   -0.521708E+04    0.316054E+04
    2.3800    0.100881E+04   -0.530978E+04    0.315929E+04
    2.3850    0.913882E+03   -0.540447E+04    0.315917E+04
    2.3900    0.833573E+03   -0.549957E+04    0.316657E+04
    2.3950    0.755439E+03   -0.559475E+04    0.317509E+04
    2.4000    0.658116E+03   -0.569030E+04    0.317421E+04
    2.4050    0.540125E+03   -0.578577E+04    0.316295E+04
    2.4100    0.420886E+03   -0.587952E+04    0.315020E+04
    2.4150    0.313653E+03   -0.597013E+04    0.314189E+04
    2.4200    0.207955E+03   -0.605748E+04    0.313272E+04
    2.4250    0.845393E+02   -0.614247E+04    0.311351E+04
    2.4300   -0.580281E+02   -0.622534E+04    0.308366E+04
    2.4350   -0.201591E+03   -0.630505E+04    0.305173E+04
    2.4400   -0.332999E+03   -0.638067E+04    0.302383E+04
    2.4450   -0.461024E+03   -0.645287E+04    0.299592E+04
    2.4500   -0.602710E+03   -0.652331E+04    0.296030E+04
    2.4550   -0.758955E+03   -0.659284E+04    0.291694E+04
    2.4600   -0.912877E+03   -0.666082E+04    0.287397E+04
    2.4650   -0.105268E+04   -0.672663E+04    0.283698E+04
    2.4700   -0.118697E+04   -0.679121E+04    0.280212E+04
    2.4750   -0.133176E+04   -0.685651E+04    0.276237E+04
    2.4800   -0.148797E+04   -0.692336E+04    0.271769E+04
    2.4850   -0.164062E+04   -0.699085E+04    0.267512E+04
    2.4900   -0.177978E+04   -0.705810E+04    0.263916E+04
    2.4950   -0.191388E+04   -0.712590E+04    0.260601E+04
    2.5000   -0.205743E+04   -0.719597E+04    0.256927E+04
    2.5050   -0.221124E+04   -0.726878E+04    0.252877E+04
    2.5100   -0.236193E+04   -0.734299E+04    0.249053E+04
    2.5150   -0.250002E+04   -0.741736E+04    0.245867E+04
    2.5200   -0.263162E+04   -0.749229E+04    0.243033E+04
    2.5250   -0.276894E+04   -0.756920E+04    0.240013E+04
    2.5300   -0.291363E+04   -0.764840E+04    0.236739E+04
    2.5350   -0.305474E+04   -0.772847E+04    0.233686E+04
    2.5400   -0.318232E+04   -0.780775E+04    0.231271E+04
    2.5450   -0.329866E+04   -0.788609E+04    0.229371E+04
    2.5500   -0.341374E+04   -0.796453E+04    0.227539E+04
    2.5550   -0.353237E+04   -0.804359E+04    0.225561E+04
    2.5600   -0.364866E+04   -0.812226E+04    0.223680E+04
    2.5650   -0.375307E+04   -0.819877E+04    0.222285E+04
    2.5700   -0.384278E+04   -0.827230E+04    0.221476E+04
    2.5750   -0.392331E+04   -0.834329E+04    0.220999E+04
    2.5800   -0.400177E+04   -0.841275E+04    0.220549E+04
    2.5850   -0.407896E+04   -0.848086E+04    0.220095E+04
    2.5900   -0.414901E+04   -0.854682E+04    0.219891E+04
    2.5950   -0.420486E+04   -0.860957E+04    0.220235E+04
    2.6000   -0.424409E+04   -0.866885E+04    0.221238E+04
    2.6050   -0.426955E+04   -0.872541E+04    0.222793E+04
    2.6100   -0.428566E+04   -0.878049E+04    0.224742E+04
    2.6150   -0.429390E+04   -0.883488E+04    0.227049E+04
    2.6200   -0.429172E+04   -0.888873E+04    0.229851E+04
    2.6250   -0.427456E+04   -0.894171E+04    0.233357E+04
    2.6300   -0.423909E+04   -0.899353E+04    0.237722E+04
    2.6350   -0.418533E+04   -0.904446E+04    0.242956E+04
    2.6400   -0.411621E+04   -0.909519E+04    0.248949E+04
    2.6450   -0.403581E+04   -0.914668E+04    0.255544E+04
    2.6500   -0.394739E+04   -0.919973E+04    0.262617E+04
    2.6550   -0.385241E+04   -0.925480E+04    0.270120E+04
    2.6600   -0.375083E+04   -0.931217E+04    0.278067E+04
    2.6650   -0.364213E+04   -0.937226E+04    0.286506E+04
    2.6700   -0.352626E+04   -0.943610E+04    0.295492E+04
    2.6750   -0.340419E+04   -0.950594E+04    0.305088E+04
    2.6800   -0.327772E+04   -0.958581E+04    0.315405E+04
    2.6850   -0.314891E+04   -0.968221E+04    0.326665E+04
    2.6900   -0.301958E+04   -0.980383E+04    0.339213E+04
    2.6950   -0.289064E+04   -0.995674E+04    0.353305E+04
    2.7000   -0.276220E+04   -0.101318E+05    0.368478E+04
    2.7050   -0.263366E+04   -0.102995E+05    0.383293E+04
    2.7100   -0.250402E+04   -0.104332E+05    0.396459E+04
    2.7150   -0.237229E+04   -0.105276E+05    0.407767E+04
    2.7200   -0.223787E+04   -0.105910E+05    0.417655E+04
    2.7250   -0.210064E+04   -0.106336E+05    0.426651E+04
    2.7300   -0.196113E+04   -0.106643E+05    0.435159E+04
    2.7350   -0.182047E+04   -0.106892E+05    0.443437E+04
    2.7400   -0.168018E+04   -0.107125E+05    0.451619E+04
    2.7450   -0.154216E+04   -0.107371E+05    0.459745E+04
    2.7500   -0.140828E+04   -0.107644E+05    0.467804E+04
    2.7550   -0.128049E+04   -0.107951E+05    0.475730E+04
    2.7600   -0.116036E+04   -0.108293E+05    0.483447E+04
    2.7650   -0.104920E+04   -0.108664E+05    0.490863E+04
    2.7700   -0.947808E+03   -0.109057E+05    0.497895E+04
    2.7750   -0.856562E+03   -0.109460E+05    0.504473E+04
    2.7800   -0.775297E+03   -0.109862E+05    0.510543E+04
    2.7850   -0.703366E+03   -0.110249E+05    0.516077E+04
    2.7900   -0.639735E+03   -0.110611E+05    0.521068E+04
    2.7950   -0.583071E+03   -0.110936E+05    0.525526E+04
    2.8000   -0.531843E+03   -0.111215E+05    0.529482E+04
    2.8050   -0.484536E+03   -0.111439E+05    0.532970E+04
    2.8100   -0.439836E+03   -0.111603E+05    0.536025E+04
    2.8150   -0.395935E+03   -0.111702E+05    0.538713E+04
    2.8200   -0.351843E+03   -0.111732E+05    0.541070E+04
    2.8250   -0.306866E+03   -0.111693E+05    0.543120E+04
    2.8300   -0.260493E+03   -0.111582E+05    0.544887E+04
    2.8350   -0.212463E+03   -0.111402E+05    0.546388E+04
    2.8400   -0.162712E+03   -0.111154E+05    0.547636E+04
    2.8450   -0.111335E+03   -0.110841E+05    0.548640E+04
    2.8500   -0.584031E+02   -0.110467E+05    0.549415E+04
    2.8550   -0.393254E+01   -0.110036E+05    0.549984E+04
    2.8600    0.521776E+02   -0.109554E+05    0.550378E+04
    2.8650    0.110341E+03   -0.109026E+05    0.550648E+04
    2.8700    0.171086E+03   -0.108460E+05    0.550855E+04
    2.8750    0.235186E+03   -0.107862E+05    0.551071E+04
    2.8800    0.303609E+03   -0.107240E+05    0.551382E+04
    2.8850    0.377402E+03   -0.106601E+05    0.551876E+04
    2.8900    0.457604E+03   -0.105952E+05    0.552639E+04
    2.8950    0.545182E+03   -0.105299E+05    0.553753E+04
    2.9000    0.640907E+03   -0.104648E+05    0.555284E+04
    2.9050    0.745263E+03   -0.104003E+05    0.557279E+04
    2.9100    0.858439E+03   -0.103369E+05    0.559767E+04
    2.9150    0.980285E+03   -0.102747E+05    0.562752E+04
    2.9200    0.111032E+04   -0.102140E+05    0.566216E+04
    2.9250    0.124779E+04   -0.101547E+05    0.570123E+04
    2.9300    0.139181E+04   -0.100967E+05    0.574424E+04
    2.9350    0.154131E+04   -0.100398E+05    0.579058E+04
    2.9400    0.169523E+04   -0.998398E+04    0.583960E+04
    2.9450    0.185268E+04   -0.992880E+04    0.589074E+04
    2.9500    0.201284E+04   -0.987405E+04    0.594344E+04
    2.9550    0.217516E+04   -0.981949E+04    0.599732E+04
    2.9600    0.233925E+04   -0.976488E+04    0.605207E+04
    2.9650    0.250505E+04   -0.971004E+04    0.610754E+04
    2.9700    0.267253E+04   -0.965484E+04    0.616369E+04
    2.9750    0.284192E+04   -0.959917E+04    0.622054E+04
    2.9800    0.301342E+04   -0.954295E+04    0.627819E+04
    2.9850    0.318714E+04   -0.948612E+04    0.633663E+04
    2.9900    0.336309E+04   -0.942862E+04    0.639585E+04
    2.9950    0.354115E+04   -0.937033E+04    0.645574E+04
    3.0000    0.372089E+04   -0.931107E+04    0.651598E+04
    3.0050    0.390178E+04   -0.925056E+04    0.657617E+04
    3.0100    0.408302E+04   -0.918835E+04    0.663568E+04
    3.0150    0.426372E+04   -0.912381E+04    0.669376E+04
    3.0200    0.444301E+04   -0.905610E+04    0.674955E+04
    3.0250    0.462007E+04   -0.898409E+04    0.680208E+04
    3.0300    0.479421E+04   -0.890645E+04    0.685033E+04
    3.0350    0.496503E+04   -0.882185E+04    0.689344E+04
    3.0400    0.513242E+04   -0.872933E+04    0.693087E+04
    3.0450    0.529663E+04   -0.862916E+04    0.696289E+04
    3.0500    0.545824E+04   -0.852359E+04    0.699091E+04
    3.0550    0.561816E+04   -0.841691E+04    0.701754E+04
    3.0600    0.577756E+04   -0.831406E+04    0.704581E+04
    3.0650    0.593766E+04   -0.821866E+04    0.707816E+04
    3.0700    0.609982E+04   -0.813231E+04    0.711607E+04
    3.0750    0.626536E+04   -0.805496E+04    0.716016E+04
    3.0800    0.643535E+04   -0.798556E+04    0.721045E+04
    3.0850    0.661062E+04   -0.792288E+04    0.726675E+04
    3.0900    0.679173E+04   -0.786579E+04    0.732876E+04
    3.0950    0.697885E+04   -0.781335E+04    0.739610E+04
    3.1000    0.717184E+04   -0.776483E+04    0.746833E+04
    3.1050    0.737032E+04   -0.771966E+04    0.754499E+04
    3.1100    0.757360E+04   -0.767742E+04    0.762551E+04
    3.1150    0.778088E+04   -0.763781E+04    0.770935E+04
    3.1200    0.799129E+04   -0.760060E+04    0.779594E+04
    3.1250    0.820391E+04   -0.756559E+04    0.788475E+04
    3.1300    0.841800E+04   -0.753270E+04    0.797535E+04
    3.1350    0.863282E+04   -0.750189E+04    0.806735E+04
    3.1400    0.884787E+04   -0.747314E+04    0.816050E+04
    3.1450    0.906278E+04   -0.744647E+04    0.825463E+04
    3.1500    0.927726E+04   -0.742194E+04    0.834960E+04
    3.1550    0.949111E+04   -0.739961E+04    0.844536E+04
    3.1600    0.970408E+04   -0.737951E+04    0.854180E+04
    3.1650    0.991591E+04   -0.736170E+04    0.863881E+04
    3.1700    0.101262E+05   -0.734621E+04    0.873622E+04
    3.1750    0.103344E+05   -0.733305E+04    0.883373E+04
    3.1800    0.105397E+05   -0.732222E+04    0.893096E+04
    3.1850    0.107410E+05   -0.731375E+04    0.902736E+04
    3.1900    0.109369E+05   -0.730773E+04    0.912233E+04
    3.1950    0.111259E+05   -0.730439E+04    0.921517E+04
    3.2000    0.113062E+05   -0.730422E+04    0.930522E+04
    3.2050    0.114758E+05   -0.730822E+04    0.939200E+04
    3.2100    0.116329E+05   -0.731832E+04    0.947560E+04
    3.2150    0.117765E+05   -0.733842E+04    0.955748E+04
    3.2200    0.119081E+05   -0.737678E+04    0.964242E+04
    3.2250    0.120339E+05   -0.745247E+04    0.974320E+04
    3.2300    0.121705E+05   -0.761651E+04    0.989353E+04
    3.2350    0.123493E+05   -0.804043E+04    0.101949E+05
    3.2400    0.126154E+05   -0.916192E+04    0.108886E+05
    3.2450    0.130071E+05   -0.936732E+04    0.111872E+05
    3.2500    0.136077E+05   -0.897696E+04    0.112923E+05
    3.2550    0.143920E+05   -0.854223E+04    0.114671E+05
    3.2600    0.148672E+05   -0.813441E+04    0.115008E+05
    3.2650    0.151697E+05   -0.779909E+04    0.114844E+05
    3.2700    0.153756E+05   -0.756018E+04    0.114679E+05
    3.2750    0.155156E+05   -0.741616E+04    0.114659E+05
    3.2800    0.156065E+05   -0.735061E+04    0.114785E+05
    3.2850    0.156603E+05   -0.734355E+04    0.115019E+05
    3.2900    0.156861E+05   -0.737683E+04    0.115315E+05
    3.2950    0.156906E+05   -0.743566E+04    0.115631E+05
    3.3000    0.156788E+05   -0.750843E+04    0.115936E+05
    3.3050    0.156541E+05   -0.758602E+04    0.116201E+05
    3.3100    0.156190E+05   -0.766150E+04    0.116403E+05
    3.3150    0.155754E+05   -0.772940E+04    0.116524E+05
    3.3200    0.155247E+05   -0.778559E+04    0.116551E+05
    3.3250    0.154680E+05   -0.782716E+04    0.116476E+05
    3.3300    0.154063E+05   -0.785221E+04    0.116292E+05
    3.3350    0.153403E+05   -0.785975E+04    0.116000E+05
    3.3400    0.152707E+05   -0.784960E+04    0.115601E+05
    3.3450    0.151977E+05   -0.782238E+04    0.115100E+05
    3.3500    0.151215E+05   -0.777930E+04    0.114504E+05
    3.3550    0.150420E+05   -0.772208E+04    0.113820E+05
    3.3600    0.149590E+05   -0.765296E+04    0.113060E+05
    3.3650    0.148719E+05   -0.757446E+04    0.112232E+05
    3.3700    0.147803E+05   -0.748932E+04    0.111348E+05
    3.3750    0.146835E+05   -0.740045E+04    0.110420E+05
    3.3800    0.145810E+05   -0.731069E+04    0.109458E+05
    3.3850    0.144722E+05   -0.722288E+04    0.108475E+05
    3.3900    0.143570E+05   -0.713969E+04    0.107483E+05
    3.3950    0.142352E+05   -0.706353E+04    0.106493E+05
    3.4000    0.141070E+05   -0.699649E+04    0.105517E+05
    3.4050    0.139729E+05   -0.694030E+04    0.104566E+05
    3.4100    0.138334E+05   -0.689633E+04    0.103649E+05
    3.4150    0.136895E+05   -0.686542E+04    0.102774E+05
    3.4200    0.135419E+05   -0.684800E+04    0.101949E+05
    3.4250    0.133917E+05   -0.684394E+04    0.101178E+05
    3.4300    0.132399E+05   -0.685266E+04    0.100463E+05
    3.4350    0.130875E+05   -0.687307E+04    0.998026E+04
    3.4400    0.129350E+05   -0.690368E+04    0.991935E+04
    3.4450    0.127832E+05   -0.694260E+04    0.986291E+04
    3.4500    0.126325E+05   -0.698765E+04    0.981005E+04
    3.4550    0.124828E+05   -0.703631E+04    0.975958E+04
    3.4600    0.123343E+05   -0.708621E+04    0.971024E+04
    3.4650    0.121865E+05   -0.713470E+04    0.966061E+04
    3.4700    0.120392E+05   -0.717935E+04    0.960925E+04
    3.4750    0.118916E+05   -0.721788E+04    0.955476E+04
    3.4800    0.117434E+05   -0.724831E+04    0.949584E+04
    3.4850    0.115939E+05   -0.726893E+04    0.943139E+04
    3.4900    0.114426E+05   -0.727850E+04    0.936053E+04
    3.4950    0.112891E+05   -0.727616E+04    0.928261E+04
    3.5000    0.111331E+05   -0.726151E+04    0.919732E+04
    3.5050    0.109746E+05   -0.723456E+04    0.910458E+04
    3.5100    0.108136E+05   -0.719568E+04    0.900463E+04
    3.5150    0.106503E+05   -0.714563E+04    0.889797E+04
    3.5200    0.104852E+05   -0.708545E+04    0.878532E+04
    3.5250    0.103188E+05   -0.701642E+04    0.866761E+04
    3.5300    0.101518E+05   -0.694004E+04    0.854591E+04
    3.5350    0.998497E+04   -0.685790E+04    0.842143E+04
    3.5400    0.981930E+04   -0.677167E+04    0.829549E+04
    3.5450    0.965574E+04   -0.668307E+04    0.816941E+04
    3.5500    0.949532E+04   -0.659377E+04    0.804455E+04
    3.5550    0.933908E+04   -0.650540E+04    0.792224E+04
    3.5600    0.918800E+04   -0.641951E+04    0.780375E+04
    3.5650    0.904314E+04   -0.633740E+04    0.769027E+04
    3.5700    0.890537E+04   -0.626029E+04    0.758283E+04
    3.5750    0.877551E+04   -0.618917E+04    0.748234E+04
    3.5800    0.865420E+04   -0.612481E+04    0.738951E+04
    3.5850    0.854209E+04   -0.606765E+04    0.730487E+04
    3.5900    0.843955E+04   -0.601792E+04    0.722874E+04
    3.5950    0.834683E+04   -0.597560E+04    0.716121E+04
    3.6000    0.826407E+04   -0.594035E+04    0.710221E+04
    3.6050    0.819130E+04   -0.591163E+04    0.705147E+04
    3.6100    0.812845E+04   -0.588868E+04    0.700856E+04
    3.6150    0.807541E+04   -0.587055E+04    0.697298E+04
    3.6200    0.803211E+04   -0.585616E+04    0.694414E+04
    3.6250    0.799829E+04   -0.584442E+04    0.692135E+04
    3.6300    0.797401E+04   -0.583412E+04    0.690407E+04
    3.6350    0.795923E+04   -0.582413E+04    0.689168E+04
    3.6400    0.795404E+04   -0.581342E+04    0.688373E+04
    3.6450    0.795846E+04   -0.580110E+04    0.687978E+04
    3.6500    0.797268E+04   -0.578640E+04    0.687954E+04
    3.6550    0.799680E+04   -0.576880E+04    0.688280E+04
    3.6600    0.803093E+04   -0.574795E+04    0.688944E+04
    3.6650    0.807497E+04   -0.572383E+04    0.689940E+04
    3.6700    0.812879E+04   -0.569656E+04    0.691268E+04
    3.6750    0.819203E+04   -0.566653E+04    0.692928E+04
    3.6800    0.826415E+04   -0.563430E+04    0.694922E+04
    3.6850    0.834438E+04   -0.560057E+04    0.697247E+04
    3.6900    0.843177E+04   -0.556617E+04    0.699897E+04
    3.6950    0.852520E+04   -0.553198E+04    0.702859E+04
    3.7000    0.862344E+04   -0.549888E+04    0.706116E+04
    3.7050    0.872522E+04   -0.546772E+04    0.709647E+04
    3.7100    0.882926E+04   -0.543930E+04    0.713428E+04
    3.7150    0.893447E+04   -0.541427E+04    0.717437E+04
    3.7200    0.903982E+04   -0.539323E+04    0.721653E+04
    3.7250    0.914453E+04   -0.537665E+04    0.726059E+04
    3.7300    0.924803E+04   -0.536491E+04    0.730647E+04
    3.7350    0.935000E+04   -0.535830E+04    0.735415E+04
    3.7400    0.945036E+04   -0.535703E+04    0.740370E+04
    3.7450    0.954916E+04   -0.536130E+04    0.745523E+04
    3.7500    0.964654E+04   -0.537125E+04    0.750890E+04
    3.7550    0.974271E+04   -0.538703E+04    0.756487E+04
    3.7600    0.983782E+04   -0.540875E+04    0.762328E+04
    3.7650    0.993189E+04   -0.543649E+04    0.768419E+04
    3.7700    0.100248E+05   -0.547032E+04    0.774757E+04
    3.7750    0.101163E+05   -0.551023E+04    0.781326E+04
    3.7800    0.102058E+05   -0.555613E+04    0.788098E+04
    3.7850    0.102928E+05   -0.560783E+04    0.795032E+04
    3.7900    0.103764E+05   -0.566503E+04    0.802074E+04
    3.7950    0.104560E+05   -0.572736E+04    0.809166E+04
    3.8000    0.105306E+05   -0.579427E+04    0.816245E+04
    3.8050    0.105998E+05   -0.586514E+04    0.823248E+04
    3.8100    0.106632E+05   -0.593928E+04    0.830122E+04
    3.8150    0.107205E+05   -0.601598E+04    0.836822E+04
    3.8200    0.107719E+05   -0.609452E+04    0.843319E+04
    3.8250    0.108178E+05   -0.617425E+04    0.849600E+04
    3.8300    0.108587E+05   -0.625467E+04    0.855670E+04
    3.8350    0.108955E+05   -0.633551E+04    0.861548E+04
    3.8400    0.109285E+05   -0.641686E+04    0.867270E+04
    3.8450    0.109576E+05   -0.649997E+04    0.872881E+04
    3.8500    0.109790E+05   -0.659007E+04    0.878451E+04
    3.8550    0.109618E+05   -0.672219E+04    0.884200E+04
    3.8600    0.109349E+05   -0.687769E+04    0.890629E+04
    3.8650    0.110149E+05   -0.692920E+04    0.897204E+04
    3.8700    0.110999E+05   -0.697335E+04    0.903664E+04
    3.8750    0.111827E+05   -0.701884E+04    0.910075E+04
    3.8800    0.112624E+05   -0.706691E+04    0.916466E+04
    3.8850    0.113391E+05   -0.711788E+04    0.922850E+04
    3.8900    0.114127E+05   -0.717179E+04    0.929224E+04
    3.8950    0.114830E+05   -0.722860E+04    0.935580E+04
    3.9000    0.115501E+05   -0.728810E+04    0.941909E+04
    3.9050    0.116141E+05   -0.735004E+04    0.948205E+04
    3.9100    0.116753E+05   -0.741403E+04    0.954466E+04
    3.9150    0.117343E+05   -0.747961E+04    0.960696E+04
    3.9200    0.117919E+05   -0.754631E+04    0.966910E+04
    3.9250    0.118489E+05   -0.761358E+04    0.973123E+04
    3.9300    0.119062E+05   -0.768089E+04    0.979356E+04
    3.9350    0.119648E+05   -0.774770E+04    0.985627E+04
    3.9400    0.120255E+05   -0.781348E+04    0.991950E+04
    3.9450    0.120889E+05   -0.787775E+04    0.998331E+04
    3.9500    0.121552E+05   -0.794006E+04    0.100476E+05
    3.9550    0.122245E+05   -0.799997E+04    0.101122E+05
    3.9600    0.122965E+05   -0.805713E+04    0.101768E+05
    3.9650    0.123704E+05   -0.811119E+04    0.102408E+05
    3.9700    0.124455E+05   -0.816184E+04    0.103037E+05
    3.9750    0.125206E+05   -0.820881E+04    0.103647E+05
    3.9800    0.125945E+05   -0.825188E+04    0.104232E+05
    3.9850    0.126659E+05   -0.829084E+04    0.104783E+05
    3.9900    0.127336E+05   -0.832553E+04    0.105295E+05
    3.9950    0.127966E+05   -0.835583E+04    0.105762E+05
    4.0000    0.128541E+05   -0.838162E+04    0.106178E+05
    4.0050    0.129054E+05   -0.840292E+04    0.106542E+05
    4.0100    0.129502E+05   -0.841975E+04    0.106850E+05
    4.0150    0.129885E+05   -0.843223E+04    0.107104E+05
    4.0200    0.130202E+05   -0.844056E+04    0.107304E+05
    4.0250    0.130458E+05   -0.844502E+04    0.107454E+05
    4.0300    0.130656E+05   -0.844589E+04    0.107557E+05
    4.0350    0.130801E+05   -0.844355E+04    0.107618E+05
    4.0400    0.130897E+05   -0.843843E+04    0.107641E+05
    4.0450    0.130949E+05   -0.843091E+04    0.107629E+05
    4.0500    0.130961E+05   -0.842139E+04    0.107587E+05
    4.0550    0.130935E+05   -0.841027E+04    0.107519E+05
    4.0600    0.130874E+05   -0.839793E+04    0.107427E+05
    4.0650    0.130779E+05   -0.838471E+04    0.107313E+05
    4.0700    0.130650E+05   -0.837101E+04    0.107180E+05
    4.0750    0.130489E+05   -0.835722E+04    0.107031E+05
    4.0800    0.130297E+05   -0.834381E+04    0.106868E+05
    4.0850    0.130074E+05   -0.833135E+04    0.106694E+05
    4.0900    0.129823E+05   -0.832051E+04    0.106514E+05
    4.0950    0.129544E+05   -0.831205E+04    0.106332E+05
    4.1000    0.129241E+05   -0.830682E+04    0.106155E+05
    4.1050    0.128915E+05   -0.830556E+04    0.105985E+05
    4.1100    0.128569E+05   -0.830889E+04    0.105829E+05
    4.1150    0.128204E+05   -0.831674E+04    0.105686E+05
    4.1200    0.127821E+05   -0.832838E+04    0.105552E+05
    4.1250    0.127419E+05   -0.834234E+04    0.105421E+05
    4.1300    0.127000E+05   -0.835669E+04    0.105283E+05
    4.1350    0.126559E+05   -0.836968E+04    0.105128E+05
    4.1400    0.126096E+05   -0.838013E+04    0.104949E+05
    4.1450    0.125607E+05   -0.838809E+04    0.104744E+05
    4.1500    0.125090E+05   -0.839401E+04    0.104515E+05
    4.1550    0.124542E+05   -0.839901E+04    0.104266E+05
    4.1600    0.123964E+05   -0.840450E+04    0.104004E+05
    4.1650    0.123355E+05   -0.841186E+04    0.103737E+05
    4.1700    0.122717E+05   -0.842226E+04    0.103470E+05
    4.1750    0.122056E+05   -0.843667E+04    0.103211E+05
    4.1800    0.121375E+05   -0.845578E+04    0.102966E+05
    4.1850    0.120683E+05   -0.847998E+04    0.102742E+05
    4.1900    0.119989E+05   -0.850950E+04    0.102542E+05
    4.1950    0.119300E+05   -0.854422E+04    0.102371E+05
    4.2000    0.118625E+05   -0.858394E+04    0.102232E+05
    4.2050    0.117974E+05   -0.862817E+04    0.102128E+05
    4.2100    0.117354E+05   -0.867638E+04    0.102059E+05
    4.2150    0.116770E+05   -0.872786E+04    0.102024E+05
    4.2200    0.116227E+05   -0.878187E+04    0.102023E+05
    4.2250    0.115727E+05   -0.883762E+04    0.102052E+05
    4.2300    0.115272E+05   -0.889429E+04    0.102107E+05
    4.2350    0.114860E+05   -0.895111E+04    0.102186E+05
    4.2400    0.114491E+05   -0.900733E+04    0.102282E+05
    4.2450    0.114164E+05   -0.906225E+04    0.102393E+05
    4.2500    0.113876E+05   -0.911528E+04    0.102514E+05
    4.2550    0.113626E+05   -0.916591E+04    0.102643E+05
    4.2600    0.113414E+05   -0.921373E+04    0.102776E+05
    4.2650    0.113241E+05   -0.925844E+04    0.102913E+05
    4.2700    0.113108E+05   -0.929988E+04    0.103053E+05
    4.2750    0.113016E+05   -0.933799E+04    0.103198E+05
    4.2800    0.112970E+05   -0.937282E+04    0.103349E+05
    4.2850    0.112973E+05   -0.940454E+04    0.103509E+05
    4.2900    0.113027E+05   -0.943337E+04    0.103680E+05
    4.2950    0.113136E+05   -0.945956E+04    0.103866E+05
    4.3000    0.113301E+05   -0.948342E+04    0.104068E+05
    4.3050    0.113525E+05   -0.950519E+04    0.104289E+05
    4.3100    0.113807E+05   -0.952507E+04    0.104529E+05
    4.3150    0.114146E+05   -0.954315E+04    0.104789E+05
    4.3200    0.114540E+05   -0.955939E+04    0.105067E+05
    4.3250    0.114984E+05   -0.957358E+04    0.105360E+05
    4.3300    0.115476E+05   -0.958547E+04    0.105665E+05
    4.3350    0.116009E+05   -0.959455E+04    0.105977E+05
    4.3400    0.116578E+05   -0.960050E+04    0.106291E+05
    4.3450    0.117176E+05   -0.960314E+04    0.106604E+05
    4.3500    0.117798E+05   -0.960259E+04    0.106912E+05
    4.3550    0.118435E+05   -0.959962E+04    0.107216E+05
    4.3600    0.119082E+05   -0.959530E+04    0.107517E+05
    4.3650    0.119730E+05   -0.959113E+04    0.107821E+05
    4.3700    0.120374E+05   -0.958864E+04    0.108130E+05
    4.3750    0.121005E+05   -0.958904E+04    0.108448E+05
    4.3800    0.121616E+05   -0.959292E+04    0.108773E+05
    4.3850    0.122200E+05   -0.960023E+04    0.109101E+05
    4.3900    0.122749E+05   -0.961018E+04    0.109425E+05
    4.3950    0.123258E+05   -0.962143E+04    0.109736E+05
    4.4000    0.123719E+05   -0.963227E+04    0.110021E+05
    4.4050    0.124127E+05   -0.964034E+04    0.110265E+05
    4.4100    0.124478E+05   -0.964304E+04    0.110454E+05
    4.4150    0.124768E+05   -0.963744E+04    0.110571E+05
    4.4200    0.124995E+05   -0.962097E+04    0.110602E+05
    4.4250    0.125157E+05   -0.959226E+04    0.110540E+05
    4.4300    0.125255E+05   -0.955269E+04    0.110391E+05
    4.4350    0.125290E+05   -0.950645E+04    0.110177E+05
    4.4400    0.125262E+05   -0.945908E+04    0.109926E+05
    4.4450    0.125174E+05   -0.941500E+04    0.109662E+05
    4.4500    0.125029E+05   -0.937635E+04    0.109396E+05
    4.4550    0.124828E+05   -0.934326E+04    0.109130E+05
    4.4600    0.124574E+05   -0.931488E+04    0.108861E+05
    4.4650    0.124266E+05   -0.928991E+04    0.108583E+05
    4.4700    0.123907E+05   -0.926718E+04    0.108289E+05
    4.4750    0.123495E+05   -0.924568E+04    0.107976E+05
    4.4800    0.123029E+05   -0.922458E+04    0.107637E+05
    4.4850    0.122508E+05   -0.920326E+04    0.107270E+05
    4.4900    0.121930E+05   -0.918125E+04    0.106871E+05
    4.4950    0.121294E+05   -0.915822E+04    0.106438E+05
    4.5000    0.120598E+05   -0.913391E+04    0.105969E+05
    4.5050    0.119842E+05   -0.910819E+04    0.105462E+05
    4.5100    0.119027E+05   -0.908096E+04    0.104918E+05
    4.5150    0.118155E+05   -0.905219E+04    0.104338E+05
    4.5200    0.117228E+05   -0.902189E+04    0.103724E+05
    4.5250    0.116252E+05   -0.899013E+04    0.103077E+05
    4.5300    0.115232E+05   -0.895696E+04    0.102401E+05
    4.5350    0.114174E+05   -0.892249E+04    0.101700E+05
    4.5400    0.113086E+05   -0.888682E+04    0.100977E+05
    4.5450    0.111975E+05   -0.885008E+04    0.100238E+05
    4.5500    0.110849E+05   -0.881237E+04    0.994862E+04
    4.5550    0.109713E+05   -0.877383E+04    0.987256E+04
    4.5600    0.108574E+05   -0.873459E+04    0.979601E+04
    4.5650    0.107438E+05   -0.869481E+04    0.971929E+04
    4.5700    0.106307E+05   -0.865462E+04    0.964268E+04
    4.5750    0.105186E+05   -0.861421E+04    0.956642E+04
    4.5800    0.104076E+05   -0.857376E+04    0.949068E+04
    4.5850    0.102977E+05   -0.853349E+04    0.941559E+04
    4.5900    0.101889E+05   -0.849362E+04    0.934128E+04
    4.5950    0.100812E+05   -0.845438E+04    0.926780E+04
    4.6000    0.997436E+04   -0.841601E+04    0.919519E+04
    4.6050    0.986818E+04   -0.837878E+04    0.912348E+04
    4.6100    0.976245E+04   -0.834290E+04    0.905267E+04
    4.6150    0.965694E+04   -0.830857E+04    0.898276E+04
    4.6200    0.955140E+04   -0.827601E+04    0.891371E+04
    4.6250    0.944563E+04   -0.824535E+04    0.884549E+04
    4.6300    0.933944E+04   -0.821673E+04    0.877809E+04
    4.6350    0.923268E+04   -0.819024E+04    0.871146E+04
    4.6400    0.912526E+04   -0.816593E+04    0.864560E+04
    4.6450    0.901718E+04   -0.814381E+04    0.858049E+04
    4.6500    0.890846E+04   -0.812386E+04    0.851616E+04
    4.6550    0.879923E+04   -0.810606E+04    0.845264E+04
    4.6600    0.868972E+04   -0.809031E+04    0.839001E+04
    4.6650    0.858022E+04   -0.807654E+04    0.832838E+04
    4.6700    0.847108E+04   -0.806465E+04    0.826786E+04
    4.6750    0.836273E+04   -0.805455E+04    0.820864E+04
    4.6800    0.825546E+04   -0.804617E+04    0.815082E+04
    4.6850    0.814969E+04   -0.803946E+04    0.809457E+04
    4.6900    0.804569E+04   -0.803436E+04    0.804003E+04
    4.6950    0.794365E+04   -0.803086E+04    0.798726E+04
    4.7000    0.784357E+04   -0.802899E+04    0.793628E+04
    4.7050    0.774532E+04   -0.802877E+04    0.788704E+04
    4.7100    0.764855E+04   -0.803024E+04    0.783940E+04
    4.7150    0.755277E+04   -0.803345E+04    0.779311E+04
    4.7200    0.745725E+04   -0.803844E+04    0.774785E+04
    4.7250    0.736121E+04   -0.804522E+04    0.770321E+04
    4.7300    0.726377E+04   -0.805375E+04    0.765876E+04
    4.7350    0.716402E+04   -0.806396E+04    0.761399E+04
    4.7400    0.706111E+04   -0.807574E+04    0.756843E+04
    4.7450    0.695435E+04   -0.808888E+04    0.752162E+04
    4.7500    0.684316E+04   -0.810317E+04    0.747316E+04
    4.7550    0.672718E+04   -0.811834E+04    0.742276E+04
    4.7600    0.660630E+04   -0.813413E+04    0.737022E+04
    4.7650    0.648062E+04   -0.815027E+04    0.731545E+04
    4.7700    0.635044E+04   -0.816651E+04    0.725847E+04
    4.7750    0.621625E+04   -0.818265E+04    0.719945E+04
    4.7800    0.607862E+04   -0.819858E+04    0.713860E+04
    4.7850    0.593801E+04   -0.821427E+04    0.707614E+04
    4.7900    0.579518E+04   -0.822971E+04    0.701244E+04
    4.7950    0.565039E+04   -0.824501E+04    0.694770E+04
    4.8000    0.550394E+04   -0.826031E+04    0.688213E+04
    4.8050    0.535589E+04   -0.827581E+04    0.681585E+04
    4.8100    0.520608E+04   -0.829170E+04    0.674889E+04
    4.8150    0.505421E+04   -0.830816E+04    0.668118E+04
    4.8200    0.489974E+04   -0.832531E+04    0.661252E+04
    4.8250    0.474222E+04   -0.834322E+04    0.654272E+04
    4.8300    0.458101E+04   -0.836189E+04    0.647145E+04
    4.8350    0.441572E+04   -0.838119E+04    0.639845E+04
    4.8400    0.424599E+04   -0.840094E+04    0.632347E+04
    4.8450    0.407155E+04   -0.842088E+04    0.624621E+04
    4.8500    0.389260E+04   -0.844067E+04    0.616663E+04
    4.8550    0.370950E+04   -0.845992E+04    0.608471E+04
    4.8600    0.352292E+04   -0.847826E+04    0.600059E+04
    4.8650    0.333359E+04   -0.849530E+04    0.591445E+04
    4.8700    0.314243E+04   -0.851071E+04    0.582657E+04
    4.8750    0.295043E+04   -0.852419E+04    0.573731E+04
    4.8800    0.275843E+04   -0.853551E+04    0.564697E+04
    4.8850    0.256726E+04   -0.854452E+04    0.555589E+04
    4.8900    0.237757E+04   -0.855111E+04    0.546434E+04
    4.8950    0.218959E+04   -0.855525E+04    0.537242E+04
    4.9000    0.200346E+04   -0.855695E+04    0.528020E+04
    4.9050    0.181896E+04   -0.855624E+04    0.518760E+04
    4.9100    0.163560E+04   -0.855316E+04    0.509438E+04
    4.9150    0.145290E+04   -0.854777E+04    0.500034E+04
    4.9200    0.127008E+04   -0.854008E+04    0.490508E+04
    4.9250    0.108638E+04   -0.853011E+04    0.480824E+04
    4.9300    0.901183E+03   -0.851781E+04    0.470950E+04
    4.9350    0.713990E+03   -0.850316E+04    0.460857E+04
    4.9400    0.524422E+03   -0.848606E+04    0.450524E+04
    4.9450    0.332574E+03   -0.846645E+04    0.439951E+04
    4.9500    0.138374E+03   -0.844424E+04    0.429131E+04
    4.9550   -0.575962E+02   -0.841938E+04    0.418089E+04
    4.9600   -0.254913E+03   -0.839182E+04    0.406846E+04
    4.9650   -0.452703E+03   -0.836157E+04    0.395443E+04
    4.9700   -0.650317E+03   -0.832865E+04    0.383917E+04
    4.9750   -0.847006E+03   -0.829316E+04    0.372307E+04
    4.9800   -0.104203E+04   -0.825518E+04    0.360658E+04
    4.9850   -0.123494E+04   -0.821487E+04    0.348996E+04
    4.9900   -0.142536E+04   -0.817237E+04    0.337351E+04
    4.9950   -0.161297E+04   -0.812783E+04    0.325743E+04
    5.0000   -0.179760E+04   -0.808135E+04    0.314187E+04
    5.0050   -0.197931E+04   -0.803304E+04    0.302686E+04
    5.0100   -0.215800E+04   -0.798292E+04    0.291246E+04
    5.0150   -0.233379E+04   -0.793099E+04    0.279860E+04
    5.0200   -0.250652E+04   -0.787719E+04    0.268533E+04
    5.0250   -0.267615E+04   -0.782140E+04    0.257262E+04
    5.0300   -0.284244E+04   -0.776348E+04    0.246052E+04
    5.0350   -0.300502E+04   -0.770329E+04    0.234913E+04
    5.0400   -0.316338E+04   -0.764065E+04    0.223863E+04
    5.0450   -0.331711E+04   -0.757544E+04    0.212917E+04
    5.0500   -0.346559E+04   -0.750759E+04    0.202100E+04
    5.0550   -0.360828E+04   -0.743707E+04    0.191439E+04
    5.0600   -0.374471E+04   -0.736393E+04    0.180961E+04
    5.0650   -0.387446E+04   -0.728832E+04    0.170693E+04
    5.0700   -0.399734E+04   -0.721045E+04    0.160656E+04
    5.0750   -0.411312E+04   -0.713059E+04    0.150873E+04
    5.0800   -0.422176E+04   -0.704906E+04    0.141365E+04
    5.0850   -0.432329E+04   -0.696619E+04    0.132145E+04
    5.0900   -0.441793E+04   -0.688233E+04    0.123220E+04
    5.0950   -0.450592E+04   -0.679779E+04    0.114594E+04
    5.1000   -0.458763E+04   -0.671285E+04    0.106261E+04
    5.1050   -0.466352E+04   -0.662771E+04    0.982098E+03
    5.1100   -0.473406E+04   -0.654253E+04    0.904237E+03
    5.1150   -0.479968E+04   -0.645737E+04    0.828848E+03
    5.1200   -0.486092E+04   -0.637226E+04    0.755671E+03
    5.1250   -0.491822E+04   -0.628718E+04    0.684476E+03
    5.1300   -0.497196E+04   -0.620205E+04    0.615042E+03
    5.1350   -0.502225E+04   -0.611679E+04    0.547266E+03
    5.1400   -0.506923E+04   -0.603134E+04    0.481052E+03
    5.1450   -0.511287E+04   -0.594563E+04    0.416382E+03
    5.1500   -0.515297E+04   -0.585963E+04    0.353329E+03
    5.1550   -0.518950E+04   -0.577333E+04    0.291915E+03
    5.1600   -0.522226E+04   -0.568676E+04    0.232251E+03
    5.1650   -0.525119E+04   -0.559997E+04    0.174386E+03
    5.1700   -0.527641E+04   -0.551301E+04    0.118299E+03
    5.1750   -0.529816E+04   -0.542597E+04    0.639049E+02
    5.1800   -0.531697E+04   -0.533891E+04    0.109707E+02
    5.1850   -0.533343E+04   -0.525190E+04   -0.407649E+02
    5.1900   -0.534826E+04   -0.516496E+04   -0.916482E+02
    5.1950   -0.536224E+04   -0.507813E+04   -0.142057E+03
    5.2000   -0.537612E+04   -0.499140E+04   -0.192359E+03
    5.2050   -0.539052E+04   -0.490477E+04   -0.242870E+03
    5.2100   -0.540586E+04   -0.481824E+04   -0.293810E+03
    5.2150   -0.542233E+04   -0.473180E+04   -0.345262E+03
    5.2200   -0.543990E+04   -0.464550E+04   -0.397203E+03
    5.2250   -0.545821E+04   -0.455938E+04   -0.449411E+03
    5.2300   -0.547666E+04   -0.447357E+04   -0.501544E+03
    5.2350   -0.549444E+04   -0.438819E+04   -0.553124E+03
    5.2400   -0.551072E+04   -0.430349E+04   -0.603616E+03
    5.2450   -0.552456E+04   -0.421967E+04   -0.652445E+03
    5.2500   -0.553510E+04   -0.413709E+04   -0.699008E+03
    5.2550   -0.554164E+04   -0.405599E+04   -0.742827E+03
    5.2600   -0.554370E+04   -0.397672E+04   -0.783493E+03
