    0.0000   -0.251409E-08    0.000000E+00   -0.125705E-08
    0.0050    0.133645E+04    0.136033E+03    0.600210E+03
    0.0100    0.133987E+04   -0.746091E+02    0.707238E+03
    0.0150    0.131305E+04   -0.265491E+03    0.789270E+03
    0.0200    0.126654E+04   -0.433011E+03    0.849774E+03
    0.0250    0.120516E+04   -0.573208E+03    0.889184E+03
    0.0300    0.113127E+04   -0.683573E+03    0.907424E+03
    0.0350    0.104797E+04   -0.764664E+03    0.906316E+03
    0.0400    0.960284E+03   -0.820504E+03    0.890394E+03
    0.0450    0.874360E+03   -0.857468E+03    0.865914E+03
    0.0500    0.795571E+03   -0.882163E+03    0.838867E+03
    0.0550    0.727011E+03   -0.899389E+03    0.813200E+03
    0.0600    0.669157E+03   -0.911101E+03    0.790129E+03
    0.0650    0.620731E+03   -0.916731E+03    0.768731E+03
    0.0700    0.580103E+03   -0.914588E+03    0.747346E+03
    0.0750    0.549255E+03   -0.901896E+03    0.725576E+03
    0.0800    0.533483E+03   -0.876228E+03    0.704856E+03
    0.0850    0.524004E+03   -0.845242E+03    0.684623E+03
    0.0900    0.523218E+03   -0.812271E+03    0.667744E+03
    0.0950    0.532819E+03   -0.780600E+03    0.656709E+03
    0.1000    0.553370E+03   -0.752503E+03    0.652937E+03
    0.1050    0.584245E+03   -0.728782E+03    0.656514E+03
    0.1100    0.623861E+03   -0.708852E+03    0.666356E+03
    0.1150    0.670040E+03   -0.691230E+03    0.680635E+03
    0.1200    0.720373E+03   -0.674178E+03    0.697276E+03
    0.1250    0.772511E+03   -0.656285E+03    0.714398E+03
    0.1300    0.824370E+03   -0.636881E+03    0.730625E+03
    0.1350    0.874272E+03   -0.616187E+03    0.745230E+03
    0.1400    0.921020E+03   -0.595221E+03    0.758121E+03
    0.1450    0.963909E+03   -0.575473E+03    0.769691E+03
    0.1500    0.100269E+04   -0.558454E+03    0.780570E+03
    0.1550    0.103748E+04   -0.545244E+03    0.791364E+03
    0.1600    0.106873E+04   -0.536198E+03    0.802463E+03
    0.1650    0.109705E+04   -0.530896E+03    0.813972E+03
    0.1700    0.112321E+04   -0.528365E+03    0.825787E+03
    0.1750    0.114804E+04   -0.527472E+03    0.837757E+03
    0.1800    0.117238E+04   -0.527347E+03    0.849863E+03
    0.1850    0.119698E+04   -0.527673E+03    0.862326E+03
    0.1900    0.122247E+04   -0.528735E+03    0.875602E+03
    0.1950    0.124928E+04   -0.531231E+03    0.890258E+03
    0.2000    0.127765E+04   -0.535906E+03    0.906778E+03
    0.2050    0.130758E+04   -0.543168E+03    0.925373E+03
    0.2100    0.133889E+04   -0.552807E+03    0.945849E+03
    0.2150    0.137125E+04   -0.563932E+03    0.967592E+03
    0.2200    0.140422E+04   -0.575109E+03    0.989664E+03
    0.2250    0.143729E+04   -0.584690E+03    0.101099E+04
    0.2300    0.146996E+04   -0.591185E+03    0.103057E+04
    0.2350    0.150178E+04   -0.593592E+03    0.104769E+04
    0.2400    0.153236E+04   -0.591572E+03    0.106197E+04
    0.2450    0.156139E+04   -0.585439E+03    0.107342E+04
    0.2500    0.158863E+04   -0.575980E+03    0.108230E+04
    0.2550    0.161385E+04   -0.564166E+03    0.108901E+04
    0.2600    0.163976E+04   -0.554006E+03    0.109688E+04
    0.2650    0.166751E+04   -0.548590E+03    0.110805E+04
    0.2700    0.169134E+04   -0.542680E+03    0.111701E+04
    0.2750    0.171176E+04   -0.536074E+03    0.112392E+04
    0.2800    0.172919E+04   -0.528500E+03    0.112884E+04
    0.2850    0.174395E+04   -0.519804E+03    0.113188E+04
    0.2900    0.175638E+04   -0.510061E+03    0.113322E+04
    0.2950    0.176677E+04   -0.499582E+03    0.113317E+04
    0.3000    0.177540E+04   -0.488813E+03    0.113211E+04
    0.3050    0.178254E+04   -0.478403E+03    0.113047E+04
    0.3100    0.178845E+04   -0.468250E+03    0.112835E+04
    0.3150    0.179332E+04   -0.458669E+03    0.112599E+04
    0.3200    0.179730E+04   -0.449576E+03    0.112344E+04
    0.3250    0.180050E+04   -0.440791E+03    0.112064E+04
    0.3300    0.180297E+04   -0.432192E+03    0.111758E+04
    0.3350    0.180474E+04   -0.423847E+03    0.111429E+04
    0.3400    0.180580E+04   -0.416075E+03    0.111094E+04
    0.3450    0.180613E+04   -0.409434E+03    0.110778E+04
    0.3500    0.180574E+04   -0.404612E+03    0.110517E+04
    0.3550    0.180465E+04   -0.402277E+03    0.110346E+04
    0.3600    0.180296E+04   -0.402918E+03    0.110294E+04
    0.3650    0.180081E+04   -0.406738E+03    0.110377E+04
    0.3700    0.179838E+04   -0.413614E+03    0.110600E+04
    0.3750    0.179588E+04   -0.423136E+03    0.110951E+04
    0.3800    0.179355E+04   -0.434703E+03    0.111413E+04
    0.3850    0.179160E+04   -0.447641E+03    0.111962E+04
    0.3900    0.179017E+04   -0.461307E+03    0.112574E+04
    0.3950    0.178936E+04   -0.475148E+03    0.113225E+04
    0.4000    0.178915E+04   -0.488699E+03    0.113893E+04
    0.4050    0.178944E+04   -0.501547E+03    0.114549E+04
    0.4100    0.178998E+04   -0.513260E+03    0.115162E+04
    0.4150    0.179045E+04   -0.523347E+03    0.115690E+04
    0.4200    0.179045E+04   -0.531239E+03    0.116084E+04
    0.4250    0.178953E+04   -0.536337E+03    0.116293E+04
    0.4300    0.178723E+04   -0.538079E+03    0.116265E+04
    0.4350    0.178314E+04   -0.536042E+03    0.115959E+04
    0.4400    0.177693E+04   -0.530007E+03    0.115347E+04
    0.4450    0.177101E+04   -0.526114E+03    0.114856E+04
    0.4500    0.176477E+04   -0.524257E+03    0.114452E+04
    0.4550    0.175533E+04   -0.518080E+03    0.113670E+04
    0.4600    0.174335E+04   -0.507875E+03    0.112561E+04
    0.4650    0.172951E+04   -0.493993E+03    0.111175E+04
    0.4700    0.171443E+04   -0.476785E+03    0.109561E+04
    0.4750    0.169863E+04   -0.456664E+03    0.107765E+04
    0.4800    0.168268E+04   -0.433968E+03    0.105833E+04
    0.4850    0.166699E+04   -0.409139E+03    0.103807E+04
    0.4900    0.165187E+04   -0.382671E+03    0.101727E+04
    0.4950    0.163751E+04   -0.355132E+03    0.996323E+03
    0.5000    0.162400E+04   -0.327145E+03    0.975573E+03
    0.5050    0.161129E+04   -0.299350E+03    0.955322E+03
    0.5100    0.159927E+04   -0.272348E+03    0.935808E+03
    0.5150    0.158774E+04   -0.246658E+03    0.917198E+03
    0.5200    0.157648E+04   -0.222680E+03    0.899582E+03
    0.5250    0.156529E+04   -0.200677E+03    0.882984E+03
    0.5300    0.155396E+04   -0.180777E+03    0.867371E+03
    0.5350    0.154237E+04   -0.162989E+03    0.852678E+03
    0.5400    0.153043E+04   -0.147213E+03    0.838823E+03
    0.5450    0.151817E+04   -0.133255E+03    0.825711E+03
    0.5500    0.150565E+04   -0.120827E+03    0.813238E+03
    0.5550    0.149301E+04   -0.109548E+03    0.801278E+03
    0.5600    0.148039E+04   -0.989433E+02    0.789668E+03
    0.5650    0.146795E+04   -0.884549E+02    0.778204E+03
    0.5700    0.145581E+04   -0.774727E+02    0.766640E+03
    0.5750    0.144402E+04   -0.653815E+02    0.754702E+03
    0.5800    0.143260E+04   -0.516176E+02    0.742107E+03
    0.5850    0.142144E+04   -0.357261E+02    0.728582E+03
    0.5900    0.141036E+04   -0.174077E+02    0.713886E+03
    0.5950    0.139911E+04    0.345928E+01    0.697825E+03
    0.6000    0.138735E+04    0.268182E+02    0.680265E+03
    0.6050    0.137471E+04    0.524603E+02    0.661127E+03
    0.6100    0.136084E+04    0.800669E+02    0.640387E+03
    0.6150    0.134539E+04    0.109246E+03    0.618071E+03
    0.6200    0.132808E+04    0.139586E+03    0.594246E+03
    0.6250    0.130871E+04    0.170672E+03    0.569020E+03
    0.6300    0.128939E+04    0.197583E+03    0.545901E+03
    0.6350    0.126888E+04    0.222151E+03    0.523366E+03
    0.6400    0.124616E+04    0.247121E+03    0.499521E+03
    0.6450    0.122195E+04    0.272338E+03    0.474808E+03
    0.6500    0.119695E+04    0.297633E+03    0.449656E+03
    0.6550    0.117178E+04    0.322825E+03    0.424478E+03
    0.6600    0.114705E+04    0.347725E+03    0.399664E+03
    0.6650    0.112328E+04    0.372139E+03    0.375569E+03
    0.6700    0.110089E+04    0.395872E+03    0.352508E+03
    0.6750    0.108021E+04    0.418725E+03    0.330741E+03
    0.6800    0.106142E+04    0.440490E+03    0.310463E+03
    0.6850    0.104456E+04    0.460956E+03    0.291804E+03
    0.6900    0.102954E+04    0.479908E+03    0.274818E+03
    0.6950    0.101612E+04    0.497143E+03    0.259488E+03
    0.7000    0.100393E+04    0.512493E+03    0.245720E+03
    0.7050    0.992553E+03    0.525842E+03    0.233356E+03
    0.7100    0.981488E+03    0.537151E+03    0.222169E+03
    0.7150    0.970239E+03    0.546471E+03    0.211884E+03
    0.7200    0.958327E+03    0.553943E+03    0.202192E+03
    0.7250    0.945342E+03    0.559790E+03    0.192776E+03
    0.7300    0.930976E+03    0.564293E+03    0.183341E+03
    0.7350    0.915041E+03    0.567767E+03    0.173637E+03
    0.7400    0.897492E+03    0.570534E+03    0.163479E+03
    0.7450    0.878424E+03    0.572904E+03    0.152760E+03
    0.7500    0.858051E+03    0.575143E+03    0.141454E+03
    0.7550    0.836696E+03    0.577480E+03    0.129608E+03
    0.7600    0.814754E+03    0.580092E+03    0.117331E+03
    0.7650    0.792660E+03    0.583092E+03    0.104784E+03
    0.7700    0.770851E+03    0.586541E+03    0.921550E+02
    0.7750    0.749724E+03    0.590435E+03    0.796449E+02
    0.7800    0.729600E+03    0.594703E+03    0.674485E+02
    0.7850    0.710693E+03    0.599219E+03    0.557369E+02
    0.7900    0.693101E+03    0.603813E+03    0.446442E+02
    0.7950    0.676793E+03    0.608285E+03    0.342540E+02
    0.8000    0.661616E+03    0.612435E+03    0.245906E+02
    0.8050    0.647313E+03    0.616092E+03    0.156105E+02
    0.8100    0.633535E+03    0.619133E+03    0.720071E+01
    0.8150    0.620732E+03    0.618093E+03    0.131952E+01
    0.8200    0.607756E+03    0.615494E+03   -0.386892E+01
    0.8250    0.594277E+03    0.612795E+03   -0.925891E+01
    0.8300    0.580306E+03    0.610295E+03   -0.149941E+02
    0.8350    0.565784E+03    0.608282E+03   -0.212489E+02
    0.8400    0.550627E+03    0.607004E+03   -0.281887E+02
    0.8450    0.534762E+03    0.606644E+03   -0.359408E+02
    0.8500    0.518148E+03    0.607283E+03   -0.445679E+02
    0.8550    0.500809E+03    0.608935E+03   -0.540631E+02
    0.8600    0.482834E+03    0.611521E+03   -0.643437E+02
    0.8650    0.464370E+03    0.614874E+03   -0.752520E+02
    0.8700    0.445635E+03    0.618780E+03   -0.865725E+02
    0.8750    0.426880E+03    0.622958E+03   -0.980391E+02
    0.8800    0.408382E+03    0.627080E+03   -0.109349E+03
    0.8850    0.390437E+03    0.630784E+03   -0.120174E+03
    0.8900    0.373324E+03    0.633579E+03   -0.130128E+03
    0.8950    0.357287E+03    0.634433E+03   -0.138573E+03
    0.9000    0.342538E+03    0.629302E+03   -0.143382E+03
    0.9050    0.329221E+03    0.634726E+03   -0.152752E+03
    0.9100    0.317385E+03    0.633828E+03   -0.158221E+03
    0.9150    0.307022E+03    0.630738E+03   -0.161858E+03
    0.9200    0.298030E+03    0.626214E+03   -0.164092E+03
    0.9250    0.290234E+03    0.620701E+03   -0.165233E+03
    0.9300    0.283404E+03    0.614596E+03   -0.165596E+03
    0.9350    0.277277E+03    0.608291E+03   -0.165507E+03
    0.9400    0.271562E+03    0.602141E+03   -0.165290E+03
    0.9450    0.266021E+03    0.596494E+03   -0.165236E+03
    0.9500    0.260511E+03    0.591646E+03   -0.165568E+03
    0.9550    0.255134E+03    0.587828E+03   -0.166347E+03
    0.9600    0.250523E+03    0.585221E+03   -0.167349E+03
    0.9650    0.248909E+03    0.583935E+03   -0.167513E+03
    0.9700    0.259746E+03    0.584000E+03   -0.162127E+03
    0.9750    0.329184E+03    0.585381E+03   -0.128099E+03
    0.9800    0.253948E+03    0.587988E+03   -0.167020E+03
    0.9850    0.158723E+03    0.591637E+03   -0.216457E+03
    0.9900    0.820019E+02    0.596092E+03   -0.257045E+03
    0.9950    0.217508E+02    0.601064E+03   -0.289657E+03
    1.0000   -0.184356E+02    0.603655E+03   -0.311045E+03
    1.0050   -0.510244E+02    0.605673E+03   -0.328348E+03
    1.0100   -0.776164E+02    0.607205E+03   -0.342411E+03
    1.0150   -0.985090E+02    0.607807E+03   -0.353158E+03
    1.0200   -0.114222E+03    0.606591E+03   -0.360406E+03
    1.0250   -0.125687E+03    0.601663E+03   -0.363675E+03
    1.0300   -0.134230E+03    0.588035E+03   -0.361132E+03
    1.0350   -0.142657E+03    0.549694E+03   -0.346176E+03
    1.0400   -0.154577E+03    0.449092E+03   -0.301835E+03
    1.0450   -0.156191E+03    0.369073E+03   -0.262632E+03
    1.0500   -0.147226E+03    0.358563E+03   -0.252895E+03
    1.0550   -0.137107E+03    0.369142E+03   -0.253125E+03
    1.0600   -0.128396E+03    0.385573E+03   -0.256985E+03
    1.0650   -0.121923E+03    0.403531E+03   -0.262727E+03
    1.0700   -0.117957E+03    0.421439E+03   -0.269698E+03
    1.0750   -0.116387E+03    0.438626E+03   -0.277506E+03
    1.0800   -0.116992E+03    0.454808E+03   -0.285900E+03
    1.0850   -0.119342E+03    0.469878E+03   -0.294610E+03
    1.0900   -0.122828E+03    0.483836E+03   -0.303332E+03
    1.0950   -0.126868E+03    0.496754E+03   -0.311811E+03
    1.1000   -0.130844E+03    0.508758E+03   -0.319801E+03
    1.1050   -0.134127E+03    0.519976E+03   -0.327051E+03
    1.1100   -0.136249E+03    0.530549E+03   -0.333399E+03
    1.1150   -0.136850E+03    0.540616E+03   -0.338733E+03
    1.1200   -0.135697E+03    0.550270E+03   -0.342984E+03
    1.1250   -0.132767E+03    0.559597E+03   -0.346182E+03
    1.1300   -0.128211E+03    0.568624E+03   -0.348418E+03
    1.1350   -0.122294E+03    0.577336E+03   -0.349815E+03
    1.1400   -0.115457E+03    0.585686E+03   -0.350571E+03
    1.1450   -0.108159E+03    0.593558E+03   -0.350859E+03
    1.1500   -0.100959E+03    0.600845E+03   -0.350902E+03
    1.1550   -0.944014E+02    0.607408E+03   -0.350904E+03
    1.1600   -0.889092E+02    0.613111E+03   -0.351010E+03
    1.1650   -0.848764E+02    0.617855E+03   -0.351366E+03
    1.1700   -0.825547E+02    0.621564E+03   -0.352059E+03
    1.1750   -0.820161E+02    0.624209E+03   -0.353113E+03
    1.1800   -0.831913E+02    0.625773E+03   -0.354482E+03
    1.1850   -0.818430E+02    0.622398E+03   -0.352121E+03
    1.1900   -0.823417E+02    0.618427E+03   -0.350384E+03
    1.1950   -0.836385E+02    0.614248E+03   -0.348943E+03
    1.2000   -0.847801E+02    0.610176E+03   -0.347478E+03
    1.2050   -0.850390E+02    0.606492E+03   -0.345765E+03
    1.2100   -0.838618E+02    0.603432E+03   -0.343647E+03
    1.2150   -0.808672E+02    0.601152E+03   -0.341010E+03
    1.2200   -0.759078E+02    0.599769E+03   -0.337838E+03
    1.2250   -0.690284E+02    0.599322E+03   -0.334175E+03
    1.2300   -0.604294E+02    0.599809E+03   -0.330119E+03
    1.2350   -0.505024E+02    0.601172E+03   -0.325837E+03
    1.2400   -0.397073E+02    0.603318E+03   -0.321513E+03
    1.2450   -0.286136E+02    0.606133E+03   -0.317373E+03
    1.2500   -0.177964E+02    0.609471E+03   -0.313634E+03
    1.2550   -0.778232E+01    0.613183E+03   -0.310483E+03
    1.2600    0.943278E+00    0.617114E+03   -0.308085E+03
    1.2650    0.801777E+01    0.621127E+03   -0.306555E+03
    1.2700    0.132163E+02    0.625080E+03   -0.305932E+03
    1.2750    0.164592E+02    0.628869E+03   -0.306205E+03
    1.2800    0.177700E+02    0.632408E+03   -0.307319E+03
    1.2850    0.173259E+02    0.635637E+03   -0.309156E+03
    1.2900    0.153757E+02    0.638521E+03   -0.311572E+03
    1.2950    0.122189E+02    0.641039E+03   -0.314410E+03
    1.3000    0.815357E+01    0.643212E+03   -0.317529E+03
    1.3050    0.345493E+01    0.645066E+03   -0.320806E+03
    1.3100   -0.168518E+01    0.646662E+03   -0.324174E+03
    1.3150   -0.717213E+01    0.648070E+03   -0.327621E+03
    1.3200   -0.130166E+02    0.649385E+03   -0.331201E+03
    1.3250   -0.193628E+02    0.650701E+03   -0.335032E+03
    1.3300   -0.264362E+02    0.652128E+03   -0.339282E+03
    1.3350   -0.346166E+02    0.653767E+03   -0.344192E+03
    1.3400   -0.442665E+02    0.655713E+03   -0.349990E+03
    1.3450   -0.557947E+02    0.658031E+03   -0.356913E+03
    1.3500   -0.695865E+02    0.660774E+03   -0.365180E+03
    1.3550   -0.859779E+02    0.663951E+03   -0.374965E+03
    1.3600   -0.105214E+03    0.667556E+03   -0.386385E+03
    1.3650   -0.127098E+03    0.671246E+03   -0.399172E+03
    1.3700   -0.149062E+03    0.672833E+03   -0.410947E+03
    1.3750   -0.174158E+03    0.675037E+03   -0.424598E+03
    1.3800   -0.201427E+03    0.677949E+03   -0.439688E+03
    1.3850   -0.230145E+03    0.681621E+03   -0.455883E+03
    1.3900   -0.259680E+03    0.686014E+03   -0.472847E+03
    1.3950   -0.289581E+03    0.691038E+03   -0.490309E+03
    1.4000   -0.319550E+03    0.696534E+03   -0.508042E+03
    1.4050   -0.349452E+03    0.702297E+03   -0.525875E+03
    1.4100   -0.379298E+03    0.708069E+03   -0.543684E+03
    1.4150   -0.409253E+03    0.713572E+03   -0.561412E+03
    1.4200   -0.439597E+03    0.718503E+03   -0.579050E+03
    1.4250   -0.470712E+03    0.722571E+03   -0.596642E+03
    1.4300   -0.503043E+03    0.725503E+03   -0.614273E+03
    1.4350   -0.537045E+03    0.727061E+03   -0.632053E+03
    1.4400   -0.573162E+03    0.727060E+03   -0.650111E+03
    1.4450   -0.611757E+03    0.725369E+03   -0.668563E+03
    1.4500   -0.653122E+03    0.721927E+03   -0.687524E+03
    1.4550   -0.697414E+03    0.716731E+03   -0.707072E+03
    1.4600   -0.744674E+03    0.709840E+03   -0.727257E+03
    1.4650   -0.794832E+03    0.701369E+03   -0.748100E+03
    1.4700   -0.847696E+03    0.691467E+03   -0.769581E+03
    1.4750   -0.903020E+03    0.680318E+03   -0.791669E+03
    1.4800   -0.960521E+03    0.668122E+03   -0.814321E+03
    1.4850   -0.101993E+04    0.655080E+03   -0.837503E+03
    1.4900   -0.108090E+04    0.641305E+03   -0.861100E+03
    1.4950   -0.114331E+04    0.626973E+03   -0.885141E+03
    1.5000   -0.120712E+04    0.612204E+03   -0.909663E+03
    1.5050   -0.127237E+04    0.597062E+03   -0.934716E+03
    1.5100   -0.133923E+04    0.581583E+03   -0.960404E+03
    1.5150   -0.140796E+04    0.565761E+03   -0.986863E+03
    1.5200   -0.147896E+04    0.549572E+03   -0.101427E+04
    1.5250   -0.155262E+04    0.532967E+03   -0.104279E+04
    1.5300   -0.162939E+04    0.515898E+03   -0.107265E+04
    1.5350   -0.170968E+04    0.498304E+03   -0.110399E+04
    1.5400   -0.179382E+04    0.480143E+03   -0.113698E+04
    1.5450   -0.188208E+04    0.461372E+03   -0.117173E+04
    1.5500   -0.197408E+04    0.441948E+03   -0.120801E+04
    1.5550   -0.206694E+04    0.421788E+03   -0.124437E+04
    1.5600   -0.216437E+04    0.401167E+03   -0.128277E+04
    1.5650   -0.226556E+04    0.380211E+03   -0.132288E+04
    1.5700   -0.236979E+04    0.359020E+03   -0.136440E+04
    1.5750   -0.247645E+04    0.337664E+03   -0.140706E+04
    1.5800   -0.258500E+04    0.316185E+03   -0.145059E+04
    1.5850   -0.269501E+04    0.294601E+03   -0.149480E+04
    1.5900   -0.280611E+04    0.272907E+03   -0.153951E+04
    1.5950   -0.291806E+04    0.251098E+03   -0.158458E+04
    1.6000   -0.303065E+04    0.229164E+03   -0.162991E+04
    1.6050   -0.314372E+04    0.207113E+03   -0.167542E+04
    1.6100   -0.325712E+04    0.184975E+03   -0.172105E+04
    1.6150   -0.337054E+04    0.162814E+03   -0.176668E+04
    1.6200   -0.348346E+04    0.140716E+03   -0.181209E+04
    1.6250   -0.359488E+04    0.118810E+03   -0.185685E+04
    1.6300   -0.370321E+04    0.972403E+02   -0.190023E+04
    1.6350   -0.380656E+04    0.761736E+02   -0.194137E+04
    1.6400   -0.390472E+04    0.557730E+02   -0.198025E+04
    1.6450   -0.400346E+04    0.361892E+02   -0.201983E+04
    1.6500   -0.411572E+04    0.175520E+02   -0.206664E+04
    1.6550   -0.425301E+04   -0.226762E-01   -0.212649E+04
    1.6600   -0.441719E+04   -0.164905E+02   -0.220035E+04
    1.6650   -0.460308E+04   -0.318344E+02   -0.228562E+04
    1.6700   -0.480370E+04   -0.460757E+02   -0.237881E+04
    1.6750   -0.501296E+04   -0.592573E+02   -0.247685E+04
    1.6800   -0.522615E+04   -0.714497E+02   -0.257735E+04
    1.6850   -0.543984E+04   -0.827199E+02   -0.267856E+04
    1.6900   -0.565156E+04   -0.931288E+02   -0.277922E+04
    1.6950   -0.585960E+04   -0.102717E+03   -0.287844E+04
    1.7000   -0.606280E+04   -0.111489E+03   -0.297566E+04
    1.7050   -0.626039E+04   -0.119407E+03   -0.307049E+04
    1.7100   -0.645201E+04   -0.126428E+03   -0.316279E+04
    1.7150   -0.663745E+04   -0.132438E+03   -0.325251E+04
    1.7200   -0.681670E+04   -0.137303E+03   -0.333970E+04
    1.7250   -0.698983E+04   -0.140873E+03   -0.342448E+04
    1.7300   -0.715701E+04   -0.142990E+03   -0.350701E+04
    1.7350   -0.731842E+04   -0.143499E+03   -0.358746E+04
    1.7400   -0.747415E+04   -0.142224E+03   -0.366596E+04
    1.7450   -0.762514E+04   -0.139233E+03   -0.374295E+04
    1.7500   -0.777140E+04   -0.134402E+03   -0.381850E+04
    1.7550   -0.791337E+04   -0.127767E+03   -0.389280E+04
    1.7600   -0.805123E+04   -0.119352E+03   -0.396594E+04
    1.7650   -0.818530E+04   -0.109225E+03   -0.403804E+04
    1.7700   -0.831592E+04   -0.974986E+02   -0.410921E+04
    1.7750   -0.844345E+04   -0.842992E+02   -0.417957E+04
    1.7800   -0.856826E+04   -0.697612E+02   -0.424925E+04
    1.7850   -0.869071E+04   -0.540207E+02   -0.431834E+04
    1.7900   -0.881113E+04   -0.371952E+02   -0.438697E+04
    1.7950   -0.892976E+04   -0.193876E+02   -0.445519E+04
    1.8000   -0.904678E+04   -0.674139E+00   -0.452305E+04
    1.8050   -0.916222E+04    0.188875E+02   -0.459056E+04
    1.8100   -0.927600E+04    0.392593E+02   -0.465763E+04
    1.8150   -0.938788E+04    0.604160E+02   -0.472415E+04
    1.8200   -0.949747E+04    0.823383E+02   -0.478991E+04
    1.8250   -0.960429E+04    0.105003E+03   -0.485465E+04
    1.8300   -0.970771E+04    0.128378E+03   -0.491805E+04
    1.8350   -0.980708E+04    0.152420E+03   -0.497975E+04
    1.8400   -0.990167E+04    0.177067E+03   -0.503937E+04
    1.8450   -0.999080E+04    0.202248E+03   -0.509652E+04
    1.8500   -0.100738E+05    0.227879E+03   -0.515085E+04
    1.8550   -0.101502E+05    0.253875E+03   -0.520201E+04
    1.8600   -0.102194E+05    0.280154E+03   -0.524976E+04
    1.8650   -0.102811E+05    0.306652E+03   -0.529386E+04
    1.8700   -0.103351E+05    0.333317E+03   -0.533421E+04
    1.8750   -0.103813E+05    0.360121E+03   -0.537073E+04
    1.8800   -0.104198E+05    0.387060E+03   -0.540342E+04
    1.8850   -0.104504E+05    0.414156E+03   -0.543229E+04
    1.8900   -0.104732E+05    0.441442E+03   -0.545734E+04
    1.8950   -0.104883E+05    0.468953E+03   -0.547860E+04
    1.9000   -0.104954E+05    0.496713E+03   -0.549604E+04
    1.9050   -0.104944E+05    0.524727E+03   -0.550956E+04
    1.9100   -0.104850E+05    0.552959E+03   -0.551899E+04
    1.9150   -0.104667E+05    0.581362E+03   -0.552401E+04
    1.9200   -0.104391E+05    0.609703E+03   -0.552440E+04
    1.9250   -0.104094E+05    0.636139E+03   -0.552277E+04
    1.9300   -0.103717E+05    0.661273E+03   -0.551646E+04
    1.9350   -0.103202E+05    0.685683E+03   -0.550295E+04
    1.9400   -0.102545E+05    0.708991E+03   -0.548173E+04
    1.9450   -0.101738E+05    0.730822E+03   -0.545233E+04
    1.9500   -0.100778E+05    0.750836E+03   -0.541432E+04
    1.9550   -0.996600E+04    0.768763E+03   -0.536738E+04
    1.9600   -0.983812E+04    0.784413E+03   -0.531127E+04
    1.9650   -0.969417E+04    0.797663E+03   -0.524592E+04
    1.9700   -0.953417E+04    0.808522E+03   -0.517135E+04
    1.9750   -0.935836E+04    0.817076E+03   -0.508772E+04
    1.9800   -0.916708E+04    0.823508E+03   -0.499529E+04
    1.9850   -0.896096E+04    0.828014E+03   -0.489449E+04
    1.9900   -0.874058E+04    0.830876E+03   -0.478573E+04
    1.9950   -0.850663E+04    0.832370E+03   -0.466950E+04
    2.0000   -0.825990E+04    0.832759E+03   -0.454633E+04
    2.0050   -0.800122E+04    0.832263E+03   -0.441674E+04
    2.0100   -0.773145E+04    0.831047E+03   -0.428125E+04
    2.0150   -0.745155E+04    0.829206E+03   -0.414038E+04
    2.0200   -0.716249E+04    0.826760E+03   -0.399463E+04
    2.0250   -0.686534E+04    0.823663E+03   -0.384450E+04
    2.0300   -0.656124E+04    0.819808E+03   -0.369052E+04
    2.0350   -0.625144E+04    0.815051E+03   -0.353324E+04
    2.0400   -0.593728E+04    0.809228E+03   -0.337325E+04
    2.0450   -0.562021E+04    0.802180E+03   -0.321119E+04
    2.0500   -0.530177E+04    0.793771E+03   -0.304777E+04
    2.0550   -0.498356E+04    0.783913E+03   -0.288374E+04
    2.0600   -0.466720E+04    0.772566E+03   -0.271988E+04
    2.0650   -0.435430E+04    0.759754E+03   -0.255702E+04
    2.0700   -0.404637E+04    0.745556E+03   -0.239596E+04
    2.0750   -0.374478E+04    0.730095E+03   -0.223744E+04
    2.0800   -0.345072E+04    0.713527E+03   -0.208213E+04
    2.0850   -0.316509E+04    0.696019E+03   -0.193056E+04
    2.0900   -0.288849E+04    0.677728E+03   -0.178311E+04
    2.0950   -0.262117E+04    0.658778E+03   -0.163997E+04
    2.1000   -0.236313E+04    0.639226E+03   -0.150118E+04
    2.1050   -0.211391E+04    0.619101E+03   -0.136651E+04
    2.1100   -0.187541E+04    0.597952E+03   -0.123668E+04
    2.1150   -0.165262E+04    0.574701E+03   -0.111366E+04
    2.1200   -0.143462E+04    0.550365E+03   -0.992493E+03
    2.1250   -0.121876E+04    0.524853E+03   -0.871808E+03
    2.1300   -0.100414E+04    0.497844E+03   -0.750992E+03
    2.1350   -0.789945E+03    0.469056E+03   -0.629500E+03
    2.1400   -0.575464E+03    0.438295E+03   -0.506880E+03
    2.1450   -0.360154E+03    0.405484E+03   -0.382819E+03
    2.1500   -0.143711E+03    0.370670E+03   -0.257190E+03
    2.1550    0.738819E+02    0.334032E+03   -0.130075E+03
    2.1600    0.292346E+03    0.295867E+03   -0.176037E+01
    2.1650    0.511118E+03    0.256573E+03    0.127272E+03
    2.1700    0.729364E+03    0.216620E+03    0.256372E+03
    2.1750    0.946003E+03    0.176518E+03    0.384742E+03
    2.1800    0.115975E+04    0.136786E+03    0.511480E+03
    2.1850    0.136912E+04    0.979220E+02    0.635600E+03
    2.1900    0.157255E+04    0.603904E+02    0.756079E+03
    2.1950    0.176815E+04    0.245124E+02    0.871817E+03
    2.2000    0.195428E+04   -0.936751E+01    0.981825E+03
    2.2050    0.212917E+04   -0.410459E+02    0.108511E+04
    2.2100    0.229112E+04   -0.704440E+02    0.118078E+04
    2.2150    0.243878E+04   -0.975454E+02    0.126816E+04
    2.2200    0.257119E+04   -0.122458E+03    0.134683E+04
    2.2250    0.268810E+04   -0.145367E+03    0.141673E+04
    2.2300    0.278985E+04   -0.166594E+03    0.147822E+04
    2.2350    0.287773E+04   -0.186549E+03    0.153214E+04
    2.2400    0.295386E+04   -0.205734E+03    0.157980E+04
    2.2450    0.302119E+04   -0.224721E+03    0.162295E+04
    2.2500    0.308326E+04   -0.244124E+03    0.166369E+04
    2.2550    0.314388E+04   -0.264565E+03    0.170422E+04
    2.2600    0.320671E+04   -0.286631E+03    0.174667E+04
    2.2650    0.327475E+04   -0.310817E+03    0.179278E+04
    2.2700    0.335010E+04   -0.337486E+03    0.184379E+04
    2.2750    0.343478E+04   -0.366824E+03    0.190080E+04
    2.2800    0.353342E+04   -0.398815E+03    0.196612E+04
    2.2850    0.365220E+04   -0.433232E+03    0.204272E+04
    2.2900    0.379070E+04   -0.469638E+03    0.213017E+04
    2.2950    0.394150E+04   -0.507363E+03    0.222443E+04
    2.3000    0.409501E+04   -0.545270E+03    0.232014E+04
    2.3050    0.424338E+04   -0.582048E+03    0.241271E+04
    2.3100    0.438300E+04   -0.617346E+03    0.250017E+04
    2.3150    0.450980E+04   -0.650951E+03    0.258038E+04
    2.3200    0.461955E+04   -0.682620E+03    0.265109E+04
    2.3250    0.470861E+04   -0.712189E+03    0.271040E+04
    2.3300    0.477414E+04   -0.739625E+03    0.275688E+04
    2.3350    0.481419E+04   -0.765069E+03    0.278963E+04
    2.3400    0.482786E+04   -0.788877E+03    0.280837E+04
    2.3450    0.481544E+04   -0.811655E+03    0.281355E+04
    2.3500    0.477849E+04   -0.834256E+03    0.280637E+04
    2.3550    0.472009E+04   -0.857898E+03    0.278899E+04
    2.3600    0.464450E+04   -0.883955E+03    0.276423E+04
    2.3650    0.455723E+04   -0.914051E+03    0.273564E+04
    2.3700    0.446437E+04   -0.949866E+03    0.270712E+04
    2.3750    0.437219E+04   -0.993023E+03    0.268260E+04
    2.3800    0.428639E+04   -0.104491E+04    0.266565E+04
    2.3850    0.421154E+04   -0.110648E+04    0.265901E+04
    2.3900    0.415043E+04   -0.117807E+04    0.266425E+04
    2.3950    0.410375E+04   -0.125930E+04    0.268153E+04
    2.4000    0.406992E+04   -0.134856E+04    0.270924E+04
    2.4050    0.404529E+04   -0.144366E+04    0.274447E+04
    2.4100    0.402442E+04   -0.154109E+04    0.278276E+04
    2.4150    0.400084E+04   -0.163682E+04    0.281883E+04
    2.4200    0.396759E+04   -0.172599E+04    0.284679E+04
    2.4250    0.391801E+04   -0.180336E+04    0.286069E+04
    2.4300    0.384644E+04   -0.186396E+04    0.285520E+04
    2.4350    0.374873E+04   -0.190405E+04    0.282639E+04
    2.4400    0.362267E+04   -0.192207E+04    0.277237E+04
    2.4450    0.346819E+04   -0.191915E+04    0.269367E+04
    2.4500    0.328740E+04   -0.189872E+04    0.259306E+04
    2.4550    0.308437E+04   -0.186569E+04    0.247503E+04
    2.4600    0.286479E+04   -0.182544E+04    0.234512E+04
    2.4650    0.263551E+04   -0.178301E+04    0.220926E+04
    2.4700    0.240382E+04   -0.174265E+04    0.207323E+04
    2.4750    0.217683E+04   -0.170764E+04    0.194223E+04
    2.4800    0.196071E+04   -0.168010E+04    0.182040E+04
    2.4850    0.176004E+04   -0.166170E+04    0.171087E+04
    2.4900    0.157734E+04   -0.165325E+04    0.161530E+04
    2.4950    0.141316E+04   -0.165336E+04    0.153326E+04
    2.5000    0.126608E+04   -0.165805E+04    0.146206E+04
    2.5050    0.113245E+04   -0.166274E+04    0.139760E+04
    2.5100    0.100676E+04   -0.166346E+04    0.133511E+04
    2.5150    0.882418E+03   -0.165672E+04    0.126957E+04
    2.5200    0.752550E+03   -0.164003E+04    0.119629E+04
    2.5250    0.610953E+03   -0.161123E+04    0.111109E+04
    2.5300    0.452720E+03   -0.156913E+04    0.101093E+04
    2.5350    0.274792E+03   -0.151351E+04    0.894151E+03
    2.5400    0.762568E+02   -0.144510E+04    0.760680E+03
    2.5450   -0.141631E+03   -0.136556E+04    0.611965E+03
    2.5500   -0.375690E+03   -0.127730E+04    0.450804E+03
    2.5550   -0.621275E+03   -0.118328E+04    0.281000E+03
    2.5600   -0.872841E+03   -0.108674E+04    0.106950E+03
    2.5650   -0.112460E+04   -0.990966E+03   -0.668149E+02
    2.5700   -0.137111E+04   -0.898988E+03   -0.236060E+03
    2.5750   -0.160784E+04   -0.813393E+03   -0.397224E+03
    2.5800   -0.183148E+04   -0.736164E+03   -0.547660E+03
    2.5850   -0.204013E+04   -0.668594E+03   -0.685770E+03
    2.5900   -0.223329E+04   -0.611262E+03   -0.811016E+03
    2.5950   -0.241171E+04   -0.564090E+03   -0.923809E+03
    2.6000   -0.257704E+04   -0.526451E+03   -0.102530E+04
    2.6050   -0.273154E+04   -0.497313E+03   -0.111712E+04
    2.6100   -0.287764E+04   -0.475407E+03   -0.120112E+04
    2.6150   -0.301755E+04   -0.459280E+03   -0.127914E+04
    2.6200   -0.315311E+04   -0.447986E+03   -0.135256E+04
    2.6250   -0.328541E+04   -0.440397E+03   -0.142251E+04
    2.6300   -0.341482E+04   -0.435884E+03   -0.148947E+04
    2.6350   -0.354102E+04   -0.434322E+03   -0.155335E+04
    2.6400   -0.366306E+04   -0.436273E+03   -0.161339E+04
    2.6450   -0.377961E+04   -0.443298E+03   -0.166816E+04
    2.6500   -0.388911E+04   -0.458541E+03   -0.171529E+04
    2.6550   -0.399006E+04   -0.487719E+03   -0.175117E+04
    2.6600   -0.408113E+04   -0.540488E+03   -0.177032E+04
    2.6650   -0.416139E+04   -0.630918E+03   -0.176524E+04
    2.6700   -0.423031E+04   -0.773009E+03   -0.172865E+04
    2.6750   -0.428780E+04   -0.966826E+03   -0.166049E+04
    2.6800   -0.433409E+04   -0.118681E+04   -0.157364E+04
    2.6850   -0.436958E+04   -0.139622E+04   -0.148668E+04
    2.6900   -0.439478E+04   -0.157169E+04   -0.141154E+04
    2.6950   -0.441020E+04   -0.170806E+04   -0.135107E+04
    2.7000   -0.441627E+04   -0.181014E+04   -0.130306E+04
    2.7050   -0.441321E+04   -0.188610E+04   -0.126356E+04
    2.7100   -0.440111E+04   -0.194408E+04   -0.122852E+04
    2.7150   -0.437970E+04   -0.199191E+04   -0.119389E+04
    2.7200   -0.434858E+04   -0.203646E+04   -0.115606E+04
    2.7250   -0.430728E+04   -0.208375E+04   -0.111177E+04
    2.7300   -0.425541E+04   -0.213888E+04   -0.105827E+04
    2.7350   -0.419279E+04   -0.220603E+04   -0.993376E+03
    2.7400   -0.411957E+04   -0.228842E+04   -0.915578E+03
    2.7450   -0.403639E+04   -0.238819E+04   -0.824100E+03
    2.7500   -0.394434E+04   -0.250648E+04   -0.718931E+03
    2.7550   -0.384500E+04   -0.264337E+04   -0.600812E+03
    2.7600   -0.374031E+04   -0.279801E+04   -0.471148E+03
    2.7650   -0.363250E+04   -0.296868E+04   -0.331913E+03
    2.7700   -0.352388E+04   -0.315292E+04   -0.185480E+03
    2.7750   -0.341663E+04   -0.334770E+04   -0.344626E+02
    2.7800   -0.331266E+04   -0.354959E+04    0.118465E+03
    2.7850   -0.321342E+04   -0.375489E+04    0.270733E+03
    2.7900   -0.311977E+04   -0.395978E+04    0.420002E+03
    2.7950   -0.303197E+04   -0.416053E+04    0.564279E+03
    2.8000   -0.294965E+04   -0.435357E+04    0.701960E+03
    2.8050   -0.287195E+04   -0.453565E+04    0.831851E+03
    2.8100   -0.279764E+04   -0.470390E+04    0.953130E+03
    2.8150   -0.272531E+04   -0.485590E+04    0.106529E+04
    2.8200   -0.265363E+04   -0.498978E+04    0.116808E+04
    2.8250   -0.258151E+04   -0.510421E+04    0.126135E+04
    2.8300   -0.250833E+04   -0.519837E+04    0.134502E+04
    2.8350   -0.243397E+04   -0.527198E+04    0.141900E+04
    2.8400   -0.235903E+04   -0.532523E+04    0.148310E+04
    2.8450   -0.228464E+04   -0.535887E+04    0.153711E+04
    2.8500   -0.221249E+04   -0.537399E+04    0.158075E+04
    2.8550   -0.214465E+04   -0.537214E+04    0.161374E+04
    2.8600   -0.208336E+04   -0.535520E+04    0.163592E+04
    2.8650   -0.203080E+04   -0.532536E+04    0.164728E+04
    2.8700   -0.198892E+04   -0.528509E+04    0.164809E+04
    2.8750   -0.195919E+04   -0.523703E+04    0.163892E+04
    2.8800   -0.194257E+04   -0.518393E+04    0.162068E+04
    2.8850   -0.193936E+04   -0.512854E+04    0.159459E+04
    2.8900   -0.194924E+04   -0.507352E+04    0.156214E+04
    2.8950   -0.197136E+04   -0.502134E+04    0.152499E+04
    2.9000   -0.200451E+04   -0.497413E+04    0.148481E+04
    2.9050   -0.204719E+04   -0.493371E+04    0.144326E+04
    2.9100   -0.209771E+04   -0.490149E+04    0.140189E+04
    2.9150   -0.215459E+04   -0.487839E+04    0.136190E+04
    2.9200   -0.221662E+04   -0.486487E+04    0.132413E+04
    2.9250   -0.228301E+04   -0.486092E+04    0.128895E+04
    2.9300   -0.235334E+04   -0.486609E+04    0.125638E+04
    2.9350   -0.242756E+04   -0.487956E+04    0.122600E+04
    2.9400   -0.250596E+04   -0.490017E+04    0.119710E+04
    2.9450   -0.258902E+04   -0.492653E+04    0.116875E+04
    2.9500   -0.267727E+04   -0.495711E+04    0.113992E+04
    2.9550   -0.277113E+04   -0.499033E+04    0.110960E+04
    2.9600   -0.287077E+04   -0.502460E+04    0.107692E+04
    2.9650   -0.297601E+04   -0.505845E+04    0.104122E+04
    2.9700   -0.308629E+04   -0.509053E+04    0.100212E+04
    2.9750   -0.320060E+04   -0.511964E+04    0.959519E+03
    2.9800   -0.331765E+04   -0.514478E+04    0.913562E+03
    2.9850   -0.343589E+04   -0.516506E+04    0.864584E+03
    2.9900   -0.355370E+04   -0.517975E+04    0.813023E+03
    2.9950   -0.366955E+04   -0.518819E+04    0.759319E+03
    3.0000   -0.378213E+04   -0.518980E+04    0.703836E+03
    3.0050   -0.389051E+04   -0.518406E+04    0.646779E+03
    3.0100   -0.399418E+04   -0.517051E+04    0.588163E+03
    3.0150   -0.409312E+04   -0.514872E+04    0.527801E+03
    3.0200   -0.418770E+04   -0.511839E+04    0.465345E+03
    3.0250   -0.427863E+04   -0.507932E+04    0.400345E+03
    3.0300   -0.436681E+04   -0.503149E+04    0.332340E+03
    3.0350   -0.445318E+04   -0.497512E+04    0.260967E+03
    3.0400   -0.453851E+04   -0.491064E+04    0.186062E+03
    3.0450   -0.462334E+04   -0.483879E+04    0.107722E+03
    3.0500   -0.470786E+04   -0.476059E+04    0.263655E+02
    3.0550   -0.479190E+04   -0.467732E+04   -0.572901E+02
    3.0600   -0.487506E+04   -0.459045E+04   -0.142305E+03
    3.0650   -0.495686E+04   -0.450154E+04   -0.227660E+03
    3.0700   -0.503712E+04   -0.441210E+04   -0.312510E+03
    3.0750   -0.511626E+04   -0.432341E+04   -0.396422E+03
    3.0800   -0.519590E+04   -0.423628E+04   -0.479807E+03
    3.0850   -0.527931E+04   -0.415081E+04   -0.564251E+03
    3.0900   -0.537219E+04   -0.406611E+04   -0.653038E+03
    3.0950   -0.548325E+04   -0.398008E+04   -0.751582E+03
    3.1000   -0.562514E+04   -0.388915E+04   -0.867997E+03
    3.1050   -0.581572E+04   -0.378818E+04   -0.101377E+04
    3.1100   -0.608151E+04   -0.367067E+04   -0.120542E+04
    3.1150   -0.646475E+04   -0.352942E+04   -0.146766E+04
    3.1200   -0.699083E+04   -0.335836E+04   -0.181623E+04
    3.1250   -0.732419E+04   -0.315532E+04   -0.208443E+04
    3.1300   -0.690761E+04   -0.292562E+04   -0.199099E+04
    3.1350   -0.602052E+04   -0.268393E+04   -0.166830E+04
    3.1400   -0.502697E+04   -0.245171E+04   -0.128763E+04
    3.1450   -0.405842E+04   -0.225038E+04   -0.904022E+03
    3.1500   -0.315123E+04   -0.209375E+04   -0.528741E+03
    3.1550   -0.231633E+04   -0.198469E+04   -0.165821E+03
    3.1600   -0.155984E+04   -0.191506E+04    0.177611E+03
    3.1650   -0.883566E+03   -0.187088E+04    0.493655E+03
    3.1700   -0.285283E+03   -0.183697E+04    0.775845E+03
    3.1750    0.241019E+03   -0.180015E+04    0.102058E+04
    3.1800    0.703959E+03   -0.175064E+04    0.122730E+04
    3.1850    0.111324E+04   -0.168233E+04    0.139778E+04
    3.1900    0.147852E+04   -0.159206E+04    0.153529E+04
    3.1950    0.180851E+04   -0.147928E+04    0.164390E+04
    3.2000    0.211060E+04   -0.134497E+04    0.172779E+04
    3.2050    0.239074E+04   -0.119138E+04    0.179106E+04
    3.2100    0.265358E+04   -0.102158E+04    0.183758E+04
    3.2150    0.290267E+04   -0.839152E+03    0.187091E+04
    3.2200    0.314087E+04   -0.648038E+03    0.189445E+04
    3.2250    0.337060E+04   -0.452345E+03    0.191147E+04
    3.2300    0.359417E+04   -0.256247E+03    0.192521E+04
    3.2350    0.381395E+04   -0.638955E+02    0.193892E+04
    3.2400    0.403257E+04    0.120687E+03    0.195594E+04
    3.2450    0.425274E+04    0.293718E+03    0.197951E+04
    3.2500    0.447725E+04    0.451796E+03    0.201273E+04
    3.2550    0.470943E+04    0.591781E+03    0.205882E+04
    3.2600    0.495204E+04    0.711211E+03    0.212042E+04
    3.2650    0.520740E+04    0.808301E+03    0.219955E+04
    3.2700    0.547743E+04    0.881981E+03    0.229772E+04
    3.2750    0.576338E+04    0.931972E+03    0.241570E+04
    3.2800    0.606574E+04    0.958822E+03    0.255346E+04
    3.2850    0.638427E+04    0.963897E+03    0.271018E+04
    3.2900    0.671797E+04    0.949309E+03    0.288433E+04
    3.2950    0.706529E+04    0.917786E+03    0.307375E+04
    3.3000    0.742426E+04    0.872725E+03    0.327577E+04
    3.3050    0.779267E+04    0.817745E+03    0.348746E+04
    3.3100    0.816826E+04    0.756705E+03    0.370578E+04
    3.3150    0.854889E+04    0.693504E+03    0.392769E+04
    3.3200    0.893268E+04    0.631921E+03    0.415038E+04
    3.3250    0.931806E+04    0.575516E+03    0.437127E+04
    3.3300    0.970379E+04    0.527560E+03    0.458812E+04
    3.3350    0.100889E+05    0.491067E+03    0.479893E+04
    3.3400    0.104727E+05    0.468905E+03    0.500191E+04
    3.3450    0.108546E+05    0.463996E+03    0.519529E+04
    3.3500    0.112339E+05    0.479619E+03    0.537713E+04
    3.3550    0.116099E+05    0.519631E+03    0.554515E+04
    3.3600    0.119819E+05    0.588378E+03    0.569678E+04
    3.3650    0.123489E+05    0.689699E+03    0.582962E+04
    3.3700    0.127099E+05    0.824657E+03    0.594261E+04
    3.3750    0.130637E+05    0.988823E+03    0.603744E+04
    3.3800    0.134094E+05    0.117160E+04    0.611890E+04
    3.3850    0.137462E+05    0.135935E+04    0.619342E+04
    3.3900    0.140736E+05    0.153999E+04    0.626680E+04
    3.3950    0.143915E+05    0.170561E+04    0.634297E+04
    3.4000    0.147004E+05    0.185225E+04    0.642407E+04
    3.4050    0.150008E+05    0.197860E+04    0.651112E+04
    3.4100    0.152939E+05    0.208466E+04    0.660463E+04
    3.4150    0.155808E+05    0.217089E+04    0.670497E+04
    3.4200    0.158626E+05    0.223775E+04    0.681245E+04
    3.4250    0.161402E+05    0.228567E+04    0.692728E+04
    3.4300    0.164138E+05    0.231474E+04    0.704955E+04
    3.4350    0.166832E+05    0.232504E+04    0.717908E+04
    3.4400    0.169471E+05    0.231656E+04    0.731526E+04
    3.4450    0.172036E+05    0.228941E+04    0.745709E+04
    3.4500    0.174500E+05    0.224389E+04    0.760305E+04
    3.4550    0.176831E+05    0.218060E+04    0.775125E+04
    3.4600    0.178993E+05    0.210044E+04    0.789945E+04
    3.4650    0.180952E+05    0.200474E+04    0.804524E+04
    3.4700    0.182677E+05    0.189517E+04    0.818626E+04
    3.4750    0.184144E+05    0.177370E+04    0.832035E+04
    3.4800    0.185341E+05    0.164255E+04    0.844577E+04
    3.4850    0.186267E+05    0.150407E+04    0.856134E+04
    3.4900    0.186937E+05    0.136060E+04    0.866657E+04
    3.4950    0.187377E+05    0.121434E+04    0.876170E+04
    3.5000    0.187625E+05    0.106728E+04    0.884762E+04
    3.5050    0.187726E+05    0.921068E+03    0.892579E+04
    3.5100    0.187731E+05    0.776959E+03    0.899805E+04
    3.5150    0.187686E+05    0.635806E+03    0.906640E+04
    3.5200    0.187635E+05    0.498066E+03    0.913271E+04
    3.5250    0.187609E+05    0.363849E+03    0.919851E+04
    3.5300    0.187625E+05    0.232999E+03    0.926476E+04
    3.5350    0.187686E+05    0.105185E+03    0.933170E+04
    3.5400    0.187775E+05   -0.199955E+02    0.939875E+04
    3.5450    0.187862E+05   -0.142918E+03    0.946456E+04
    3.5500    0.187903E+05   -0.263853E+03    0.952709E+04
    3.5550    0.187847E+05   -0.382912E+03    0.958379E+04
    3.5600    0.187638E+05   -0.500018E+03    0.963189E+04
    3.5650    0.187224E+05   -0.614914E+03    0.966867E+04
    3.5700    0.186564E+05   -0.727201E+03    0.969178E+04
    3.5750    0.185626E+05   -0.836402E+03    0.969951E+04
    3.5800    0.184401E+05   -0.942041E+03    0.969105E+04
    3.5850    0.182894E+05   -0.104373E+04    0.966657E+04
    3.5900    0.181134E+05   -0.114125E+04    0.962735E+04
    3.5950    0.179166E+05   -0.123463E+04    0.957563E+04
    3.6000    0.177048E+05   -0.132419E+04    0.951450E+04
    3.6050    0.174848E+05   -0.141053E+04    0.944765E+04
    3.6100    0.172636E+05   -0.149455E+04    0.937907E+04
    3.6150    0.170482E+05   -0.157734E+04    0.931275E+04
    3.6200    0.168446E+05   -0.166016E+04    0.925239E+04
    3.6250    0.166580E+05   -0.174427E+04    0.920115E+04
    3.6300    0.164919E+05   -0.183082E+04    0.916138E+04
    3.6350    0.163476E+05   -0.192081E+04    0.913419E+04
    3.6400    0.162224E+05   -0.201489E+04    0.911864E+04
    3.6450    0.161074E+05   -0.211339E+04    0.911042E+04
    3.6500    0.159864E+05   -0.221621E+04    0.910131E+04
    3.6550    0.158399E+05   -0.232286E+04    0.908136E+04
    3.6600    0.156538E+05   -0.243250E+04    0.904313E+04
    3.6650    0.154230E+05   -0.254401E+04    0.898349E+04
    3.6700    0.151501E+05   -0.265607E+04    0.890308E+04
    3.6750    0.148417E+05   -0.276728E+04    0.880448E+04
    3.6800    0.145057E+05   -0.287627E+04    0.869098E+04
    3.6850    0.141505E+05   -0.298183E+04    0.856618E+04
    3.6900    0.137850E+05   -0.308299E+04    0.843397E+04
    3.6950    0.134173E+05   -0.317912E+04    0.829822E+04
    3.7000    0.130561E+05   -0.327002E+04    0.816304E+04
    3.7050    0.127087E+05   -0.335607E+04    0.803239E+04
    3.7100    0.123815E+05   -0.343841E+04    0.790996E+04
    3.7150    0.120789E+05   -0.351956E+04    0.779922E+04
    3.7200    0.118029E+05   -0.360501E+04    0.770394E+04
    3.7250    0.115524E+05   -0.370912E+04    0.763076E+04
    3.7300    0.113223E+05   -0.386865E+04    0.759547E+04
    3.7350    0.111299E+05   -0.398729E+04    0.755858E+04
    3.7400    0.109775E+05   -0.396690E+04    0.747219E+04
    3.7450    0.108380E+05   -0.392897E+04    0.738346E+04
    3.7500    0.107051E+05   -0.389560E+04    0.730033E+04
    3.7550    0.105747E+05   -0.386919E+04    0.722195E+04
    3.7600    0.104430E+05   -0.384972E+04    0.714635E+04
    3.7650    0.103065E+05   -0.383672E+04    0.707162E+04
    3.7700    0.101630E+05   -0.382961E+04    0.699630E+04
    3.7750    0.100113E+05   -0.382774E+04    0.691950E+04
    3.7800    0.985167E+04   -0.383041E+04    0.684104E+04
    3.7850    0.968600E+04   -0.383687E+04    0.676144E+04
    3.7900    0.951729E+04   -0.384636E+04    0.668182E+04
    3.7950    0.934956E+04   -0.385804E+04    0.660380E+04
    3.8000    0.918745E+04   -0.387105E+04    0.652925E+04
    3.8050    0.903573E+04   -0.388446E+04    0.646010E+04
    3.8100    0.889886E+04   -0.389726E+04    0.639806E+04
    3.8150    0.878050E+04   -0.390841E+04    0.634445E+04
    3.8200    0.868317E+04   -0.391680E+04    0.629999E+04
    3.8250    0.860798E+04   -0.392135E+04    0.626466E+04
    3.8300    0.855448E+04   -0.392095E+04    0.623772E+04
    3.8350    0.852080E+04   -0.391461E+04    0.621771E+04
    3.8400    0.850404E+04   -0.390145E+04    0.620275E+04
    3.8450    0.850059E+04   -0.388079E+04    0.619069E+04
    3.8500    0.850748E+04   -0.385220E+04    0.617984E+04
    3.8550    0.852288E+04   -0.381552E+04    0.616920E+04
    3.8600    0.854649E+04   -0.377097E+04    0.615873E+04
    3.8650    0.857921E+04   -0.371907E+04    0.614914E+04
    3.8700    0.862072E+04   -0.366067E+04    0.614070E+04
    3.8750    0.866913E+04   -0.359691E+04    0.613302E+04
    3.8800    0.872124E+04   -0.352919E+04    0.612521E+04
    3.8850    0.877388E+04   -0.345906E+04    0.611647E+04
    3.8900    0.882495E+04   -0.338819E+04    0.610657E+04
    3.8950    0.887386E+04   -0.331825E+04    0.609606E+04
    3.9000    0.892142E+04   -0.325082E+04    0.608612E+04
    3.9050    0.896932E+04   -0.318731E+04    0.607831E+04
    3.9100    0.901972E+04   -0.312892E+04    0.607432E+04
    3.9150    0.907473E+04   -0.307659E+04    0.607566E+04
    3.9200    0.913604E+04   -0.303093E+04    0.608349E+04
    3.9250    0.920469E+04   -0.299228E+04    0.609848E+04
    3.9300    0.928088E+04   -0.296067E+04    0.612078E+04
    3.9350    0.936397E+04   -0.293592E+04    0.614994E+04
    3.9400    0.945254E+04   -0.291761E+04    0.618507E+04
    3.9450    0.954450E+04   -0.290520E+04    0.622485E+04
    3.9500    0.963733E+04   -0.289805E+04    0.626769E+04
    3.9550    0.972827E+04   -0.289546E+04    0.631186E+04
    3.9600    0.981459E+04   -0.289672E+04    0.635566E+04
    3.9650    0.989380E+04   -0.290117E+04    0.639749E+04
    3.9700    0.996385E+04   -0.290818E+04    0.643601E+04
    3.9750    0.100234E+05   -0.291715E+04    0.647028E+04
    3.9800    0.100718E+05   -0.292756E+04    0.649967E+04
    3.9850    0.101091E+05   -0.293895E+04    0.652400E+04
    3.9900    0.101362E+05   -0.295091E+04    0.654354E+04
    3.9950    0.101546E+05   -0.296309E+04    0.655884E+04
    4.0000    0.101664E+05   -0.297522E+04    0.657080E+04
    4.0050    0.101739E+05   -0.298707E+04    0.658049E+04
    4.0100    0.101796E+05   -0.299853E+04    0.658907E+04
    4.0150    0.101858E+05   -0.300959E+04    0.659769E+04
    4.0200    0.101944E+05   -0.302032E+04    0.660735E+04
    4.0250    0.102067E+05   -0.303091E+04    0.661882E+04
    4.0300    0.102235E+05   -0.304163E+04    0.663255E+04
    4.0350    0.102444E+05   -0.305286E+04    0.664865E+04
    4.0400    0.102687E+05   -0.306498E+04    0.666683E+04
    4.0450    0.102945E+05   -0.307845E+04    0.668646E+04
    4.0500    0.103195E+05   -0.309367E+04    0.670660E+04
    4.0550    0.103412E+05   -0.311098E+04    0.672610E+04
    4.0600    0.103567E+05   -0.313064E+04    0.674367E+04
    4.0650    0.103634E+05   -0.315279E+04    0.675807E+04
    4.0700    0.103589E+05   -0.317751E+04    0.676821E+04
    4.0750    0.103419E+05   -0.320471E+04    0.677328E+04
    4.0800    0.103114E+05   -0.323425E+04    0.677285E+04
    4.0850    0.102679E+05   -0.326596E+04    0.676693E+04
    4.0900    0.102125E+05   -0.329964E+04    0.675606E+04
    4.0950    0.101473E+05   -0.333516E+04    0.674122E+04
    4.1000    0.100751E+05   -0.337249E+04    0.672380E+04
    4.1050    0.999926E+04   -0.341173E+04    0.670549E+04
    4.1100    0.992315E+04   -0.345311E+04    0.668813E+04
    4.1150    0.984999E+04   -0.349701E+04    0.667350E+04
    4.1200    0.978244E+04   -0.354398E+04    0.666321E+04
    4.1250    0.972231E+04   -0.359460E+04    0.665846E+04
    4.1300    0.967039E+04   -0.364953E+04    0.665996E+04
    4.1350    0.962629E+04   -0.370937E+04    0.666783E+04
    4.1400    0.958845E+04   -0.377466E+04    0.668156E+04
    4.1450    0.955432E+04   -0.384576E+04    0.670004E+04
    4.1500    0.952053E+04   -0.392282E+04    0.672168E+04
    4.1550    0.948329E+04   -0.400575E+04    0.674452E+04
    4.1600    0.943872E+04   -0.409419E+04    0.676645E+04
    4.1650    0.938328E+04   -0.418753E+04    0.678541E+04
    4.1700    0.931418E+04   -0.428494E+04    0.679956E+04
    4.1750    0.922965E+04   -0.438542E+04    0.680753E+04
    4.1800    0.912921E+04   -0.448786E+04    0.680853E+04
    4.1850    0.901373E+04   -0.459115E+04    0.680244E+04
    4.1900    0.888541E+04   -0.469424E+04    0.678983E+04
    4.1950    0.874759E+04   -0.479622E+04    0.677190E+04
    4.2000    0.860444E+04   -0.489637E+04    0.675041E+04
    4.2050    0.846062E+04   -0.499426E+04    0.672744E+04
    4.2100    0.832077E+04   -0.508972E+04    0.670524E+04
    4.2150    0.818913E+04   -0.518283E+04    0.668598E+04
    4.2200    0.806916E+04   -0.527394E+04    0.667155E+04
    4.2250    0.796318E+04   -0.536356E+04    0.666337E+04
    4.2300    0.787221E+04   -0.545233E+04    0.666227E+04
    4.2350    0.779596E+04   -0.554087E+04    0.666841E+04
    4.2400    0.773291E+04   -0.562976E+04    0.668133E+04
    4.2450    0.768051E+04   -0.571945E+04    0.669998E+04
    4.2500    0.763558E+04   -0.581015E+04    0.672287E+04
    4.2550    0.759461E+04   -0.590187E+04    0.674824E+04
    4.2600    0.755428E+04   -0.599435E+04    0.677431E+04
    4.2650    0.751175E+04   -0.608710E+04    0.679942E+04
    4.2700    0.746503E+04   -0.617946E+04    0.682225E+04
    4.2750    0.741322E+04   -0.627065E+04    0.684194E+04
    4.2800    0.735652E+04   -0.635988E+04    0.685820E+04
    4.2850    0.729625E+04   -0.644638E+04    0.687132E+04
    4.2900    0.723465E+04   -0.652949E+04    0.688207E+04
    4.2950    0.717463E+04   -0.660876E+04    0.689170E+04
    4.3000    0.711941E+04   -0.668394E+04    0.690168E+04
    4.3050    0.707214E+04   -0.675499E+04    0.691357E+04
    4.3100    0.703555E+04   -0.682210E+04    0.692882E+04
    4.3150    0.701168E+04   -0.688557E+04    0.694863E+04
    4.3200    0.700163E+04   -0.694586E+04    0.697374E+04
    4.3250    0.700550E+04   -0.700340E+04    0.700445E+04
    4.3300    0.702244E+04   -0.705863E+04    0.704054E+04
    4.3350    0.705078E+04   -0.711186E+04    0.708132E+04
    4.3400    0.708830E+04   -0.716326E+04    0.712578E+04
    4.3450    0.713252E+04   -0.721283E+04    0.717267E+04
    4.3500    0.718108E+04   -0.726039E+04    0.722073E+04
    4.3550    0.723203E+04   -0.730560E+04    0.726882E+04
    4.3600    0.728411E+04   -0.734804E+04    0.731607E+04
    4.3650    0.733691E+04   -0.738716E+04    0.736204E+04
    4.3700    0.739095E+04   -0.742246E+04    0.740670E+04
    4.3750    0.744759E+04   -0.745343E+04    0.745051E+04
    4.3800    0.750889E+04   -0.747968E+04    0.749428E+04
    4.3850    0.757729E+04   -0.750091E+04    0.753910E+04
    4.3900    0.765532E+04   -0.751695E+04    0.758613E+04
    4.3950    0.774521E+04   -0.752778E+04    0.763650E+04
    4.4000    0.784862E+04   -0.753345E+04    0.769103E+04
    4.4050    0.796629E+04   -0.753411E+04    0.775020E+04
    4.4100    0.809794E+04   -0.752992E+04    0.781393E+04
    4.4150    0.824220E+04   -0.752107E+04    0.788164E+04
    4.4200    0.839666E+04   -0.750769E+04    0.795218E+04
    4.4250    0.855812E+04   -0.748985E+04    0.802398E+04
    4.4300    0.872281E+04   -0.746751E+04    0.809516E+04
    4.4350    0.888682E+04   -0.744060E+04    0.816371E+04
    4.4400    0.904645E+04   -0.740894E+04    0.822769E+04
    4.4450    0.919859E+04   -0.737230E+04    0.828544E+04
    4.4500    0.934103E+04   -0.733045E+04    0.833574E+04
    4.4550    0.947269E+04   -0.728316E+04    0.837793E+04
    4.4600    0.959374E+04   -0.723026E+04    0.841200E+04
    4.4650    0.970560E+04   -0.717166E+04    0.843863E+04
    4.4700    0.981088E+04   -0.710737E+04    0.845913E+04
    4.4750    0.991339E+04   -0.703753E+04    0.847546E+04
    4.4800    0.100182E+05   -0.696239E+04    0.849031E+04
    4.4850    0.101327E+05   -0.688230E+04    0.850748E+04
    4.4900    0.102680E+05   -0.679772E+04    0.853287E+04
    4.4950    0.104432E+05   -0.670913E+04    0.857617E+04
    4.5000    0.106854E+05   -0.661701E+04    0.865122E+04
    4.5050    0.110146E+05   -0.652192E+04    0.876827E+04
    4.5100    0.114142E+05   -0.642424E+04    0.891921E+04
    4.5150    0.118367E+05   -0.632429E+04    0.908050E+04
    4.5200    0.122431E+05   -0.622227E+04    0.923269E+04
    4.5250    0.126172E+05   -0.611827E+04    0.936774E+04
    4.5300    0.129580E+05   -0.601222E+04    0.948510E+04
    4.5350    0.132720E+05   -0.590398E+04    0.958797E+04
    4.5400    0.135701E+05   -0.579333E+04    0.968172E+04
    4.5450    0.138641E+05   -0.567999E+04    0.977203E+04
    4.5500    0.141481E+05   -0.556368E+04    0.985587E+04
    4.5550    0.143675E+05   -0.544415E+04    0.990582E+04
    4.5600    0.144428E+05   -0.532122E+04    0.988200E+04
    4.5650    0.143609E+05   -0.519476E+04    0.977782E+04
    4.5700    0.141706E+05   -0.506479E+04    0.961770E+04
    4.5750    0.139231E+05   -0.493138E+04    0.942722E+04
    4.5800    0.136528E+05   -0.479473E+04    0.922375E+04
    4.5850    0.133806E+05   -0.465509E+04    0.901782E+04
    4.5900    0.131187E+05   -0.451278E+04    0.881573E+04
    4.5950    0.128743E+05   -0.436818E+04    0.862126E+04
    4.6000    0.126516E+05   -0.422166E+04    0.843663E+04
    4.6050    0.124523E+05   -0.407362E+04    0.826298E+04
    4.6100    0.122769E+05   -0.392444E+04    0.810066E+04
    4.6150    0.121243E+05   -0.377452E+04    0.794940E+04
    4.6200    0.119927E+05   -0.362423E+04    0.780845E+04
    4.6250    0.118794E+05   -0.347395E+04    0.767669E+04
    4.6300    0.117813E+05   -0.332406E+04    0.755270E+04
    4.6350    0.116948E+05   -0.317495E+04    0.743486E+04
    4.6400    0.116159E+05   -0.302700E+04    0.732143E+04
    4.6450    0.115406E+05   -0.288060E+04    0.721059E+04
    4.6500    0.114650E+05   -0.273610E+04    0.710054E+04
    4.6550    0.113852E+05   -0.259385E+04    0.698951E+04
    4.6600    0.112976E+05   -0.245411E+04    0.687586E+04
    4.6650    0.111991E+05   -0.231706E+04    0.675810E+04
    4.6700    0.110871E+05   -0.218282E+04    0.663496E+04
    4.6750    0.109595E+05   -0.205130E+04    0.650542E+04
    4.6800    0.108152E+05   -0.192236E+04    0.636879E+04
    4.6850    0.106537E+05   -0.179576E+04    0.622474E+04
    4.6900    0.104755E+05   -0.167116E+04    0.607332E+04
    4.6950    0.102818E+05   -0.154815E+04    0.591497E+04
    4.7000    0.100747E+05   -0.142632E+04    0.575051E+04
    4.7050    0.985691E+04   -0.130530E+04    0.558110E+04
    4.7100    0.963158E+04   -0.118478E+04    0.540818E+04
    4.7150    0.940217E+04   -0.106458E+04    0.523338E+04
    4.7200    0.917211E+04   -0.944662E+03    0.505838E+04
    4.7250    0.894458E+04   -0.825129E+03    0.488486E+04
    4.7300    0.872227E+04   -0.706248E+03    0.471426E+04
    4.7350    0.850705E+04   -0.588416E+03    0.454774E+04
    4.7400    0.829991E+04   -0.472126E+03    0.438602E+04
    4.7450    0.810074E+04   -0.357926E+03    0.422933E+04
    4.7500    0.790839E+04   -0.246367E+03    0.407738E+04
    4.7550    0.772068E+04   -0.137945E+03    0.392932E+04
    4.7600    0.753462E+04   -0.330574E+02    0.378384E+04
    4.7650    0.734662E+04    0.680385E+02    0.363929E+04
    4.7700    0.715288E+04    0.165255E+03    0.349381E+04
    4.7750    0.694965E+04    0.258662E+03    0.334549E+04
    4.7800    0.673371E+04    0.348515E+03    0.319260E+04
    4.7850    0.650263E+04    0.435209E+03    0.303371E+04
    4.7900    0.625503E+04    0.519245E+03    0.286789E+04
    4.7950    0.599077E+04    0.601182E+03    0.269479E+04
    4.8000    0.571097E+04    0.681584E+03    0.251469E+04
    4.8050    0.541800E+04    0.760978E+03    0.232851E+04
    4.8100    0.511526E+04    0.839799E+03    0.213773E+04
    4.8150    0.480690E+04    0.918362E+03    0.194427E+04
    4.8200    0.449753E+04    0.996844E+03    0.175034E+04
    4.8250    0.419164E+04    0.107527E+04    0.155819E+04
    4.8300    0.389346E+04    0.115352E+04    0.136997E+04
    4.8350    0.360646E+04    0.123140E+04    0.118753E+04
    4.8400    0.333303E+04    0.130860E+04    0.101221E+04
    4.8450    0.307434E+04    0.138481E+04    0.844766E+03
    4.8500    0.283024E+04    0.145969E+04    0.685279E+03
    4.8550    0.259940E+04    0.153299E+04    0.533203E+03
    4.8600    0.237927E+04    0.160456E+04    0.387356E+03
    4.8650    0.216654E+04    0.167430E+04    0.246122E+03
    4.8700    0.195740E+04    0.174226E+04    0.107570E+03
    4.8750    0.174795E+04    0.180862E+04   -0.303333E+02
    4.8800    0.153458E+04    0.187364E+04   -0.169529E+03
    4.8850    0.131429E+04    0.193765E+04   -0.311679E+03
    4.8900    0.108501E+04    0.200103E+04   -0.458010E+03
    4.8950    0.845741E+03    0.206414E+04   -0.609201E+03
    4.9000    0.596674E+03    0.212732E+04   -0.765321E+03
    4.9050    0.338974E+03    0.219080E+04   -0.925914E+03
    4.9100    0.750167E+02    0.225475E+04   -0.108987E+04
    4.9150   -0.192233E+03    0.231921E+04   -0.125572E+04
    4.9200   -0.459347E+03    0.238413E+04   -0.142174E+04
    4.9250   -0.722751E+03    0.244933E+04   -0.158604E+04
    4.9300   -0.979065E+03    0.251459E+04   -0.174683E+04
    4.9350   -0.122539E+04    0.257962E+04   -0.190250E+04
    4.9400   -0.145956E+04    0.264410E+04   -0.205183E+04
    4.9450   -0.168020E+04    0.270776E+04   -0.219398E+04
    4.9500   -0.188704E+04    0.277033E+04   -0.232869E+04
    4.9550   -0.208060E+04    0.283162E+04   -0.245611E+04
    4.9600   -0.226233E+04    0.289149E+04   -0.257691E+04
    4.9650   -0.243440E+04    0.294989E+04   -0.269214E+04
    4.9700   -0.259940E+04    0.300681E+04   -0.280310E+04
    4.9750   -0.276021E+04    0.306230E+04   -0.291125E+04
    4.9800   -0.291968E+04    0.311646E+04   -0.301807E+04
    4.9850   -0.308049E+04    0.316939E+04   -0.312494E+04
    4.9900   -0.324491E+04    0.322117E+04   -0.323304E+04
    4.9950   -0.341472E+04    0.327190E+04   -0.334331E+04
    5.0000   -0.359106E+04    0.332162E+04   -0.345634E+04
    5.0050   -0.377448E+04    0.337037E+04   -0.357243E+04
    5.0100   -0.396494E+04    0.341812E+04   -0.369153E+04
    5.0150   -0.416169E+04    0.346488E+04   -0.381328E+04
    5.0200   -0.436388E+04    0.351054E+04   -0.393721E+04
    5.0250   -0.457000E+04    0.355504E+04   -0.406252E+04
    5.0300   -0.477842E+04    0.359830E+04   -0.418836E+04
    5.0350   -0.498736E+04    0.364022E+04   -0.431379E+04
    5.0400   -0.519503E+04    0.368068E+04   -0.443785E+04
    5.0450   -0.539979E+04    0.371954E+04   -0.455967E+04
    5.0500   -0.560010E+04    0.375667E+04   -0.467839E+04
    5.0550   -0.579468E+04    0.379189E+04   -0.479328E+04
    5.0600   -0.598253E+04    0.382498E+04   -0.490376E+04
    5.0650   -0.616299E+04    0.385573E+04   -0.500936E+04
    5.0700   -0.633573E+04    0.388387E+04   -0.510980E+04
    5.0750   -0.650080E+04    0.390914E+04   -0.520497E+04
    5.0800   -0.665860E+04    0.393129E+04   -0.529495E+04
    5.0850   -0.680986E+04    0.395008E+04   -0.537997E+04
    5.0900   -0.695562E+04    0.396530E+04   -0.546046E+04
    5.0950   -0.709716E+04    0.397682E+04   -0.553699E+04
    5.1000   -0.723594E+04    0.398458E+04   -0.561026E+04
    5.1050   -0.737352E+04    0.398861E+04   -0.568107E+04
    5.1100   -0.751149E+04    0.398902E+04   -0.575026E+04
    5.1150   -0.765130E+04    0.398602E+04   -0.581866E+04
    5.1200   -0.779422E+04    0.397986E+04   -0.588704E+04
    5.1250   -0.794124E+04    0.397084E+04   -0.595604E+04
    5.1300   -0.809294E+04    0.395930E+04   -0.602612E+04
    5.1350   -0.824950E+04    0.394551E+04   -0.609751E+04
    5.1400   -0.841061E+04    0.392975E+04   -0.617018E+04
    5.1450   -0.857552E+04    0.391219E+04   -0.624385E+04
    5.1500   -0.874305E+04    0.389293E+04   -0.631799E+04
    5.1550   -0.891171E+04    0.387196E+04   -0.639183E+04
    5.1600   -0.907968E+04    0.384919E+04   -0.646443E+04
    5.1650   -0.924510E+04    0.382444E+04   -0.653477E+04
    5.1700   -0.940612E+04    0.379746E+04   -0.660179E+04
    5.1750   -0.956100E+04    0.376800E+04   -0.666450E+04
    5.1800   -0.970837E+04    0.373577E+04   -0.672207E+04
    5.1850   -0.984708E+04    0.370052E+04   -0.677380E+04
    5.1900   -0.997647E+04    0.366208E+04   -0.681928E+04
    5.1950   -0.100964E+05    0.362034E+04   -0.685835E+04
    5.2000   -0.102070E+05    0.357530E+04   -0.689115E+04
    5.2050   -0.103091E+05    0.352703E+04   -0.691807E+04
    5.2100   -0.104037E+05    0.347572E+04   -0.693972E+04
    5.2150   -0.104923E+05    0.342159E+04   -0.695692E+04
    5.2200   -0.105762E+05    0.336492E+04   -0.697058E+04
    5.2250   -0.106573E+05    0.330601E+04   -0.698165E+04
    5.2300   -0.107371E+05    0.324511E+04   -0.699111E+04
    5.2350   -0.108172E+05    0.318243E+04   -0.699981E+04
    5.2400   -0.108988E+05    0.311814E+04   -0.700850E+04
    5.2450   -0.109831E+05    0.305232E+04   -0.701772E+04
    5.2500   -0.110709E+05    0.298494E+04   -0.702791E+04
    5.2550   -0.111625E+05    0.291595E+04   -0.703921E+04
    5.2600   -0.112579E+05    0.284525E+04   -0.705156E+04
