    0.0000   -0.122645E-08    0.689409E-10   -0.647697E-09
    0.0050    0.133343E+04    0.155755E+03    0.588836E+03
    0.0100    0.133618E+04   -0.561949E+02    0.696187E+03
    0.0150    0.130815E+04   -0.248084E+03    0.778119E+03
    0.0200    0.126025E+04   -0.416352E+03    0.838301E+03
    0.0250    0.119756E+04   -0.557083E+03    0.877322E+03
    0.0300    0.112261E+04   -0.667806E+03    0.895206E+03
    0.0350    0.103852E+04   -0.749097E+03    0.893809E+03
    0.0400    0.950323E+03   -0.804975E+03    0.877649E+03
    0.0450    0.864103E+03   -0.841777E+03    0.852940E+03
    0.0500    0.785192E+03   -0.866054E+03    0.825623E+03
    0.0550    0.716698E+03   -0.882535E+03    0.799617E+03
    0.0600    0.659210E+03   -0.893078E+03    0.776144E+03
    0.0650    0.611690E+03   -0.896986E+03    0.754338E+03
    0.0700    0.572897E+03   -0.892381E+03    0.732639E+03
    0.0750    0.542349E+03   -0.877955E+03    0.710152E+03
    0.0800    0.520335E+03   -0.854295E+03    0.687315E+03
    0.0850    0.507584E+03   -0.824070E+03    0.665827E+03
    0.0900    0.505093E+03   -0.791035E+03    0.648064E+03
    0.0950    0.513674E+03   -0.758764E+03    0.636219E+03
    0.1000    0.533411E+03   -0.729711E+03    0.631561E+03
    0.1050    0.563440E+03   -0.704797E+03    0.634119E+03
    0.1100    0.602073E+03   -0.683536E+03    0.642805E+03
    0.1150    0.647105E+03   -0.664533E+03    0.655819E+03
    0.1200    0.696140E+03   -0.646126E+03    0.671133E+03
    0.1250    0.746859E+03   -0.626966E+03    0.686913E+03
    0.1300    0.797220E+03   -0.606420E+03    0.701820E+03
    0.1350    0.845581E+03   -0.584725E+03    0.715153E+03
    0.1400    0.890777E+03   -0.562896E+03    0.726836E+03
    0.1450    0.932121E+03   -0.542404E+03    0.737262E+03
    0.1500    0.969377E+03   -0.524736E+03    0.747057E+03
    0.1550    0.100268E+04   -0.510952E+03    0.756818E+03
    0.1600    0.103247E+04   -0.501390E+03    0.766928E+03
    0.1650    0.105935E+04   -0.495623E+03    0.777487E+03
    0.1700    0.108410E+04   -0.492675E+03    0.788385E+03
    0.1750    0.110753E+04   -0.491412E+03    0.799470E+03
    0.1800    0.113047E+04   -0.490961E+03    0.810715E+03
    0.1850    0.115367E+04   -0.490993E+03    0.822332E+03
    0.1900    0.117775E+04   -0.491774E+03    0.834762E+03
    0.1950    0.120314E+04   -0.493975E+03    0.848557E+03
    0.2000    0.123006E+04   -0.498316E+03    0.864189E+03
    0.2050    0.125853E+04   -0.505188E+03    0.881861E+03
    0.2100    0.128838E+04   -0.514376E+03    0.901380E+03
    0.2150    0.131929E+04   -0.524993E+03    0.922142E+03
    0.2200    0.135082E+04   -0.535633E+03    0.943226E+03
    0.2250    0.138250E+04   -0.544678E+03    0.963588E+03
    0.2300    0.141385E+04   -0.550684E+03    0.982268E+03
    0.2350    0.144447E+04   -0.552703E+03    0.998586E+03
    0.2400    0.147403E+04   -0.550476E+03    0.101225E+04
    0.2450    0.150234E+04   -0.544454E+03    0.102339E+04
    0.2500    0.152933E+04   -0.535667E+03    0.103250E+04
    0.2550    0.155508E+04   -0.525487E+03    0.104029E+04
    0.2600    0.157966E+04   -0.515229E+03    0.104744E+04
    0.2650    0.160279E+04   -0.505590E+03    0.105419E+04
    0.2700    0.162398E+04   -0.496471E+03    0.106022E+04
    0.2750    0.164279E+04   -0.487376E+03    0.106509E+04
    0.2800    0.165911E+04   -0.477821E+03    0.106846E+04
    0.2850    0.167296E+04   -0.467530E+03    0.107024E+04
    0.2900    0.168452E+04   -0.456513E+03    0.107052E+04
    0.2950    0.169401E+04   -0.445037E+03    0.106953E+04
    0.3000    0.170169E+04   -0.433519E+03    0.106761E+04
    0.3050    0.170782E+04   -0.422364E+03    0.106509E+04
    0.3100    0.171265E+04   -0.411828E+03    0.106224E+04
    0.3150    0.171638E+04   -0.404198E+03    0.106029E+04
    0.3200    0.171919E+04   -0.395090E+03    0.105714E+04
    0.3250    0.172119E+04   -0.386329E+03    0.105376E+04
    0.3300    0.172246E+04   -0.377783E+03    0.105012E+04
    0.3350    0.172304E+04   -0.369493E+03    0.104627E+04
    0.3400    0.172293E+04   -0.361757E+03    0.104234E+04
    0.3450    0.172215E+04   -0.355112E+03    0.103863E+04
    0.3500    0.172070E+04   -0.350234E+03    0.103547E+04
    0.3550    0.171862E+04   -0.347791E+03    0.103321E+04
    0.3600    0.171601E+04   -0.348283E+03    0.103215E+04
    0.3650    0.171300E+04   -0.351935E+03    0.103247E+04
    0.3700    0.170976E+04   -0.358656E+03    0.103421E+04
    0.3750    0.170651E+04   -0.368073E+03    0.103729E+04
    0.3800    0.170345E+04   -0.379622E+03    0.104154E+04
    0.3850    0.170078E+04   -0.392660E+03    0.104672E+04
    0.3900    0.169865E+04   -0.406570E+03    0.105261E+04
    0.3950    0.169713E+04   -0.420809E+03    0.105897E+04
    0.4000    0.169623E+04   -0.434917E+03    0.106557E+04
    0.4050    0.169582E+04   -0.448477E+03    0.107215E+04
    0.4100    0.169571E+04   -0.461056E+03    0.107838E+04
    0.4150    0.169558E+04   -0.472167E+03    0.108388E+04
    0.4200    0.169510E+04   -0.481276E+03    0.108819E+04
    0.4250    0.169387E+04   -0.487860E+03    0.109087E+04
    0.4300    0.169156E+04   -0.491535E+03    0.109155E+04
    0.4350    0.168790E+04   -0.492203E+03    0.109005E+04
    0.4400    0.168277E+04   -0.490136E+03    0.108645E+04
    0.4450    0.167611E+04   -0.485744E+03    0.108093E+04
    0.4500    0.166776E+04   -0.479059E+03    0.107341E+04
    0.4550    0.165754E+04   -0.469720E+03    0.106363E+04
    0.4600    0.164547E+04   -0.457448E+03    0.105146E+04
    0.4650    0.163181E+04   -0.442228E+03    0.103702E+04
    0.4700    0.161696E+04   -0.424233E+03    0.102059E+04
    0.4750    0.160138E+04   -0.403726E+03    0.100255E+04
    0.4800    0.158554E+04   -0.381026E+03    0.983285E+03
    0.4850    0.156984E+04   -0.356504E+03    0.963172E+03
    0.4900    0.155459E+04   -0.330600E+03    0.942594E+03
    0.4950    0.154000E+04   -0.303820E+03    0.921910E+03
    0.5000    0.152617E+04   -0.276721E+03    0.901448E+03
    0.5050    0.151311E+04   -0.249874E+03    0.881491E+03
    0.5100    0.150071E+04   -0.223815E+03    0.862261E+03
    0.5150    0.148882E+04   -0.199002E+03    0.843913E+03
    0.5200    0.147727E+04   -0.175789E+03    0.826528E+03
    0.5250    0.146585E+04   -0.154403E+03    0.810126E+03
    0.5300    0.145439E+04   -0.134958E+03    0.794674E+03
    0.5350    0.144276E+04   -0.117457E+03    0.780109E+03
    0.5400    0.143089E+04   -0.101813E+03    0.766351E+03
    0.5450    0.141877E+04   -0.878560E+02    0.753315E+03
    0.5500    0.140648E+04   -0.753302E+02    0.740903E+03
    0.5550    0.139410E+04   -0.638929E+02    0.728996E+03
    0.5600    0.138177E+04   -0.531095E+02    0.717442E+03
    0.5650    0.136963E+04   -0.424629E+02    0.706046E+03
    0.5700    0.135777E+04   -0.313792E+02    0.694572E+03
    0.5750    0.134624E+04   -0.192724E+02    0.682757E+03
    0.5800    0.133505E+04   -0.560068E+01    0.670328E+03
    0.5850    0.132412E+04    0.100842E+02    0.657017E+03
    0.5900    0.131327E+04    0.280761E+02    0.642596E+03
    0.5950    0.130226E+04    0.484990E+02    0.626880E+03
    0.6000    0.129080E+04    0.712979E+02    0.609749E+03
    0.6050    0.127855E+04    0.962539E+02    0.591148E+03
    0.6100    0.126520E+04    0.123006E+03    0.571099E+03
    0.6150    0.125049E+04    0.151071E+03    0.549711E+03
    0.6200    0.123425E+04    0.179846E+03    0.527200E+03
    0.6250    0.121642E+04    0.208655E+03    0.503881E+03
    0.6300    0.119703E+04    0.236944E+03    0.480045E+03
    0.6350    0.117612E+04    0.264556E+03    0.455781E+03
    0.6400    0.115376E+04    0.291634E+03    0.431062E+03
    0.6450    0.113022E+04    0.318303E+03    0.405958E+03
    0.6500    0.110593E+04    0.344556E+03    0.380687E+03
    0.6550    0.108141E+04    0.370293E+03    0.355558E+03
    0.6600    0.105719E+04    0.395371E+03    0.330910E+03
    0.6650    0.103378E+04    0.419629E+03    0.307075E+03
    0.6700    0.101161E+04    0.442909E+03    0.284351E+03
    0.6750    0.991026E+03    0.465057E+03    0.262984E+03
    0.6800    0.972240E+03    0.485922E+03    0.243159E+03
    0.6850    0.955328E+03    0.505354E+03    0.224987E+03
    0.6900    0.940218E+03    0.523200E+03    0.208509E+03
    0.6950    0.926700E+03    0.539322E+03    0.193689E+03
    0.7000    0.914445E+03    0.553603E+03    0.180421E+03
    0.7050    0.903034E+03    0.565970E+03    0.168532E+03
    0.7100    0.891985E+03    0.576413E+03    0.157786E+03
    0.7150    0.880799E+03    0.584993E+03    0.147903E+03
    0.7200    0.868989E+03    0.591846E+03    0.138572E+03
    0.7250    0.856132E+03    0.597176E+03    0.129478E+03
    0.7300    0.841896E+03    0.601236E+03    0.120330E+03
    0.7350    0.826075E+03    0.604306E+03    0.110885E+03
    0.7400    0.808603E+03    0.606667E+03    0.100968E+03
    0.7450    0.789552E+03    0.608589E+03    0.904812E+02
    0.7500    0.769126E+03    0.610313E+03    0.794063E+02
    0.7550    0.747638E+03    0.612040E+03    0.677989E+02
    0.7600    0.725482E+03    0.613934E+03    0.557744E+02
    0.7650    0.703099E+03    0.616111E+03    0.434940E+02
    0.7700    0.680935E+03    0.618642E+03    0.311466E+02
    0.7750    0.659399E+03    0.621544E+03    0.189274E+02
    0.7800    0.638826E+03    0.624783E+03    0.702154E+01
    0.7850    0.619448E+03    0.628267E+03   -0.440922E+01
    0.7900    0.601377E+03    0.631864E+03   -0.152432E+02
    0.7950    0.584600E+03    0.635401E+03   -0.254004E+02
    0.8000    0.568995E+03    0.638674E+03   -0.348394E+02
    0.8050    0.554355E+03    0.641466E+03   -0.435554E+02
    0.8100    0.540421E+03    0.643609E+03   -0.515940E+02
    0.8150    0.526891E+03    0.645251E+03   -0.591800E+02
    0.8200    0.513422E+03    0.647541E+03   -0.670594E+02
    0.8250    0.499682E+03    0.655718E+03   -0.780181E+02
    0.8300    0.485396E+03    0.705315E+03   -0.109959E+03
    0.8350    0.470346E+03    0.769238E+03   -0.149446E+03
    0.8400    0.454389E+03    0.782905E+03   -0.164258E+03
    0.8450    0.437427E+03    0.784957E+03   -0.173765E+03
    0.8500    0.419419E+03    0.783636E+03   -0.182109E+03
    0.8550    0.400379E+03    0.781062E+03   -0.190342E+03
    0.8600    0.380388E+03    0.777946E+03   -0.198779E+03
    0.8650    0.359585E+03    0.774524E+03   -0.207470E+03
    0.8700    0.338146E+03    0.770810E+03   -0.216332E+03
    0.8750    0.316273E+03    0.766724E+03   -0.225226E+03
    0.8800    0.294160E+03    0.762136E+03   -0.233988E+03
    0.8850    0.271976E+03    0.756877E+03   -0.242451E+03
    0.8900    0.249828E+03    0.750804E+03   -0.250488E+03
    0.8950    0.227749E+03    0.743767E+03   -0.258009E+03
    0.9000    0.205635E+03    0.735693E+03   -0.265029E+03
    0.9050    0.183207E+03    0.726569E+03   -0.271681E+03
    0.9100    0.160039E+03    0.716435E+03   -0.278198E+03
    0.9150    0.135369E+03    0.705438E+03   -0.285035E+03
    0.9200    0.108095E+03    0.693815E+03   -0.292860E+03
    0.9250    0.766219E+02    0.681861E+03   -0.302619E+03
    0.9300    0.385891E+02    0.669940E+03   -0.315676E+03
    0.9350   -0.949250E+01    0.658451E+03   -0.333972E+03
    0.9400   -0.714321E+02    0.647787E+03   -0.359609E+03
    0.9450   -0.127376E+03    0.638335E+03   -0.382856E+03
    0.9500   -0.112777E+02    0.630440E+03   -0.320859E+03
    0.9550    0.151434E+03    0.624412E+03   -0.236489E+03
    0.9600    0.243443E+03    0.620464E+03   -0.188510E+03
    0.9650    0.288632E+03    0.618698E+03   -0.165033E+03
    0.9700    0.302156E+03    0.619113E+03   -0.158479E+03
    0.9750    0.292590E+03    0.621612E+03   -0.164511E+03
    0.9800    0.265781E+03    0.625963E+03   -0.180091E+03
    0.9850    0.226159E+03    0.631798E+03   -0.202820E+03
    0.9900    0.177447E+03    0.638564E+03   -0.230559E+03
    0.9950    0.123096E+03    0.645478E+03   -0.261191E+03
    1.0000    0.663320E+02    0.651539E+03   -0.292603E+03
    1.0050    0.100297E+02    0.655443E+03   -0.322706E+03
    1.0100   -0.436388E+02    0.655127E+03   -0.349383E+03
    1.0150   -0.930533E+02    0.646582E+03   -0.369818E+03
    1.0200   -0.136379E+03    0.621439E+03   -0.378909E+03
    1.0250   -0.170712E+03    0.566083E+03   -0.368398E+03
    1.0300   -0.194440E+03    0.485166E+03   -0.339803E+03
    1.0350   -0.214239E+03    0.424455E+03   -0.319347E+03
    1.0400   -0.235477E+03    0.399557E+03   -0.317517E+03
    1.0450   -0.257313E+03    0.396635E+03   -0.326974E+03
    1.0500   -0.278308E+03    0.404904E+03   -0.341606E+03
    1.0550   -0.297647E+03    0.418841E+03   -0.358244E+03
    1.0600   -0.314928E+03    0.435610E+03   -0.375269E+03
    1.0650   -0.330005E+03    0.453655E+03   -0.391830E+03
    1.0700   -0.342767E+03    0.472064E+03   -0.407416E+03
    1.0750   -0.353111E+03    0.490274E+03   -0.421693E+03
    1.0800   -0.360916E+03    0.507963E+03   -0.434439E+03
    1.0850   -0.365984E+03    0.524917E+03   -0.445451E+03
    1.0900   -0.368132E+03    0.541048E+03   -0.454590E+03
    1.0950   -0.367180E+03    0.556334E+03   -0.461757E+03
    1.1000   -0.362934E+03    0.570798E+03   -0.466866E+03
    1.1050   -0.355307E+03    0.584502E+03   -0.469904E+03
    1.1100   -0.344244E+03    0.597511E+03   -0.470878E+03
    1.1150   -0.329853E+03    0.609910E+03   -0.469882E+03
    1.1200   -0.312330E+03    0.621764E+03   -0.467047E+03
    1.1250   -0.291990E+03    0.633113E+03   -0.462552E+03
    1.1300   -0.269301E+03    0.643975E+03   -0.456638E+03
    1.1350   -0.244803E+03    0.654325E+03   -0.449564E+03
    1.1400   -0.219140E+03    0.664101E+03   -0.441621E+03
    1.1450   -0.192987E+03    0.673206E+03   -0.433096E+03
    1.1500   -0.166991E+03    0.681504E+03   -0.424247E+03
    1.1550   -0.141795E+03    0.688849E+03   -0.415322E+03
    1.1600   -0.117896E+03    0.695072E+03   -0.406484E+03
    1.1650   -0.956868E+02    0.700007E+03   -0.397847E+03
    1.1700   -0.752997E+02    0.703460E+03   -0.389380E+03
    1.1750   -0.566595E+02    0.705227E+03   -0.380943E+03
    1.1800   -0.394728E+02    0.705121E+03   -0.372297E+03
    1.1850   -0.235149E+02    0.703157E+03   -0.363336E+03
    1.1900   -0.884428E+01    0.699688E+03   -0.354266E+03
    1.1950    0.453890E+01    0.695223E+03   -0.345342E+03
    1.2000    0.168689E+02    0.690234E+03   -0.336683E+03
    1.2050    0.285648E+02    0.685106E+03   -0.328271E+03
    1.2100    0.400894E+02    0.680138E+03   -0.320024E+03
    1.2150    0.517940E+02    0.675578E+03   -0.311892E+03
    1.2200    0.639367E+02    0.671612E+03   -0.303838E+03
    1.2250    0.765757E+02    0.668381E+03   -0.295903E+03
    1.2300    0.896443E+02    0.665975E+03   -0.288166E+03
    1.2350    0.102897E+03    0.664442E+03   -0.280772E+03
    1.2400    0.115996E+03    0.663786E+03   -0.273895E+03
    1.2450    0.128528E+03    0.663964E+03   -0.267718E+03
    1.2500    0.140032E+03    0.664907E+03   -0.262437E+03
    1.2550    0.150073E+03    0.666504E+03   -0.258216E+03
    1.2600    0.158257E+03    0.668633E+03   -0.255188E+03
    1.2650    0.164295E+03    0.671147E+03   -0.253426E+03
    1.2700    0.168017E+03    0.673884E+03   -0.252934E+03
    1.2750    0.169332E+03    0.676742E+03   -0.253705E+03
    1.2800    0.168344E+03    0.679575E+03   -0.255616E+03
    1.2850    0.165234E+03    0.682272E+03   -0.258519E+03
    1.2900    0.160287E+03    0.684748E+03   -0.262231E+03
    1.2950    0.153824E+03    0.686949E+03   -0.266562E+03
    1.3000    0.146206E+03    0.688844E+03   -0.271319E+03
    1.3050    0.137780E+03    0.690423E+03   -0.276321E+03
    1.3100    0.128763E+03    0.691740E+03   -0.281489E+03
    1.3150    0.119363E+03    0.692830E+03   -0.286733E+03
    1.3200    0.109682E+03    0.693756E+03   -0.292037E+03
    1.3250    0.996369E+02    0.694606E+03   -0.297484E+03
    1.3300    0.890944E+02    0.695454E+03   -0.303180E+03
    1.3350    0.778325E+02    0.696367E+03   -0.309267E+03
    1.3400    0.655604E+02    0.697388E+03   -0.315914E+03
    1.3450    0.519797E+02    0.698533E+03   -0.323277E+03
    1.3500    0.368316E+02    0.699772E+03   -0.331470E+03
    1.3550    0.199744E+02    0.701028E+03   -0.340527E+03
    1.3600    0.142884E+01    0.702167E+03   -0.350369E+03
    1.3650   -0.186415E+02    0.703040E+03   -0.360841E+03
    1.3700   -0.401363E+02    0.703577E+03   -0.371857E+03
    1.3750   -0.630806E+02    0.703827E+03   -0.383454E+03
    1.3800   -0.875153E+02    0.703848E+03   -0.395682E+03
    1.3850   -0.113165E+03    0.703647E+03   -0.408406E+03
    1.3900   -0.139641E+03    0.703161E+03   -0.421401E+03
    1.3950   -0.166535E+03    0.702272E+03   -0.434403E+03
    1.4000   -0.193491E+03    0.700823E+03   -0.447157E+03
    1.4050   -0.220254E+03    0.698629E+03   -0.459442E+03
    1.4100   -0.246741E+03    0.695506E+03   -0.471123E+03
    1.4150   -0.272886E+03    0.691201E+03   -0.482043E+03
    1.4200   -0.298766E+03    0.685458E+03   -0.492112E+03
    1.4250   -0.324681E+03    0.678094E+03   -0.501387E+03
    1.4300   -0.350914E+03    0.668893E+03   -0.509904E+03
    1.4350   -0.377793E+03    0.657668E+03   -0.517731E+03
    1.4400   -0.405645E+03    0.644270E+03   -0.524957E+03
    1.4450   -0.434752E+03    0.628582E+03   -0.531667E+03
    1.4500   -0.465332E+03    0.610540E+03   -0.537936E+03
    1.4550   -0.497500E+03    0.590121E+03   -0.543811E+03
    1.4600   -0.531268E+03    0.567358E+03   -0.549313E+03
    1.4650   -0.566533E+03    0.542322E+03   -0.554427E+03
    1.4700   -0.603095E+03    0.515130E+03   -0.559113E+03
    1.4750   -0.640672E+03    0.485926E+03   -0.563299E+03
    1.4800   -0.678941E+03    0.454880E+03   -0.566910E+03
    1.4850   -0.717562E+03    0.422164E+03   -0.569863E+03
    1.4900   -0.756230E+03    0.387955E+03   -0.572093E+03
    1.4950   -0.794682E+03    0.352408E+03   -0.573545E+03
    1.5000   -0.832750E+03    0.315661E+03   -0.574205E+03
    1.5050   -0.870351E+03    0.277813E+03   -0.574082E+03
    1.5100   -0.907511E+03    0.238940E+03   -0.573225E+03
    1.5150   -0.944333E+03    0.199073E+03   -0.571703E+03
    1.5200   -0.981001E+03    0.158226E+03   -0.569613E+03
    1.5250   -0.101771E+04    0.116380E+03   -0.567043E+03
    1.5300   -0.105463E+04    0.735112E+02   -0.564072E+03
    1.5350   -0.109187E+04    0.295842E+02   -0.560729E+03
    1.5400   -0.112939E+04   -0.154252E+02   -0.556982E+03
    1.5450   -0.116694E+04   -0.615317E+02   -0.552702E+03
    1.5500   -0.120411E+04   -0.108728E+03   -0.547692E+03
    1.5550   -0.124042E+04   -0.156991E+03   -0.541713E+03
    1.5600   -0.127510E+04   -0.206292E+03   -0.534406E+03
    1.5650   -0.130684E+04   -0.256589E+03   -0.525126E+03
    1.5700   -0.133362E+04   -0.307816E+03   -0.512902E+03
    1.5750   -0.135293E+04   -0.359917E+03   -0.496504E+03
    1.5800   -0.136296E+04   -0.412806E+03   -0.475075E+03
    1.5850   -0.136519E+04   -0.466389E+03   -0.449400E+03
    1.5900   -0.136740E+04   -0.520572E+03   -0.423414E+03
    1.5950   -0.138266E+04   -0.575247E+03   -0.403707E+03
    1.6000   -0.142227E+04   -0.630300E+03   -0.395984E+03
    1.6050   -0.148987E+04   -0.685598E+03   -0.402135E+03
    1.6100   -0.158216E+04   -0.741003E+03   -0.420579E+03
    1.6150   -0.169277E+04   -0.796357E+03   -0.448206E+03
    1.6200   -0.181507E+04   -0.851489E+03   -0.481790E+03
    1.6250   -0.194338E+04   -0.906224E+03   -0.518576E+03
    1.6300   -0.207320E+04   -0.960377E+03   -0.556410E+03
    1.6350   -0.220109E+04   -0.101377E+04   -0.593655E+03
    1.6400   -0.232448E+04   -0.106625E+04   -0.629118E+03
    1.6450   -0.244148E+04   -0.111765E+04   -0.661916E+03
    1.6500   -0.255073E+04   -0.116787E+04   -0.691428E+03
    1.6550   -0.265129E+04   -0.121683E+04   -0.717232E+03
    1.6600   -0.274254E+04   -0.126445E+04   -0.739042E+03
    1.6650   -0.282417E+04   -0.131075E+04   -0.756712E+03
    1.6700   -0.289611E+04   -0.135572E+04   -0.770196E+03
    1.6750   -0.295847E+04   -0.139940E+04   -0.779538E+03
    1.6800   -0.301155E+04   -0.144185E+04   -0.784848E+03
    1.6850   -0.305575E+04   -0.148311E+04   -0.786316E+03
    1.6900   -0.309156E+04   -0.152324E+04   -0.784159E+03
    1.6950   -0.311952E+04   -0.156225E+04   -0.778633E+03
    1.7000   -0.314021E+04   -0.160015E+04   -0.770026E+03
    1.7050   -0.315413E+04   -0.163692E+04   -0.758609E+03
    1.7100   -0.316179E+04   -0.167248E+04   -0.744655E+03
    1.7150   -0.316362E+04   -0.170677E+04   -0.728428E+03
    1.7200   -0.315998E+04   -0.173966E+04   -0.710159E+03
    1.7250   -0.315118E+04   -0.177104E+04   -0.690070E+03
    1.7300   -0.313761E+04   -0.180081E+04   -0.668401E+03
    1.7350   -0.311946E+04   -0.182884E+04   -0.645309E+03
    1.7400   -0.309689E+04   -0.185505E+04   -0.620922E+03
    1.7450   -0.306972E+04   -0.187932E+04   -0.595199E+03
    1.7500   -0.303760E+04   -0.190158E+04   -0.568011E+03
    1.7550   -0.300031E+04   -0.192177E+04   -0.539268E+03
    1.7600   -0.295782E+04   -0.193988E+04   -0.508974E+03
    1.7650   -0.291031E+04   -0.195590E+04   -0.477204E+03
    1.7700   -0.285807E+04   -0.196988E+04   -0.444095E+03
    1.7750   -0.280172E+04   -0.198188E+04   -0.409922E+03
    1.7800   -0.274187E+04   -0.199195E+04   -0.374961E+03
    1.7850   -0.267928E+04   -0.200016E+04   -0.339558E+03
    1.7900   -0.261476E+04   -0.200656E+04   -0.304102E+03
    1.7950   -0.254914E+04   -0.201119E+04   -0.268973E+03
    1.8000   -0.248319E+04   -0.201409E+04   -0.234551E+03
    1.8050   -0.241759E+04   -0.201529E+04   -0.201150E+03
    1.8100   -0.235282E+04   -0.201480E+04   -0.169011E+03
    1.8150   -0.228921E+04   -0.201264E+04   -0.138286E+03
    1.8200   -0.222682E+04   -0.200882E+04   -0.109003E+03
    1.8250   -0.216552E+04   -0.200335E+04   -0.810852E+02
    1.8300   -0.210498E+04   -0.199627E+04   -0.543573E+02
    1.8350   -0.204470E+04   -0.198759E+04   -0.285551E+02
    1.8400   -0.198412E+04   -0.197738E+04   -0.336990E+01
    1.8450   -0.192264E+04   -0.196568E+04    0.215206E+02
    1.8500   -0.185971E+04   -0.195255E+04    0.464218E+02
    1.8550   -0.179493E+04   -0.193807E+04    0.715705E+02
    1.8600   -0.172805E+04   -0.192231E+04    0.971280E+02
    1.8650   -0.165904E+04   -0.190533E+04    0.123145E+03
    1.8700   -0.158809E+04   -0.188721E+04    0.149560E+03
    1.8750   -0.151556E+04   -0.186799E+04    0.176217E+03
    1.8800   -0.144212E+04   -0.184776E+04    0.202823E+03
    1.8850   -0.136834E+04   -0.182656E+04    0.229111E+03
    1.8900   -0.129503E+04   -0.180446E+04    0.254711E+03
    1.8950   -0.122299E+04   -0.178153E+04    0.279270E+03
    1.9000   -0.115296E+04   -0.175788E+04    0.302463E+03
    1.9050   -0.108564E+04   -0.173365E+04    0.324006E+03
    1.9100   -0.102167E+04   -0.170902E+04    0.343675E+03
    1.9150   -0.961635E+03   -0.168418E+04    0.361274E+03
    1.9200   -0.906096E+03   -0.165943E+04    0.376665E+03
    1.9250   -0.855423E+03   -0.163504E+04    0.389808E+03
    1.9300   -0.809504E+03   -0.161131E+04    0.400905E+03
    1.9350   -0.767764E+03   -0.158852E+04    0.410376E+03
    1.9400   -0.729583E+03   -0.156689E+04    0.418656E+03
    1.9450   -0.694367E+03   -0.154665E+04    0.426142E+03
    1.9500   -0.661969E+03   -0.152798E+04    0.433005E+03
    1.9550   -0.631964E+03   -0.151094E+04    0.439487E+03
    1.9600   -0.604014E+03   -0.149549E+04    0.445735E+03
    1.9650   -0.578113E+03   -0.148151E+04    0.451697E+03
    1.9700   -0.553918E+03   -0.146872E+04    0.457399E+03
    1.9750   -0.531664E+03   -0.145680E+04    0.462569E+03
    1.9800   -0.511296E+03   -0.144531E+04    0.467008E+03
    1.9850   -0.492996E+03   -0.143378E+04    0.470390E+03
    1.9900   -0.476968E+03   -0.142171E+04    0.472371E+03
    1.9950   -0.463345E+03   -0.140867E+04    0.472664E+03
    2.0000   -0.452025E+03   -0.139431E+04    0.471141E+03
    2.0050   -0.442602E+03   -0.137838E+04    0.467889E+03
    2.0100   -0.434268E+03   -0.136081E+04    0.463269E+03
    2.0150   -0.425971E+03   -0.134168E+04    0.457853E+03
    2.0200   -0.416233E+03   -0.132121E+04    0.452490E+03
    2.0250   -0.403843E+03   -0.129979E+04    0.447976E+03
    2.0300   -0.387830E+03   -0.127788E+04    0.445026E+03
    2.0350   -0.367777E+03   -0.125598E+04    0.444100E+03
    2.0400   -0.343950E+03   -0.123454E+04    0.445297E+03
    2.0450   -0.317337E+03   -0.121398E+04    0.448321E+03
    2.0500   -0.289480E+03   -0.119455E+04    0.452536E+03
    2.0550   -0.262224E+03   -0.117641E+04    0.457093E+03
    2.0600   -0.237346E+03   -0.115958E+04    0.461115E+03
    2.0650   -0.216238E+03   -0.114400E+04    0.463880E+03
    2.0700   -0.199578E+03   -0.112961E+04    0.465016E+03
    2.0750   -0.187374E+03   -0.111639E+04    0.464510E+03
    2.0800   -0.179058E+03   -0.110443E+04    0.462687E+03
    2.0850   -0.173641E+03   -0.109394E+04    0.460150E+03
    2.0900   -0.170724E+03   -0.108523E+04    0.457253E+03
    2.0950   -0.171545E+03   -0.107861E+04    0.453534E+03
    2.1000   -0.179869E+03   -0.107429E+04    0.447212E+03
    2.1050   -0.200479E+03   -0.107225E+04    0.435884E+03
    2.1100   -0.229274E+03   -0.107219E+04    0.421458E+03
    2.1150   -0.233699E+03   -0.107363E+04    0.419963E+03
    2.1200   -0.169420E+03   -0.107603E+04    0.453306E+03
    2.1250   -0.365452E+02   -0.107914E+04    0.521296E+03
    2.1300    0.131616E+03   -0.108316E+04    0.607387E+03
    2.1350    0.307178E+03   -0.108885E+04    0.698013E+03
    2.1400    0.475991E+03   -0.109724E+04    0.786615E+03
    2.1450    0.632235E+03   -0.110919E+04    0.870715E+03
    2.1500    0.772615E+03   -0.112498E+04    0.948798E+03
    2.1550    0.893160E+03   -0.114422E+04    0.101869E+04
    2.1600    0.988774E+03   -0.116641E+04    0.107759E+04
    2.1650    0.105492E+04   -0.119172E+04    0.112332E+04
    2.1700    0.109057E+04   -0.122145E+04    0.115601E+04
    2.1750    0.110074E+04   -0.125744E+04    0.117909E+04
    2.1800    0.109544E+04   -0.130067E+04    0.119806E+04
    2.1850    0.108438E+04   -0.135085E+04    0.121762E+04
    2.1900    0.107085E+04   -0.140862E+04    0.123974E+04
    2.1950    0.105001E+04   -0.147825E+04    0.126413E+04
    2.2000    0.101308E+04   -0.156815E+04    0.129062E+04
    2.2050    0.954912E+03   -0.168627E+04    0.132059E+04
    2.2100    0.879796E+03   -0.182886E+04    0.135433E+04
    2.2150    0.799024E+03   -0.197610E+04    0.138756E+04
    2.2200    0.720392E+03   -0.211552E+04    0.141796E+04
    2.2250    0.640804E+03   -0.225946E+04    0.145013E+04
    2.2300    0.550143E+03   -0.240936E+04    0.147975E+04
    2.2350    0.442376E+03   -0.251690E+04    0.147964E+04
    2.2400    0.323685E+03   -0.254867E+04    0.143618E+04
    2.2450    0.207572E+03   -0.254022E+04    0.137390E+04
    2.2500    0.999497E+02   -0.252702E+04    0.131349E+04
    2.2550   -0.671078E+01   -0.250810E+04    0.125070E+04
    2.2600   -0.122369E+03   -0.247363E+04    0.117563E+04
    2.2650   -0.245546E+03   -0.243556E+04    0.109501E+04
    2.2700   -0.363939E+03   -0.241976E+04    0.102791E+04
    2.2750   -0.470671E+03   -0.243364E+04    0.981483E+03
    2.2800   -0.573816E+03   -0.245741E+04    0.941796E+03
    2.2850   -0.685019E+03   -0.247119E+04    0.893088E+03
    2.2900   -0.804258E+03   -0.247989E+04    0.837814E+03
    2.2950   -0.921794E+03   -0.250171E+04    0.789956E+03
    2.3000   -0.103406E+04   -0.253781E+04    0.751873E+03
    2.3050   -0.114927E+04   -0.256762E+04    0.709173E+03
    2.3100   -0.127528E+04   -0.257619E+04    0.650456E+03
    2.3150   -0.140949E+04   -0.257163E+04    0.581071E+03
    2.3200   -0.154414E+04   -0.256794E+04    0.511899E+03
    2.3250   -0.167712E+04   -0.256088E+04    0.441878E+03
    2.3300   -0.181240E+04   -0.253328E+04    0.360438E+03
    2.3350   -0.195265E+04   -0.248025E+04    0.263800E+03
    2.3400   -0.209491E+04   -0.241493E+04    0.160012E+03
    2.3450   -0.223358E+04   -0.234800E+04    0.572086E+02
    2.3500   -0.236644E+04   -0.227270E+04   -0.468710E+02
    2.3550   -0.249702E+04   -0.217926E+04   -0.158878E+03
    2.3600   -0.262906E+04   -0.207368E+04   -0.277688E+03
    2.3650   -0.276024E+04   -0.197211E+04   -0.394066E+03
    2.3700   -0.288540E+04   -0.187826E+04   -0.503574E+03
    2.3750   -0.300590E+04   -0.178155E+04   -0.612175E+03
    2.3800   -0.312869E+04   -0.167946E+04   -0.724616E+03
    2.3850   -0.325524E+04   -0.158585E+04   -0.834694E+03
    2.3900   -0.337952E+04   -0.151002E+04   -0.934754E+03
    2.3950   -0.349896E+04   -0.144293E+04   -0.102801E+04
    2.4000   -0.361854E+04   -0.137665E+04   -0.112095E+04
    2.4050   -0.374067E+04   -0.132150E+04   -0.120958E+04
    2.4100   -0.385946E+04   -0.129109E+04   -0.128418E+04
    2.4150   -0.396929E+04   -0.128766E+04   -0.134081E+04
    2.4200   -0.407163E+04   -0.132572E+04   -0.137296E+04
    2.4250   -0.416901E+04   -0.144990E+04   -0.135955E+04
    2.4300   -0.425817E+04   -0.167189E+04   -0.129314E+04
    2.4350   -0.433427E+04   -0.193203E+04   -0.120112E+04
    2.4400   -0.439769E+04   -0.217357E+04   -0.111206E+04
    2.4450   -0.445195E+04   -0.236187E+04   -0.104504E+04
    2.4500   -0.449813E+04   -0.248641E+04   -0.100586E+04
    2.4550   -0.453501E+04   -0.256275E+04   -0.986128E+03
    2.4600   -0.456313E+04   -0.261308E+04   -0.975026E+03
    2.4650   -0.458553E+04   -0.265113E+04   -0.967201E+03
    2.4700   -0.460479E+04   -0.268245E+04   -0.961172E+03
    2.4750   -0.462142E+04   -0.271120E+04   -0.955110E+03
    2.4800   -0.463487E+04   -0.274285E+04   -0.946012E+03
    2.4850   -0.464484E+04   -0.278227E+04   -0.931283E+03
    2.4900   -0.465119E+04   -0.283183E+04   -0.909679E+03
    2.4950   -0.465325E+04   -0.289173E+04   -0.880758E+03
    2.5000   -0.464938E+04   -0.296167E+04   -0.843857E+03
    2.5050   -0.463722E+04   -0.304162E+04   -0.797797E+03
    2.5100   -0.461445E+04   -0.313138E+04   -0.741536E+03
    2.5150   -0.457985E+04   -0.322984E+04   -0.675005E+03
    2.5200   -0.453345E+04   -0.333510E+04   -0.599172E+03
    2.5250   -0.447570E+04   -0.344519E+04   -0.515257E+03
    2.5300   -0.440689E+04   -0.355848E+04   -0.424203E+03
    2.5350   -0.432771E+04   -0.367352E+04   -0.327095E+03
    2.5400   -0.424039E+04   -0.378861E+04   -0.225894E+03
    2.5450   -0.414888E+04   -0.390168E+04   -0.123602E+03
    2.5500   -0.405761E+04   -0.401051E+04   -0.235508E+02
    2.5550   -0.397010E+04   -0.411309E+04    0.714961E+02
    2.5600   -0.388853E+04   -0.420785E+04    0.159658E+03
    2.5650   -0.381441E+04   -0.429359E+04    0.239593E+03
    2.5700   -0.374926E+04   -0.436944E+04    0.310092E+03
    2.5750   -0.369436E+04   -0.443468E+04    0.370160E+03
    2.5800   -0.364978E+04   -0.448884E+04    0.419530E+03
    2.5850   -0.361362E+04   -0.453177E+04    0.459075E+03
    2.5900   -0.358232E+04   -0.456375E+04    0.490719E+03
    2.5950   -0.355169E+04   -0.458545E+04    0.516881E+03
    2.6000   -0.351806E+04   -0.459778E+04    0.539859E+03
    2.6050   -0.347895E+04   -0.460178E+04    0.561415E+03
    2.6100   -0.343275E+04   -0.459851E+04    0.582881E+03
    2.6150   -0.337855E+04   -0.458903E+04    0.605240E+03
    2.6200   -0.331598E+04   -0.457442E+04    0.629219E+03
    2.6250   -0.324533E+04   -0.455571E+04    0.655193E+03
    2.6300   -0.316796E+04   -0.453393E+04    0.682986E+03
    2.6350   -0.308667E+04   -0.451008E+04    0.711706E+03
    2.6400   -0.300536E+04   -0.448504E+04    0.739840E+03
    2.6450   -0.292869E+04   -0.445962E+04    0.765467E+03
    2.6500   -0.286133E+04   -0.443456E+04    0.786615E+03
    2.6550   -0.280724E+04   -0.441054E+04    0.801647E+03
    2.6600   -0.276915E+04   -0.438825E+04    0.809554E+03
    2.6650   -0.274823E+04   -0.436843E+04    0.810102E+03
    2.6700   -0.274411E+04   -0.435185E+04    0.803870E+03
    2.6750   -0.275501E+04   -0.433933E+04    0.792160E+03
    2.6800   -0.277806E+04   -0.433172E+04    0.776833E+03
    2.6850   -0.280962E+04   -0.432985E+04    0.760114E+03
    2.6900   -0.284574E+04   -0.433441E+04    0.744338E+03
    2.6950   -0.288254E+04   -0.434597E+04    0.731717E+03
    2.7000   -0.291664E+04   -0.436483E+04    0.724096E+03
    2.7050   -0.294551E+04   -0.439098E+04    0.722735E+03
    2.7100   -0.296782E+04   -0.442405E+04    0.728116E+03
    2.7150   -0.298359E+04   -0.446331E+04    0.739857E+03
    2.7200   -0.299396E+04   -0.450768E+04    0.756861E+03
    2.7250   -0.300062E+04   -0.455587E+04    0.777624E+03
    2.7300   -0.300632E+04   -0.460631E+04    0.799997E+03
    2.7350   -0.301462E+04   -0.465723E+04    0.821307E+03
    2.7400   -0.302923E+04   -0.470674E+04    0.838754E+03
    2.7450   -0.305360E+04   -0.475298E+04    0.849691E+03
    2.7500   -0.309048E+04   -0.479424E+04    0.851880E+03
    2.7550   -0.314156E+04   -0.482903E+04    0.843737E+03
    2.7600   -0.320733E+04   -0.485626E+04    0.824465E+03
    2.7650   -0.328698E+04   -0.487525E+04    0.794135E+03
    2.7700   -0.337850E+04   -0.488578E+04    0.753641E+03
    2.7750   -0.347887E+04   -0.488810E+04    0.704614E+03
    2.7800   -0.358446E+04   -0.488290E+04    0.649222E+03
    2.7850   -0.369131E+04   -0.487124E+04    0.589966E+03
    2.7900   -0.379561E+04   -0.485441E+04    0.529401E+03
    2.7950   -0.389406E+04   -0.483389E+04    0.469916E+03
    2.8000   -0.398417E+04   -0.481115E+04    0.413492E+03
    2.8050   -0.406445E+04   -0.478758E+04    0.361565E+03
    2.8100   -0.413456E+04   -0.476437E+04    0.314907E+03
    2.8150   -0.419514E+04   -0.474245E+04    0.273653E+03
    2.8200   -0.424784E+04   -0.472242E+04    0.237293E+03
    2.8250   -0.429496E+04   -0.470461E+04    0.204825E+03
    2.8300   -0.433904E+04   -0.468905E+04    0.175005E+03
    2.8350   -0.438267E+04   -0.467558E+04    0.146455E+03
    2.8400   -0.442796E+04   -0.466389E+04    0.117964E+03
    2.8450   -0.447656E+04   -0.465365E+04    0.885473E+02
    2.8500   -0.452924E+04   -0.464457E+04    0.576636E+02
    2.8550   -0.458597E+04   -0.463647E+04    0.252457E+02
    2.8600   -0.464585E+04   -0.462933E+04   -0.826020E+01
    2.8650   -0.470731E+04   -0.462330E+04   -0.420067E+02
    2.8700   -0.476832E+04   -0.461868E+04   -0.748169E+02
    2.8750   -0.482663E+04   -0.461587E+04   -0.105377E+03
    2.8800   -0.488007E+04   -0.461529E+04   -0.132387E+03
    2.8850   -0.492683E+04   -0.461732E+04   -0.154754E+03
    2.8900   -0.496562E+04   -0.462217E+04   -0.171723E+03
    2.8950   -0.499582E+04   -0.462987E+04   -0.182975E+03
    2.9000   -0.501763E+04   -0.464016E+04   -0.188733E+03
    2.9050   -0.503183E+04   -0.465251E+04   -0.189659E+03
    2.9100   -0.503960E+04   -0.466609E+04   -0.186757E+03
    2.9150   -0.504212E+04   -0.467975E+04   -0.181185E+03
    2.9200   -0.504062E+04   -0.469215E+04   -0.174237E+03
    2.9250   -0.503645E+04   -0.470182E+04   -0.167315E+03
    2.9300   -0.503080E+04   -0.470733E+04   -0.161738E+03
    2.9350   -0.502465E+04   -0.470738E+04   -0.158636E+03
    2.9400   -0.501849E+04   -0.470090E+04   -0.158795E+03
    2.9450   -0.501238E+04   -0.468713E+04   -0.162624E+03
    2.9500   -0.500605E+04   -0.466568E+04   -0.170182E+03
    2.9550   -0.499888E+04   -0.463655E+04   -0.181168E+03
    2.9600   -0.499019E+04   -0.460007E+04   -0.195057E+03
    2.9650   -0.497923E+04   -0.455692E+04   -0.211153E+03
    2.9700   -0.496537E+04   -0.450798E+04   -0.228693E+03
    2.9750   -0.494818E+04   -0.445426E+04   -0.246960E+03
    2.9800   -0.492738E+04   -0.439680E+04   -0.265291E+03
    2.9850   -0.490281E+04   -0.433653E+04   -0.283142E+03
    2.9900   -0.487434E+04   -0.427423E+04   -0.300052E+03
    2.9950   -0.484168E+04   -0.421046E+04   -0.315609E+03
    3.0000   -0.480429E+04   -0.414550E+04   -0.329394E+03
    3.0050   -0.476119E+04   -0.407940E+04   -0.340895E+03
    3.0100   -0.471085E+04   -0.401199E+04   -0.349431E+03
    3.0150   -0.465124E+04   -0.394295E+04   -0.354147E+03
    3.0200   -0.457978E+04   -0.387189E+04   -0.353945E+03
    3.0250   -0.449349E+04   -0.379845E+04   -0.347524E+03
    3.0300   -0.438931E+04   -0.372234E+04   -0.333484E+03
    3.0350   -0.426420E+04   -0.364349E+04   -0.310356E+03
    3.0400   -0.411554E+04   -0.356197E+04   -0.276784E+03
    3.0450   -0.394142E+04   -0.347814E+04   -0.231640E+03
    3.0500   -0.374081E+04   -0.339250E+04   -0.174152E+03
    3.0550   -0.351383E+04   -0.330574E+04   -0.104046E+03
    3.0600   -0.326175E+04   -0.321858E+04   -0.215838E+02
    3.0650   -0.298693E+04   -0.313175E+04    0.724095E+02
    3.0700   -0.269270E+04   -0.304583E+04    0.176568E+03
    3.0750   -0.238297E+04   -0.296123E+04    0.289133E+03
    3.0800   -0.206184E+04   -0.287810E+04    0.408129E+03
    3.0850   -0.173316E+04   -0.279632E+04    0.531582E+03
    3.0900   -0.139993E+04   -0.271557E+04    0.657817E+03
    3.0950   -0.106431E+04   -0.263525E+04    0.785471E+03
    3.1000   -0.728065E+03   -0.255438E+04    0.913160E+03
    3.1050   -0.392682E+03   -0.247155E+04    0.103943E+04
    3.1100   -0.586164E+02   -0.238520E+04    0.116329E+04
    3.1150    0.275327E+03   -0.229398E+04    0.128465E+04
    3.1200    0.611949E+03   -0.219683E+04    0.140439E+04
    3.1250    0.955314E+03   -0.209307E+04    0.152419E+04
    3.1300    0.131023E+04   -0.198246E+04    0.164634E+04
    3.1350    0.168191E+04   -0.186515E+04    0.177353E+04
    3.1400    0.207560E+04   -0.174166E+04    0.190863E+04
    3.1450    0.249619E+04   -0.161292E+04    0.205455E+04
    3.1500    0.294744E+04   -0.147982E+04    0.221363E+04
    3.1550    0.343230E+04   -0.134356E+04    0.238793E+04
    3.1600    0.395182E+04   -0.120522E+04    0.257852E+04
    3.1650    0.450488E+04   -0.106571E+04    0.278530E+04
    3.1700    0.508783E+04   -0.925753E+03    0.300679E+04
    3.1750    0.569452E+04   -0.785818E+03    0.324017E+04
    3.1800    0.631654E+04   -0.645936E+03    0.348124E+04
    3.1850    0.694446E+04   -0.506138E+03    0.372530E+04
    3.1900    0.756850E+04   -0.366275E+03    0.396739E+04
    3.1950    0.817970E+04   -0.226302E+03    0.420300E+04
    3.2000    0.877063E+04   -0.859265E+02    0.442828E+04
    3.2050    0.933614E+04    0.546251E+02    0.464076E+04
    3.2100    0.987345E+04    0.194992E+03    0.483923E+04
    3.2150    0.103822E+05    0.334553E+03    0.502385E+04
    3.2200    0.108644E+05    0.472379E+03    0.519601E+04
    3.2250    0.113238E+05    0.607186E+03    0.535828E+04
    3.2300    0.117656E+05    0.737175E+03    0.551420E+04
    3.2350    0.121962E+05    0.859865E+03    0.566819E+04
    3.2400    0.126224E+05    0.971941E+03    0.582524E+04
    3.2450    0.130507E+05    0.106939E+04    0.599063E+04
    3.2500    0.134862E+05    0.114803E+04    0.616910E+04
    3.2550    0.139329E+05    0.120410E+04    0.636442E+04
    3.2600    0.143918E+05    0.123580E+04    0.657802E+04
    3.2650    0.148613E+05    0.124370E+04    0.680882E+04
    3.2700    0.153371E+05    0.123096E+04    0.705310E+04
    3.2750    0.158127E+05    0.120280E+04    0.730495E+04
    3.2800    0.162800E+05    0.116523E+04    0.755739E+04
    3.2850    0.167301E+05    0.112442E+04    0.780283E+04
    3.2900    0.171541E+05    0.108544E+04    0.803431E+04
    3.2950    0.175439E+05    0.105177E+04    0.824608E+04
    3.3000    0.178936E+05    0.102470E+04    0.843448E+04
    3.3050    0.181991E+05    0.100371E+04    0.859772E+04
    3.3100    0.184583E+05    0.986879E+03    0.873570E+04
    3.3150    0.186705E+05    0.971271E+03    0.884962E+04
    3.3200    0.188366E+05    0.953486E+03    0.894158E+04
    3.3250    0.189585E+05    0.930126E+03    0.901420E+04
    3.3300    0.190387E+05    0.898391E+03    0.907015E+04
    3.3350    0.190801E+05    0.856654E+03    0.911173E+04
    3.3400    0.190859E+05    0.805239E+03    0.914034E+04
    3.3450    0.190592E+05    0.747199E+03    0.915602E+04
    3.3500    0.190031E+05    0.688946E+03    0.915708E+04
    3.3550    0.189202E+05    0.639551E+03    0.914032E+04
    3.3600    0.188130E+05    0.607193E+03    0.910289E+04
    3.3650    0.186835E+05    0.592671E+03    0.904541E+04
    3.3700    0.185335E+05    0.586096E+03    0.897370E+04
    3.3750    0.183644E+05    0.572355E+03    0.889603E+04
    3.3800    0.181773E+05    0.539973E+03    0.881869E+04
    3.3850    0.179730E+05    0.484819E+03    0.874408E+04
    3.3900    0.177520E+05    0.408210E+03    0.867191E+04
    3.3950    0.175153E+05    0.314154E+03    0.860058E+04
    3.4000    0.172631E+05    0.207908E+03    0.852759E+04
    3.4050    0.169959E+05    0.945022E+02    0.845068E+04
    3.4100    0.167144E+05   -0.215852E+02    0.836797E+04
    3.4150    0.164195E+05   -0.136584E+03    0.827802E+04
    3.4200    0.161124E+05   -0.247406E+03    0.817990E+04
    3.4250    0.157947E+05   -0.351619E+03    0.807316E+04
    3.4300    0.154683E+05   -0.447325E+03    0.795781E+04
    3.4350    0.151353E+05   -0.533049E+03    0.783419E+04
    3.4400    0.147983E+05   -0.607824E+03    0.770306E+04
    3.4450    0.144597E+05   -0.670831E+03    0.756527E+04
    3.4500    0.141222E+05   -0.721540E+03    0.742185E+04
    3.4550    0.137880E+05   -0.759661E+03    0.727383E+04
    3.4600    0.134593E+05   -0.785107E+03    0.712221E+04
    3.4650    0.131376E+05   -0.798039E+03    0.696784E+04
    3.4700    0.128239E+05   -0.798887E+03    0.681140E+04
    3.4750    0.125184E+05   -0.788465E+03    0.665345E+04
    3.4800    0.122208E+05   -0.767984E+03    0.649440E+04
    3.4850    0.119301E+05   -0.738963E+03    0.633453E+04
    3.4900    0.116449E+05   -0.703137E+03    0.617400E+04
    3.4950    0.113635E+05   -0.662378E+03    0.601295E+04
    3.5000    0.110847E+05   -0.618658E+03    0.585166E+04
    3.5050    0.108074E+05   -0.573946E+03    0.569066E+04
    3.5100    0.105318E+05   -0.530130E+03    0.553098E+04
    3.5150    0.102594E+05   -0.488903E+03    0.537413E+04
    3.5200    0.999198E+04   -0.451697E+03    0.522184E+04
    3.5250    0.973007E+04   -0.419591E+03    0.507483E+04
    3.5300    0.946880E+04   -0.393290E+03    0.493104E+04
    3.5350    0.919864E+04   -0.373104E+03    0.478587E+04
    3.5400    0.891247E+04   -0.358958E+03    0.463572E+04
    3.5450    0.861074E+04   -0.350450E+03    0.448060E+04
    3.5500    0.829954E+04   -0.346896E+03    0.432322E+04
    3.5550    0.798656E+04   -0.347414E+03    0.416699E+04
    3.5600    0.767862E+04   -0.350993E+03    0.401481E+04
    3.5650    0.738076E+04   -0.356574E+03    0.386867E+04
    3.5700    0.709611E+04   -0.363090E+03    0.372960E+04
    3.5750    0.682595E+04   -0.369530E+03    0.359774E+04
    3.5800    0.657008E+04   -0.374943E+03    0.347251E+04
    3.5850    0.632706E+04   -0.378447E+03    0.335275E+04
    3.5900    0.609469E+04   -0.379225E+03    0.323696E+04
    3.5950    0.587041E+04   -0.376498E+03    0.312345E+04
    3.6000    0.565169E+04   -0.369512E+03    0.301060E+04
    3.6050    0.543650E+04   -0.357516E+03    0.289701E+04
    3.6100    0.522359E+04   -0.339768E+03    0.278168E+04
    3.6150    0.501271E+04   -0.315531E+03    0.266412E+04
    3.6200    0.480478E+04   -0.284110E+03    0.254444E+04
    3.6250    0.460175E+04   -0.244882E+03    0.242332E+04
    3.6300    0.440650E+04   -0.197344E+03    0.230192E+04
    3.6350    0.422251E+04   -0.141172E+03    0.218184E+04
    3.6400    0.405346E+04   -0.762621E+02    0.206486E+04
    3.6450    0.390283E+04   -0.277576E+01    0.195280E+04
    3.6500    0.377343E+04    0.788443E+02    0.184729E+04
    3.6550    0.366704E+04    0.167860E+03    0.174959E+04
    3.6600    0.358415E+04    0.263262E+03    0.166044E+04
    3.6650    0.352371E+04    0.363805E+03    0.157995E+04
    3.6700    0.348318E+04    0.468056E+03    0.150756E+04
    3.6750    0.345879E+04    0.574501E+03    0.144214E+04
    3.6800    0.344593E+04    0.681621E+03    0.138215E+04
    3.6850    0.343965E+04    0.787996E+03    0.132583E+04
    3.6900    0.343517E+04    0.892357E+03    0.127141E+04
    3.6950    0.342843E+04    0.993652E+03    0.121739E+04
    3.7000    0.341651E+04    0.109107E+04    0.116272E+04
    3.7050    0.339801E+04    0.118404E+04    0.110698E+04
    3.7100    0.337316E+04    0.127219E+04    0.105049E+04
    3.7150    0.334387E+04    0.135532E+04    0.994276E+03
    3.7200    0.331345E+04    0.143330E+04    0.940078E+03
    3.7250    0.328630E+04    0.150602E+04    0.890138E+03
    3.7300    0.326731E+04    0.157331E+04    0.847001E+03
    3.7350    0.326155E+04    0.163486E+04    0.813346E+03
    3.7400    0.327332E+04    0.169016E+04    0.791580E+03
    3.7450    0.330594E+04    0.173854E+04    0.783700E+03
    3.7500    0.336121E+04    0.177906E+04    0.791079E+03
    3.7550    0.343930E+04    0.181059E+04    0.814354E+03
    3.7600    0.353862E+04    0.183179E+04    0.853413E+03
    3.7650    0.365610E+04    0.184109E+04    0.907509E+03
    3.7700    0.378762E+04    0.183658E+04    0.975520E+03
    3.7750    0.392875E+04    0.181582E+04    0.105646E+04
    3.7800    0.407544E+04    0.177543E+04    0.115000E+04
    3.7850    0.422576E+04    0.171030E+04    0.125773E+04
    3.7900    0.438086E+04    0.161302E+04    0.138392E+04
    3.7950    0.454556E+04    0.147804E+04    0.153376E+04
    3.8000    0.472377E+04    0.133134E+04    0.169622E+04
    3.8050    0.490093E+04    0.126976E+04    0.181559E+04
    3.8100    0.505559E+04    0.132563E+04    0.186498E+04
    3.8150    0.519276E+04    0.142471E+04    0.188402E+04
    3.8200    0.532396E+04    0.151898E+04    0.190249E+04
    3.8250    0.545633E+04    0.159364E+04    0.193135E+04
    3.8300    0.559443E+04    0.164594E+04    0.197424E+04
    3.8350    0.574157E+04    0.167682E+04    0.203237E+04
    3.8400    0.589991E+04    0.168818E+04    0.210587E+04
    3.8450    0.607028E+04    0.168211E+04    0.219409E+04
    3.8500    0.625194E+04    0.166065E+04    0.229564E+04
    3.8550    0.644253E+04    0.162573E+04    0.240840E+04
    3.8600    0.663826E+04    0.157918E+04    0.252954E+04
    3.8650    0.683423E+04    0.152281E+04    0.265571E+04
    3.8700    0.702493E+04    0.145842E+04    0.278325E+04
    3.8750    0.720480E+04    0.138784E+04    0.290848E+04
    3.8800    0.736891E+04    0.131295E+04    0.302798E+04
    3.8850    0.751341E+04    0.123559E+04    0.313891E+04
    3.8900    0.763598E+04    0.115760E+04    0.323919E+04
    3.8950    0.773608E+04    0.108067E+04    0.332770E+04
    3.9000    0.781497E+04    0.100630E+04    0.340433E+04
    3.9050    0.787559E+04    0.935747E+03    0.346992E+04
    3.9100    0.792220E+04    0.869939E+03    0.352613E+04
    3.9150    0.795991E+04    0.809371E+03    0.357527E+04
    3.9200    0.799419E+04    0.754204E+03    0.361999E+04
    3.9250    0.803021E+04    0.704184E+03    0.366301E+04
    3.9300    0.807236E+04    0.658704E+03    0.370683E+04
    3.9350    0.812379E+04    0.616845E+03    0.375347E+04
    3.9400    0.818612E+04    0.577465E+03    0.380433E+04
    3.9450    0.825932E+04    0.539277E+03    0.386002E+04
    3.9500    0.834183E+04    0.500946E+03    0.392044E+04
    3.9550    0.843071E+04    0.461174E+03    0.398477E+04
    3.9600    0.852210E+04    0.418771E+03    0.405167E+04
    3.9650    0.861164E+04    0.372715E+03    0.411946E+04
    3.9700    0.869498E+04    0.322186E+03    0.418640E+04
    3.9750    0.876827E+04    0.266577E+03    0.425085E+04
    3.9800    0.882858E+04    0.205486E+03    0.431155E+04
    3.9850    0.887417E+04    0.138712E+03    0.436773E+04
    3.9900    0.890463E+04    0.661388E+02    0.441925E+04
    3.9950    0.892096E+04   -0.121746E+02    0.446657E+04
    4.0000    0.892537E+04   -0.961281E+02    0.451075E+04
    4.0050    0.892099E+04   -0.185570E+03    0.455328E+04
    4.0100    0.891155E+04   -0.280312E+03    0.459593E+04
    4.0150    0.890091E+04   -0.380128E+03    0.464052E+04
    4.0200    0.889269E+04   -0.484736E+03    0.468871E+04
    4.0250    0.888987E+04   -0.593783E+03    0.474183E+04
    4.0300    0.889448E+04   -0.706809E+03    0.480064E+04
    4.0350    0.890745E+04   -0.823236E+03    0.486534E+04
    4.0400    0.892854E+04   -0.942335E+03    0.493544E+04
    4.0450    0.895641E+04   -0.106326E+04    0.500983E+04
    4.0500    0.898883E+04   -0.118502E+04    0.508693E+04
    4.0550    0.902299E+04   -0.130657E+04    0.516478E+04
    4.0600    0.905584E+04   -0.142674E+04    0.524129E+04
    4.0650    0.908444E+04   -0.154440E+04    0.531442E+04
    4.0700    0.910632E+04   -0.165845E+04    0.538239E+04
    4.0750    0.911973E+04   -0.176793E+04    0.544383E+04
    4.0800    0.912380E+04   -0.187208E+04    0.549794E+04
    4.0850    0.911862E+04   -0.197036E+04    0.554449E+04
    4.0900    0.910524E+04   -0.206254E+04    0.558389E+04
    4.0950    0.908552E+04   -0.214865E+04    0.561709E+04
    4.1000    0.906195E+04   -0.222903E+04    0.564549E+04
    4.1050    0.903735E+04   -0.230420E+04    0.567077E+04
    4.1100    0.901463E+04   -0.237487E+04    0.569475E+04
    4.1150    0.899646E+04   -0.244183E+04    0.571915E+04
    4.1200    0.898504E+04   -0.250590E+04    0.574547E+04
    4.1250    0.898187E+04   -0.256778E+04    0.577482E+04
    4.1300    0.898759E+04   -0.262809E+04    0.580784E+04
    4.1350    0.900198E+04   -0.268725E+04    0.584461E+04
    4.1400    0.902391E+04   -0.274551E+04    0.588471E+04
    4.1450    0.905152E+04   -0.280294E+04    0.592723E+04
    4.1500    0.908230E+04   -0.285947E+04    0.597089E+04
    4.1550    0.911339E+04   -0.291495E+04    0.601417E+04
    4.1600    0.914180E+04   -0.296916E+04    0.605548E+04
    4.1650    0.916462E+04   -0.302194E+04    0.609328E+04
    4.1700    0.917935E+04   -0.307315E+04    0.612625E+04
    4.1750    0.918406E+04   -0.312280E+04    0.615343E+04
    4.1800    0.917755E+04   -0.317097E+04    0.617426E+04
    4.1850    0.915951E+04   -0.321785E+04    0.618868E+04
    4.1900    0.913052E+04   -0.326371E+04    0.619711E+04
    4.1950    0.909204E+04   -0.330884E+04    0.620044E+04
    4.2000    0.904635E+04   -0.335350E+04    0.619993E+04
    4.2050    0.899635E+04   -0.339787E+04    0.619711E+04
    4.2100    0.894537E+04   -0.344202E+04    0.619370E+04
    4.2150    0.889692E+04   -0.348583E+04    0.619138E+04
    4.2200    0.885441E+04   -0.352905E+04    0.619173E+04
    4.2250    0.882087E+04   -0.357123E+04    0.619605E+04
    4.2300    0.879869E+04   -0.361184E+04    0.620526E+04
    4.2350    0.878938E+04   -0.365024E+04    0.621981E+04
    4.2400    0.879343E+04   -0.368580E+04    0.623962E+04
    4.2450    0.881026E+04   -0.371796E+04    0.626411E+04
    4.2500    0.883809E+04   -0.374622E+04    0.629216E+04
    4.2550    0.887420E+04   -0.377030E+04    0.632225E+04
    4.2600    0.891504E+04   -0.379008E+04    0.635256E+04
    4.2650    0.895641E+04   -0.380566E+04    0.638103E+04
    4.2700    0.899384E+04   -0.381731E+04    0.640558E+04
    4.2750    0.902291E+04   -0.382546E+04    0.642418E+04
    4.2800    0.903957E+04   -0.383063E+04    0.643510E+04
    4.2850    0.904055E+04   -0.383333E+04    0.643694E+04
    4.2900    0.902360E+04   -0.383402E+04    0.642881E+04
    4.2950    0.898773E+04   -0.383305E+04    0.641039E+04
    4.3000    0.893331E+04   -0.383054E+04    0.638192E+04
    4.3050    0.886209E+04   -0.382641E+04    0.634425E+04
    4.3100    0.877713E+04   -0.382030E+04    0.629872E+04
    4.3150    0.868248E+04   -0.381168E+04    0.624708E+04
    4.3200    0.858295E+04   -0.379980E+04    0.619137E+04
    4.3250    0.848368E+04   -0.378383E+04    0.613376E+04
    4.3300    0.838973E+04   -0.376293E+04    0.607633E+04
    4.3350    0.830562E+04   -0.373633E+04    0.602097E+04
    4.3400    0.823504E+04   -0.370343E+04    0.596923E+04
    4.3450    0.818046E+04   -0.366388E+04    0.592217E+04
    4.3500    0.814300E+04   -0.361764E+04    0.588032E+04
    4.3550    0.812233E+04   -0.356497E+04    0.584365E+04
    4.3600    0.811675E+04   -0.350643E+04    0.581159E+04
    4.3650    0.812334E+04   -0.344283E+04    0.578309E+04
    4.3700    0.813828E+04   -0.337518E+04    0.575673E+04
    4.3750    0.815720E+04   -0.330456E+04    0.573088E+04
    4.3800    0.817558E+04   -0.323201E+04    0.570379E+04
    4.3850    0.818913E+04   -0.315846E+04    0.567380E+04
    4.3900    0.819421E+04   -0.308463E+04    0.563942E+04
    4.3950    0.818804E+04   -0.301093E+04    0.559948E+04
    4.4000    0.816893E+04   -0.293747E+04    0.555320E+04
    4.4050    0.813638E+04   -0.286405E+04    0.550022E+04
    4.4100    0.809097E+04   -0.279018E+04    0.544058E+04
    4.4150    0.803431E+04   -0.271517E+04    0.537474E+04
    4.4200    0.796883E+04   -0.263819E+04    0.530351E+04
    4.4250    0.789760E+04   -0.255841E+04    0.522801E+04
    4.4300    0.782416E+04   -0.247507E+04    0.514961E+04
    4.4350    0.775253E+04   -0.238754E+04    0.507004E+04
    4.4400    0.768738E+04   -0.229545E+04    0.499142E+04
    4.4450    0.763486E+04   -0.219867E+04    0.491677E+04
    4.4500    0.760425E+04   -0.209734E+04    0.485080E+04
    4.4550    0.761076E+04   -0.199183E+04    0.480129E+04
    4.4600    0.767709E+04   -0.188269E+04    0.477989E+04
    4.4650    0.782439E+04   -0.177060E+04    0.479750E+04
    4.4700    0.804114E+04   -0.165630E+04    0.484872E+04
    4.4750    0.826634E+04   -0.154049E+04    0.490342E+04
    4.4800    0.844002E+04   -0.142383E+04    0.493192E+04
    4.4850    0.854427E+04   -0.130682E+04    0.492554E+04
    4.4900    0.858779E+04   -0.118985E+04    0.488882E+04
    4.4950    0.858526E+04   -0.107319E+04    0.482923E+04
    4.5000    0.854951E+04   -0.956932E+03    0.475322E+04
    4.5050    0.849067E+04   -0.841138E+03    0.466590E+04
    4.5100    0.841630E+04   -0.725826E+03    0.457106E+04
    4.5150    0.833209E+04   -0.611015E+03    0.447155E+04
    4.5200    0.824234E+04   -0.496763E+03    0.436955E+04
    4.5250    0.815025E+04   -0.383206E+03    0.426673E+04
    4.5300    0.805825E+04   -0.270513E+03    0.416438E+04
    4.5350    0.796818E+04   -0.158961E+03    0.406357E+04
    4.5400    0.788126E+04   -0.488518E+02    0.396506E+04
    4.5450    0.779841E+04    0.595048E+02    0.386945E+04
    4.5500    0.772029E+04    0.165831E+03    0.377723E+04
    4.5550    0.764741E+04    0.269920E+03    0.368874E+04
    4.5600    0.758023E+04    0.371668E+03    0.360428E+04
    4.5650    0.751918E+04    0.471095E+03    0.352404E+04
    4.5700    0.746469E+04    0.568348E+03    0.344817E+04
    4.5750    0.741715E+04    0.663688E+03    0.337673E+04
    4.5800    0.737687E+04    0.757460E+03    0.330970E+04
    4.5850    0.734394E+04    0.850055E+03    0.324694E+04
    4.5900    0.731817E+04    0.941857E+03    0.318816E+04
    4.5950    0.729896E+04    0.103319E+04    0.313288E+04
    4.6000    0.728521E+04    0.112429E+04    0.308046E+04
    4.6050    0.727531E+04    0.121524E+04    0.303004E+04
    4.6100    0.726712E+04    0.130597E+04    0.298058E+04
    4.6150    0.725808E+04    0.139624E+04    0.293092E+04
    4.6200    0.724533E+04    0.148566E+04    0.287983E+04
    4.6250    0.722597E+04    0.157375E+04    0.282611E+04
    4.6300    0.719730E+04    0.165994E+04    0.276868E+04
    4.6350    0.715705E+04    0.174366E+04    0.270669E+04
    4.6400    0.710365E+04    0.182439E+04    0.263963E+04
    4.6450    0.703639E+04    0.190169E+04    0.256735E+04
    4.6500    0.695554E+04    0.197527E+04    0.249013E+04
    4.6550    0.686236E+04    0.204500E+04    0.240868E+04
    4.6600    0.675903E+04    0.211089E+04    0.232407E+04
    4.6650    0.664853E+04    0.217313E+04    0.223770E+04
    4.6700    0.653435E+04    0.223199E+04    0.215118E+04
    4.6750    0.642020E+04    0.228784E+04    0.206618E+04
    4.6800    0.630965E+04    0.234106E+04    0.198430E+04
    4.6850    0.620583E+04    0.239202E+04    0.190690E+04
    4.6900    0.611109E+04    0.244101E+04    0.183504E+04
    4.6950    0.602683E+04    0.248826E+04    0.176928E+04
    4.7000    0.595335E+04    0.253384E+04    0.170975E+04
    4.7050    0.588984E+04    0.257777E+04    0.165603E+04
    4.7100    0.583448E+04    0.261997E+04    0.160725E+04
    4.7150    0.578465E+04    0.266032E+04    0.156216E+04
    4.7200    0.573720E+04    0.269871E+04    0.151924E+04
    4.7250    0.568877E+04    0.273506E+04    0.147685E+04
    4.7300    0.563617E+04    0.276942E+04    0.143337E+04
    4.7350    0.557663E+04    0.280193E+04    0.138735E+04
    4.7400    0.550811E+04    0.283288E+04    0.133761E+04
    4.7450    0.542944E+04    0.286270E+04    0.128337E+04
    4.7500    0.534039E+04    0.289191E+04    0.122424E+04
    4.7550    0.524162E+04    0.292111E+04    0.116026E+04
    4.7600    0.513457E+04    0.295087E+04    0.109185E+04
    4.7650    0.502118E+04    0.298172E+04    0.101973E+04
    4.7700    0.490369E+04    0.301406E+04    0.944815E+03
    4.7750    0.478428E+04    0.304812E+04    0.868079E+03
    4.7800    0.466487E+04    0.308391E+04    0.790482E+03
    4.7850    0.454684E+04    0.312123E+04    0.712805E+03
    4.7900    0.443086E+04    0.315968E+04    0.635593E+03
    4.7950    0.431690E+04    0.319868E+04    0.559110E+03
    4.8000    0.420420E+04    0.323759E+04    0.483307E+03
    4.8050    0.409138E+04    0.327569E+04    0.407847E+03
    4.8100    0.397664E+04    0.331233E+04    0.332154E+03
    4.8150    0.385802E+04    0.334701E+04    0.255507E+03
    4.8200    0.373364E+04    0.337938E+04    0.177127E+03
    4.8250    0.360200E+04    0.340940E+04    0.962985E+02
    4.8300    0.346203E+04    0.343722E+04    0.124052E+02
    4.8350    0.331329E+04    0.346324E+04   -0.749717E+02
    4.8400    0.315601E+04    0.348806E+04   -0.166024E+03
    4.8450    0.299100E+04    0.351242E+04   -0.260709E+03
    4.8500    0.281955E+04    0.353709E+04   -0.358769E+03
    4.8550    0.264324E+04    0.356280E+04   -0.459782E+03
    4.8600    0.246375E+04    0.359019E+04   -0.563217E+03
    4.8650    0.228266E+04    0.361969E+04   -0.668515E+03
    4.8700    0.210123E+04    0.365152E+04   -0.775147E+03
    4.8750    0.192031E+04    0.368566E+04   -0.882676E+03
    4.8800    0.174024E+04    0.372187E+04   -0.990815E+03
    4.8850    0.156088E+04    0.375969E+04   -0.109940E+04
    4.8900    0.138171E+04    0.379857E+04   -0.120843E+04
    4.8950    0.120189E+04    0.383789E+04   -0.131800E+04
    4.9000    0.102049E+04    0.387705E+04   -0.142828E+04
    4.9050    0.836612E+03    0.391553E+04   -0.153946E+04
    4.9100    0.649627E+03    0.395299E+04   -0.165168E+04
    4.9150    0.459227E+03    0.398924E+04   -0.176501E+04
    4.9200    0.265536E+03    0.402431E+04   -0.187939E+04
    4.9250    0.691013E+02    0.405837E+04   -0.199463E+04
    4.9300   -0.129171E+03    0.409174E+04   -0.211046E+04
    4.9350   -0.328149E+03    0.412482E+04   -0.222649E+04
    4.9400   -0.526648E+03    0.415801E+04   -0.234233E+04
    4.9450   -0.723620E+03    0.419164E+04   -0.245763E+04
    4.9500   -0.918340E+03    0.422591E+04   -0.257213E+04
    4.9550   -0.111055E+04    0.426087E+04   -0.268571E+04
    4.9600   -0.130054E+04    0.429635E+04   -0.279845E+04
    4.9650   -0.148916E+04    0.433203E+04   -0.291060E+04
    4.9700   -0.167774E+04    0.436741E+04   -0.302258E+04
    4.9750   -0.186791E+04    0.440192E+04   -0.313491E+04
    4.9800   -0.206142E+04    0.443492E+04   -0.324817E+04
    4.9850   -0.225985E+04    0.446584E+04   -0.336284E+04
    4.9900   -0.246439E+04    0.449421E+04   -0.347930E+04
    4.9950   -0.267564E+04    0.451975E+04   -0.359770E+04
    5.0000   -0.289341E+04    0.454237E+04   -0.371789E+04
    5.0050   -0.311657E+04    0.456223E+04   -0.383940E+04
    5.0100   -0.334326E+04    0.457970E+04   -0.396148E+04
    5.0150   -0.357076E+04    0.459535E+04   -0.408305E+04
    5.0200   -0.379569E+04    0.460988E+04   -0.420278E+04
    5.0250   -0.401464E+04    0.462402E+04   -0.431933E+04
    5.0300   -0.422425E+04    0.463848E+04   -0.443136E+04
    5.0350   -0.442163E+04    0.465382E+04   -0.453773E+04
    5.0400   -0.460472E+04    0.467043E+04   -0.463758E+04
    5.0450   -0.477249E+04    0.468844E+04   -0.473047E+04
    5.0500   -0.492514E+04    0.470772E+04   -0.481643E+04
    5.0550   -0.506408E+04    0.472787E+04   -0.489598E+04
    5.0600   -0.519186E+04    0.474829E+04   -0.497007E+04
    5.0650   -0.531191E+04    0.476819E+04   -0.504005E+04
    5.0700   -0.542821E+04    0.478672E+04   -0.510746E+04
    5.0750   -0.554500E+04    0.480303E+04   -0.517402E+04
    5.0800   -0.566615E+04    0.481639E+04   -0.524127E+04
    5.0850   -0.579490E+04    0.482621E+04   -0.531055E+04
    5.0900   -0.593349E+04    0.483214E+04   -0.538282E+04
    5.0950   -0.608295E+04    0.483410E+04   -0.545853E+04
    5.1000   -0.624302E+04    0.483222E+04   -0.553762E+04
    5.1050   -0.641202E+04    0.482688E+04   -0.561945E+04
    5.1100   -0.658732E+04    0.481857E+04   -0.570294E+04
    5.1150   -0.676543E+04    0.480787E+04   -0.578665E+04
    5.1200   -0.694245E+04    0.479537E+04   -0.586891E+04
    5.1250   -0.711448E+04    0.478153E+04   -0.594801E+04
    5.1300   -0.727805E+04    0.476670E+04   -0.602238E+04
    5.1350   -0.743051E+04    0.475100E+04   -0.609075E+04
    5.1400   -0.757027E+04    0.473436E+04   -0.615232E+04
    5.1450   -0.769703E+04    0.471649E+04   -0.620676E+04
    5.1500   -0.781174E+04    0.469699E+04   -0.625436E+04
    5.1550   -0.791648E+04    0.467534E+04   -0.629591E+04
    5.1600   -0.801428E+04    0.465105E+04   -0.633266E+04
    5.1650   -0.810868E+04    0.462369E+04   -0.636619E+04
    5.1700   -0.820349E+04    0.459300E+04   -0.639824E+04
    5.1750   -0.830202E+04    0.455892E+04   -0.643047E+04
    5.1800   -0.840724E+04    0.452162E+04   -0.646443E+04
    5.1850   -0.852118E+04    0.448152E+04   -0.650135E+04
    5.1900   -0.864485E+04    0.443923E+04   -0.654204E+04
    5.1950   -0.877802E+04    0.439548E+04   -0.658675E+04
    5.2000   -0.891950E+04    0.435108E+04   -0.663529E+04
    5.2050   -0.906724E+04    0.430682E+04   -0.668703E+04
    5.2100   -0.921865E+04    0.426331E+04   -0.674098E+04
    5.2150   -0.937099E+04    0.422100E+04   -0.679599E+04
    5.2200   -0.952170E+04    0.418007E+04   -0.685088E+04
    5.2250   -0.966885E+04    0.414039E+04   -0.690462E+04
    5.2300   -0.981136E+04    0.410155E+04   -0.695645E+04
    5.2350   -0.994918E+04    0.406288E+04   -0.700603E+04
    5.2400   -0.100834E+05    0.402353E+04   -0.705345E+04
    5.2450   -0.102160E+05    0.398257E+04   -0.709928E+04
    5.2500   -0.103499E+05    0.393905E+04   -0.714448E+04
    5.2550   -0.104885E+05    0.389216E+04   -0.719036E+04
    5.2600   -0.106354E+05    0.384133E+04   -0.723836E+04
