    0.0000    0.682152E-09    0.137882E-09    0.272135E-09
    0.0050    0.133707E+04    0.135862E+03    0.600603E+03
    0.0100    0.134082E+04   -0.743770E+02    0.707600E+03
    0.0150    0.131457E+04   -0.264712E+03    0.789640E+03
    0.0200    0.126881E+04   -0.431547E+03    0.850178E+03
    0.0250    0.120833E+04   -0.570932E+03    0.889631E+03
    0.0300    0.113546E+04   -0.680377E+03    0.907918E+03
    0.0350    0.105326E+04   -0.760452E+03    0.906856E+03
    0.0400    0.966779E+03   -0.815189E+03    0.890984E+03
    0.0450    0.882177E+03   -0.850956E+03    0.866566E+03
    0.0500    0.804866E+03   -0.874346E+03    0.839606E+03
    0.0550    0.737978E+03   -0.890146E+03    0.814062E+03
    0.0600    0.682019E+03   -0.900302E+03    0.791161E+03
    0.0650    0.635725E+03   -0.904258E+03    0.769992E+03
    0.0700    0.597464E+03   -0.900353E+03    0.748909E+03
    0.0750    0.566405E+03   -0.887474E+03    0.726940E+03
    0.0800    0.542969E+03   -0.866158E+03    0.704563E+03
    0.0850    0.528533E+03   -0.838724E+03    0.683628E+03
    0.0900    0.524703E+03   -0.808566E+03    0.666634E+03
    0.0950    0.532573E+03   -0.779035E+03    0.655804E+03
    0.1000    0.552257E+03   -0.752486E+03    0.652371E+03
    0.1050    0.582799E+03   -0.729809E+03    0.656304E+03
    0.1100    0.622381E+03   -0.710521E+03    0.666451E+03
    0.1150    0.668670E+03   -0.693235E+03    0.680952E+03
    0.1200    0.719160E+03   -0.676297E+03    0.697729E+03
    0.1250    0.771448E+03   -0.658370E+03    0.714909E+03
    0.1300    0.823431E+03   -0.638833E+03    0.731132E+03
    0.1350    0.873433E+03   -0.617944E+03    0.745688E+03
    0.1400    0.920267E+03   -0.596745E+03    0.758506E+03
    0.1450    0.963243E+03   -0.576745E+03    0.769994E+03
    0.1500    0.100212E+04   -0.559469E+03    0.780797E+03
    0.1550    0.103705E+04   -0.546009E+03    0.791530E+03
    0.1600    0.106845E+04   -0.536724E+03    0.802590E+03
    0.1650    0.109697E+04   -0.531197E+03    0.814084E+03
    0.1700    0.112336E+04   -0.528454E+03    0.825909E+03
    0.1750    0.114846E+04   -0.527367E+03    0.837916E+03
    0.1800    0.117310E+04   -0.527075E+03    0.850090E+03
    0.1850    0.119804E+04   -0.527278E+03    0.862661E+03
    0.1900    0.122391E+04   -0.528283E+03    0.876095E+03
    0.1950    0.125114E+04   -0.530812E+03    0.890976E+03
    0.2000    0.127997E+04   -0.535642E+03    0.907808E+03
    0.2050    0.131044E+04   -0.543209E+03    0.926823E+03
    0.2100    0.134236E+04   -0.553340E+03    0.947851E+03
    0.2150    0.137544E+04   -0.565173E+03    0.970306E+03
    0.2200    0.140924E+04   -0.577310E+03    0.993277E+03
    0.2250    0.144330E+04   -0.588137E+03    0.101572E+04
    0.2300    0.147714E+04   -0.596194E+03    0.103667E+04
    0.2350    0.151032E+04   -0.600507E+03    0.105542E+04
    0.2400    0.154250E+04   -0.600757E+03    0.107163E+04
    0.2450    0.157338E+04   -0.597277E+03    0.108533E+04
    0.2500    0.160273E+04   -0.590867E+03    0.109680E+04
    0.2550    0.163035E+04   -0.582506E+03    0.110643E+04
    0.2600    0.165608E+04   -0.573068E+03    0.111457E+04
    0.2650    0.167976E+04   -0.563125E+03    0.112144E+04
    0.2700    0.170126E+04   -0.552887E+03    0.112707E+04
    0.2750    0.172049E+04   -0.542298E+03    0.113140E+04
    0.2800    0.173742E+04   -0.531201E+03    0.113431E+04
    0.2850    0.175203E+04   -0.519500E+03    0.113577E+04
    0.2900    0.176446E+04   -0.507381E+03    0.113592E+04
    0.2950    0.177482E+04   -0.495097E+03    0.113496E+04
    0.3000    0.178331E+04   -0.483749E+03    0.113353E+04
    0.3050    0.179015E+04   -0.472698E+03    0.113143E+04
    0.3100    0.179558E+04   -0.462523E+03    0.112905E+04
    0.3150    0.179983E+04   -0.453293E+03    0.112656E+04
    0.3200    0.180307E+04   -0.444812E+03    0.112394E+04
    0.3250    0.180545E+04   -0.436777E+03    0.112112E+04
    0.3300    0.180710E+04   -0.428943E+03    0.111802E+04
    0.3350    0.180806E+04   -0.421264E+03    0.111466E+04
    0.3400    0.180838E+04   -0.413973E+03    0.111118E+04
    0.3450    0.180808E+04   -0.407572E+03    0.110783E+04
    0.3500    0.180718E+04   -0.402732E+03    0.110496E+04
    0.3550    0.180573E+04   -0.400141E+03    0.110294E+04
    0.3600    0.180382E+04   -0.400349E+03    0.110209E+04
    0.3650    0.180158E+04   -0.403645E+03    0.110261E+04
    0.3700    0.179918E+04   -0.410016E+03    0.110460E+04
    0.3750    0.179682E+04   -0.419170E+03    0.110799E+04
    0.3800    0.179470E+04   -0.430625E+03    0.111266E+04
    0.3850    0.179303E+04   -0.443814E+03    0.111842E+04
    0.3900    0.179194E+04   -0.458182E+03    0.112506E+04
    0.3950    0.179153E+04   -0.473234E+03    0.113238E+04
    0.4000    0.179180E+04   -0.488537E+03    0.114017E+04
    0.4050    0.179265E+04   -0.503676E+03    0.114816E+04
    0.4100    0.179389E+04   -0.518191E+03    0.115604E+04
    0.4150    0.179521E+04   -0.531535E+03    0.116337E+04
    0.4200    0.179627E+04   -0.543067E+03    0.116967E+04
    0.4250    0.179666E+04   -0.552097E+03    0.117438E+04
    0.4300    0.179597E+04   -0.557978E+03    0.117697E+04
    0.4350    0.179381E+04   -0.560189E+03    0.117700E+04
    0.4400    0.178988E+04   -0.558427E+03    0.117415E+04
    0.4450    0.178395E+04   -0.552633E+03    0.116829E+04
    0.4500    0.177593E+04   -0.542981E+03    0.115946E+04
    0.4550    0.176588E+04   -0.529820E+03    0.114785E+04
    0.4600    0.175395E+04   -0.513597E+03    0.113377E+04
    0.4650    0.174042E+04   -0.494773E+03    0.111760E+04
    0.4700    0.172565E+04   -0.473781E+03    0.109972E+04
    0.4750    0.171003E+04   -0.450997E+03    0.108051E+04
    0.4800    0.169397E+04   -0.426759E+03    0.106036E+04
    0.4850    0.167784E+04   -0.401392E+03    0.103961E+04
    0.4900    0.166196E+04   -0.375242E+03    0.101860E+04
    0.4950    0.164658E+04   -0.348694E+03    0.997638E+03
    0.5000    0.163184E+04   -0.322166E+03    0.977001E+03
    0.5050    0.161777E+04   -0.296087E+03    0.956929E+03
    0.5100    0.160435E+04   -0.270859E+03    0.937605E+03
    0.5150    0.159147E+04   -0.246826E+03    0.919148E+03
    0.5200    0.157899E+04   -0.224244E+03    0.901616E+03
    0.5250    0.156674E+04   -0.203279E+03    0.885010E+03
    0.5300    0.155457E+04   -0.184011E+03    0.869292E+03
    0.5350    0.154236E+04   -0.166443E+03    0.854402E+03
    0.5400    0.153003E+04   -0.150517E+03    0.840273E+03
    0.5450    0.151756E+04   -0.136112E+03    0.826837E+03
    0.5500    0.150500E+04   -0.123042E+03    0.814022E+03
    0.5550    0.149243E+04   -0.111045E+03    0.801739E+03
    0.5600    0.147996E+04   -0.997665E+02    0.789864E+03
    0.5650    0.146770E+04   -0.887647E+02    0.778232E+03
    0.5700    0.145574E+04   -0.775287E+02    0.766635E+03
    0.5750    0.144415E+04   -0.655210E+02    0.754834E+03
    0.5800    0.143292E+04   -0.522238E+02    0.742573E+03
    0.5850    0.142201E+04   -0.371990E+02    0.729603E+03
    0.5900    0.141126E+04   -0.201339E+02    0.715699E+03
    0.5950    0.140049E+04   -0.867324E+00    0.700676E+03
    0.6000    0.138941E+04    0.206053E+02    0.684402E+03
    0.6050    0.137774E+04    0.441496E+02    0.666795E+03
    0.6100    0.136517E+04    0.695255E+02    0.647822E+03
    0.6150    0.135141E+04    0.964247E+02    0.627495E+03
    0.6200    0.133623E+04    0.124506E+03    0.605860E+03
    0.6250    0.131943E+04    0.153422E+03    0.583004E+03
    0.6300    0.130094E+04    0.182832E+03    0.559055E+03
    0.6350    0.128078E+04    0.212407E+03    0.534189E+03
    0.6400    0.125910E+04    0.241834E+03    0.508631E+03
    0.6450    0.123613E+04    0.270818E+03    0.482655E+03
    0.6500    0.121223E+04    0.299088E+03    0.456570E+03
    0.6550    0.118781E+04    0.326404E+03    0.430704E+03
    0.6600    0.116335E+04    0.352568E+03    0.405390E+03
    0.6650    0.113930E+04    0.377429E+03    0.380938E+03
    0.6700    0.111613E+04    0.400875E+03    0.357628E+03
    0.6750    0.109422E+04    0.422830E+03    0.335694E+03
    0.6800    0.107386E+04    0.443244E+03    0.315306E+03
    0.6850    0.105522E+04    0.462076E+03    0.296572E+03
    0.6900    0.103834E+04    0.479284E+03    0.279528E+03
    0.6950    0.102311E+04    0.494831E+03    0.264139E+03
    0.7000    0.100929E+04    0.508688E+03    0.250301E+03
    0.7050    0.996528E+03    0.520847E+03    0.237840E+03
    0.7100    0.984397E+03    0.531339E+03    0.226529E+03
    0.7150    0.972414E+03    0.540241E+03    0.216086E+03
    0.7200    0.960094E+03    0.547682E+03    0.206206E+03
    0.7250    0.946985E+03    0.553836E+03    0.196575E+03
    0.7300    0.932718E+03    0.558909E+03    0.186904E+03
    0.7350    0.917034E+03    0.563125E+03    0.176954E+03
    0.7400    0.899812E+03    0.566706E+03    0.166553E+03
    0.7450    0.881079E+03    0.569860E+03    0.155610E+03
    0.7500    0.861002E+03    0.572772E+03    0.144115E+03
    0.7550    0.839874E+03    0.575600E+03    0.132137E+03
    0.7600    0.818090E+03    0.578471E+03    0.119810E+03
    0.7650    0.796113E+03    0.581480E+03    0.107317E+03
    0.7700    0.774434E+03    0.584685E+03    0.948745E+02
    0.7750    0.753520E+03    0.588100E+03    0.827102E+02
    0.7800    0.733777E+03    0.591692E+03    0.710426E+02
    0.7850    0.715511E+03    0.595378E+03    0.600665E+02
    0.7900    0.698902E+03    0.599036E+03    0.499330E+02
    0.7950    0.683993E+03    0.602516E+03    0.407388E+02
    0.8000    0.670683E+03    0.605658E+03    0.325125E+02
    0.8050    0.658744E+03    0.608328E+03    0.252079E+02
    0.8100    0.647837E+03    0.610433E+03    0.187019E+02
    0.8150    0.637533E+03    0.611938E+03    0.127975E+02
    0.8200    0.627366E+03    0.612881E+03    0.724248E+01
    0.8250    0.616864E+03    0.613364E+03    0.175040E+01
    0.8300    0.605590E+03    0.613536E+03   -0.397297E+01
    0.8350    0.593181E+03    0.613575E+03   -0.101971E+02
    0.8400    0.579373E+03    0.613663E+03   -0.171452E+02
    0.8450    0.564020E+03    0.613960E+03   -0.249702E+02
    0.8500    0.547094E+03    0.614580E+03   -0.337426E+02
    0.8550    0.528706E+03    0.615582E+03   -0.434382E+02
    0.8600    0.509079E+03    0.616929E+03   -0.539253E+02
    0.8650    0.488538E+03    0.618419E+03   -0.649402E+02
    0.8700    0.467477E+03    0.619277E+03   -0.759003E+02
    0.8750    0.446337E+03    0.615983E+03   -0.848231E+02
    0.8800    0.425567E+03    0.633402E+03   -0.103917E+03
    0.8850    0.405587E+03    0.637584E+03   -0.115998E+03
    0.8900    0.386769E+03    0.639746E+03   -0.126488E+03
    0.8950    0.369412E+03    0.640677E+03   -0.135632E+03
    0.9000    0.353721E+03    0.640518E+03   -0.143399E+03
    0.9050    0.339789E+03    0.639269E+03   -0.149740E+03
    0.9100    0.327603E+03    0.636941E+03   -0.154669E+03
    0.9150    0.317044E+03    0.633582E+03   -0.158269E+03
    0.9200    0.307926E+03    0.629316E+03   -0.160695E+03
    0.9250    0.299984E+03    0.624316E+03   -0.162166E+03
    0.9300    0.292966E+03    0.618824E+03   -0.162929E+03
    0.9350    0.286663E+03    0.613121E+03   -0.163229E+03
    0.9400    0.280998E+03    0.607481E+03   -0.163242E+03
    0.9450    0.276358E+03    0.602200E+03   -0.162921E+03
    0.9500    0.274410E+03    0.597531E+03   -0.161561E+03
    0.9550    0.283021E+03    0.593689E+03   -0.155334E+03
    0.9600    0.368710E+03    0.590835E+03   -0.111062E+03
    0.9650    0.340350E+03    0.589085E+03   -0.124367E+03
    0.9700    0.244083E+03    0.588452E+03   -0.172184E+03
    0.9750    0.159940E+03    0.588876E+03   -0.214468E+03
    0.9800    0.905041E+02    0.590249E+03   -0.249873E+03
    0.9850    0.341609E+02    0.592342E+03   -0.279091E+03
    0.9900   -0.110749E+02    0.594830E+03   -0.302953E+03
    0.9950   -0.469437E+02    0.597250E+03   -0.322097E+03
    1.0000   -0.750315E+02    0.598942E+03   -0.336987E+03
    1.0050   -0.967328E+02    0.598828E+03   -0.347780E+03
    1.0100   -0.113402E+03    0.594730E+03   -0.354066E+03
    1.0150   -0.126973E+03    0.580821E+03   -0.353897E+03
    1.0200   -0.142261E+03    0.534885E+03   -0.338573E+03
    1.0250   -0.166094E+03    0.422942E+03   -0.294518E+03
    1.0300   -0.170218E+03    0.383414E+03   -0.276816E+03
    1.0350   -0.162399E+03    0.388472E+03   -0.275435E+03
    1.0400   -0.152094E+03    0.402362E+03   -0.277228E+03
    1.0450   -0.141673E+03    0.418108E+03   -0.279890E+03
    1.0500   -0.132144E+03    0.433915E+03   -0.283030E+03
    1.0550   -0.124025E+03    0.449199E+03   -0.286612E+03
    1.0600   -0.117548E+03    0.463726E+03   -0.290637E+03
    1.0650   -0.112839E+03    0.477416E+03   -0.295127E+03
    1.0700   -0.109857E+03    0.490242E+03   -0.300050E+03
    1.0750   -0.108387E+03    0.502196E+03   -0.305291E+03
    1.0800   -0.108168E+03    0.513308E+03   -0.310738E+03
    1.0850   -0.108813E+03    0.523612E+03   -0.316213E+03
    1.0900   -0.109909E+03    0.533174E+03   -0.321542E+03
    1.0950   -0.111004E+03    0.542059E+03   -0.326531E+03
    1.1000   -0.111681E+03    0.550341E+03   -0.331011E+03
    1.1050   -0.111588E+03    0.558111E+03   -0.334850E+03
    1.1100   -0.110402E+03    0.565436E+03   -0.337919E+03
    1.1150   -0.107955E+03    0.572400E+03   -0.340178E+03
    1.1200   -0.104175E+03    0.579067E+03   -0.341621E+03
    1.1250   -0.990693E+02    0.585472E+03   -0.342270E+03
    1.1300   -0.928152E+02    0.591639E+03   -0.342227E+03
    1.1350   -0.856677E+02    0.597553E+03   -0.341610E+03
    1.1400   -0.779409E+02    0.603167E+03   -0.340554E+03
    1.1450   -0.700305E+02    0.608412E+03   -0.339221E+03
    1.1500   -0.623268E+02    0.613187E+03   -0.337757E+03
    1.1550   -0.552260E+02    0.617390E+03   -0.336308E+03
    1.1600   -0.490429E+02    0.620906E+03   -0.334975E+03
    1.1650   -0.440600E+02    0.623657E+03   -0.333859E+03
    1.1700   -0.404376E+02    0.625580E+03   -0.333009E+03
    1.1750   -0.382307E+02    0.626657E+03   -0.332444E+03
    1.1800   -0.373887E+02    0.626923E+03   -0.332156E+03
    1.1850   -0.377447E+02    0.626440E+03   -0.332093E+03
    1.1900   -0.390320E+02    0.625327E+03   -0.332180E+03
    1.1950   -0.409300E+02    0.623722E+03   -0.332326E+03
    1.2000   -0.430805E+02    0.621795E+03   -0.332438E+03
    1.2050   -0.450993E+02    0.619727E+03   -0.332413E+03
    1.2100   -0.466459E+02    0.617696E+03   -0.332171E+03
    1.2150   -0.474401E+02    0.615892E+03   -0.331666E+03
    1.2200   -0.472656E+02    0.614475E+03   -0.330870E+03
    1.2250   -0.460388E+02    0.613610E+03   -0.329824E+03
    1.2300   -0.437774E+02    0.613419E+03   -0.328598E+03
    1.2350   -0.406092E+02    0.614007E+03   -0.327308E+03
    1.2400   -0.367672E+02    0.615432E+03   -0.326100E+03
    1.2450   -0.325759E+02    0.617724E+03   -0.325150E+03
    1.2500   -0.283964E+02    0.620858E+03   -0.324627E+03
    1.2550   -0.246230E+02    0.624765E+03   -0.324694E+03
    1.2600   -0.216398E+02    0.629344E+03   -0.325492E+03
    1.2650   -0.197786E+02    0.634447E+03   -0.327113E+03
    1.2700   -0.193144E+02    0.639916E+03   -0.329615E+03
    1.2750   -0.204282E+02    0.645575E+03   -0.333001E+03
    1.2800   -0.231909E+02    0.651244E+03   -0.337218E+03
    1.2850   -0.275876E+02    0.656762E+03   -0.342175E+03
    1.2900   -0.335094E+02    0.661982E+03   -0.347746E+03
    1.2950   -0.407778E+02    0.666793E+03   -0.353786E+03
    1.3000   -0.491664E+02    0.671114E+03   -0.360140E+03
    1.3050   -0.584594E+02    0.674926E+03   -0.366693E+03
    1.3100   -0.684142E+02    0.678221E+03   -0.373318E+03
    1.3150   -0.789004E+02    0.681061E+03   -0.379981E+03
    1.3200   -0.898032E+02    0.683525E+03   -0.386664E+03
    1.3250   -0.101114E+03    0.685719E+03   -0.393417E+03
    1.3300   -0.112917E+03    0.687776E+03   -0.400347E+03
    1.3350   -0.125380E+03    0.689818E+03   -0.407599E+03
    1.3400   -0.138741E+03    0.691974E+03   -0.415357E+03
    1.3450   -0.153286E+03    0.694341E+03   -0.423814E+03
    1.3500   -0.169317E+03    0.697002E+03   -0.433160E+03
    1.3550   -0.187133E+03    0.699996E+03   -0.443565E+03
    1.3600   -0.206988E+03    0.703339E+03   -0.455163E+03
    1.3650   -0.229074E+03    0.707008E+03   -0.468041E+03
    1.3700   -0.253497E+03    0.710968E+03   -0.482232E+03
    1.3750   -0.280272E+03    0.715154E+03   -0.497713E+03
    1.3800   -0.309324E+03    0.719497E+03   -0.514410E+03
    1.3850   -0.340499E+03    0.723915E+03   -0.532207E+03
    1.3900   -0.373582E+03    0.728321E+03   -0.550952E+03
    1.3950   -0.408331E+03    0.732629E+03   -0.570480E+03
    1.4000   -0.444495E+03    0.736741E+03   -0.590618E+03
    1.4050   -0.481851E+03    0.740556E+03   -0.611204E+03
    1.4100   -0.520253E+03    0.743982E+03   -0.632118E+03
    1.4150   -0.559586E+03    0.746884E+03   -0.653235E+03
    1.4200   -0.599832E+03    0.749125E+03   -0.674479E+03
    1.4250   -0.641108E+03    0.750602E+03   -0.695855E+03
    1.4300   -0.683583E+03    0.751181E+03   -0.717382E+03
    1.4350   -0.727494E+03    0.750741E+03   -0.739117E+03
    1.4400   -0.773117E+03    0.749171E+03   -0.761144E+03
    1.4450   -0.820757E+03    0.746376E+03   -0.783566E+03
    1.4500   -0.870695E+03    0.742288E+03   -0.806492E+03
    1.4550   -0.923161E+03    0.736869E+03   -0.830015E+03
    1.4600   -0.978327E+03    0.730115E+03   -0.854221E+03
    1.4650   -0.103628E+04    0.722063E+03   -0.879171E+03
    1.4700   -0.109702E+04    0.712781E+03   -0.904901E+03
    1.4750   -0.116047E+04    0.702372E+03   -0.931421E+03
    1.4800   -0.122648E+04    0.690963E+03   -0.958721E+03
    1.4850   -0.129485E+04    0.678696E+03   -0.986774E+03
    1.4900   -0.136539E+04    0.665717E+03   -0.101555E+04
    1.4950   -0.143789E+04    0.652164E+03   -0.104503E+04
    1.5000   -0.151219E+04    0.638157E+03   -0.107518E+04
    1.5050   -0.158823E+04    0.623790E+03   -0.110601E+04
    1.5100   -0.166598E+04    0.609128E+03   -0.113755E+04
    1.5150   -0.174555E+04    0.594204E+03   -0.116988E+04
    1.5200   -0.182711E+04    0.579023E+03   -0.120307E+04
    1.5250   -0.191093E+04    0.563563E+03   -0.123725E+04
    1.5300   -0.199732E+04    0.547789E+03   -0.127255E+04
    1.5350   -0.208661E+04    0.531655E+03   -0.130913E+04
    1.5400   -0.217914E+04    0.515117E+03   -0.134713E+04
    1.5450   -0.227518E+04    0.498130E+03   -0.138666E+04
    1.5500   -0.237495E+04    0.480666E+03   -0.142781E+04
    1.5550   -0.247856E+04    0.462707E+03   -0.147063E+04
    1.5600   -0.258592E+04    0.444261E+03   -0.151509E+04
    1.5650   -0.269683E+04    0.425340E+03   -0.156108E+04
    1.5700   -0.281088E+04    0.405980E+03   -0.160843E+04
    1.5750   -0.292741E+04    0.386232E+03   -0.165682E+04
    1.5800   -0.304537E+04    0.366155E+03   -0.170576E+04
    1.5850   -0.316318E+04    0.345829E+03   -0.175450E+04
    1.5900   -0.327831E+04    0.325337E+03   -0.180182E+04
    1.5950   -0.338667E+04    0.304773E+03   -0.184572E+04
    1.6000   -0.348218E+04    0.284236E+03   -0.188321E+04
    1.6050   -0.355860E+04    0.263837E+03   -0.191122E+04
    1.6100   -0.361753E+04    0.243684E+03   -0.193060E+04
    1.6150   -0.367602E+04    0.223892E+03   -0.194995E+04
    1.6200   -0.375520E+04    0.204586E+03   -0.197989E+04
    1.6250   -0.386349E+04    0.185855E+03   -0.202467E+04
    1.6300   -0.399807E+04    0.167819E+03   -0.208295E+04
    1.6350   -0.415237E+04    0.150578E+03   -0.215147E+04
    1.6400   -0.432023E+04    0.134222E+03   -0.222723E+04
    1.6450   -0.449689E+04    0.118817E+03   -0.230785E+04
    1.6500   -0.467888E+04    0.104419E+03   -0.239165E+04
    1.6550   -0.486368E+04    0.910334E+02   -0.247736E+04
    1.6600   -0.504952E+04    0.786636E+02   -0.256409E+04
    1.6650   -0.523511E+04    0.672842E+02   -0.265120E+04
    1.6700   -0.541953E+04    0.568701E+02   -0.273820E+04
    1.6750   -0.560212E+04    0.473626E+02   -0.282474E+04
    1.6800   -0.578245E+04    0.387091E+02   -0.291058E+04
    1.6850   -0.596020E+04    0.308459E+02   -0.299552E+04
    1.6900   -0.613523E+04    0.237337E+02   -0.307948E+04
    1.6950   -0.630747E+04    0.173472E+02   -0.316241E+04
    1.7000   -0.647695E+04    0.116875E+02   -0.324432E+04
    1.7050   -0.664375E+04    0.677113E+01   -0.332526E+04
    1.7100   -0.680799E+04    0.265066E+01   -0.340532E+04
    1.7150   -0.696980E+04   -0.605912E+00   -0.348460E+04
    1.7200   -0.712931E+04   -0.288944E+01   -0.356321E+04
    1.7250   -0.728665E+04   -0.412585E+01   -0.364126E+04
    1.7300   -0.744193E+04   -0.418616E+01   -0.371887E+04
    1.7350   -0.759520E+04   -0.295246E+01   -0.379612E+04
    1.7400   -0.774653E+04   -0.339716E+00   -0.387309E+04
    1.7450   -0.789594E+04    0.374307E+01   -0.394984E+04
    1.7500   -0.804347E+04    0.935865E+01   -0.402641E+04
    1.7550   -0.818913E+04    0.165290E+02   -0.410283E+04
    1.7600   -0.833296E+04    0.252580E+02   -0.417911E+04
    1.7650   -0.847500E+04    0.355084E+02   -0.425526E+04
    1.7700   -0.861534E+04    0.472249E+02   -0.433128E+04
    1.7750   -0.875406E+04    0.602926E+02   -0.440718E+04
    1.7800   -0.889126E+04    0.746052E+02   -0.448293E+04
    1.7850   -0.902705E+04    0.900312E+02   -0.455854E+04
    1.7900   -0.916150E+04    0.106429E+03   -0.463397E+04
    1.7950   -0.929464E+04    0.123649E+03   -0.470914E+04
    1.8000   -0.942641E+04    0.141546E+03   -0.478398E+04
    1.8050   -0.955667E+04    0.159971E+03   -0.485832E+04
    1.8100   -0.968513E+04    0.178794E+03   -0.493196E+04
    1.8150   -0.981139E+04    0.197881E+03   -0.500464E+04
    1.8200   -0.993491E+04    0.217116E+03   -0.507601E+04
    1.8250   -0.100550E+05    0.236387E+03   -0.514568E+04
    1.8300   -0.101708E+05    0.255601E+03   -0.521321E+04
    1.8350   -0.102815E+05    0.274645E+03   -0.527807E+04
    1.8400   -0.103860E+05    0.293443E+03   -0.533974E+04
    1.8450   -0.104835E+05    0.311907E+03   -0.539770E+04
    1.8500   -0.105729E+05    0.329964E+03   -0.545141E+04
    1.8550   -0.106532E+05    0.347543E+03   -0.550037E+04
    1.8600   -0.107237E+05    0.364581E+03   -0.554414E+04
    1.8650   -0.107836E+05    0.381025E+03   -0.558231E+04
    1.8700   -0.108323E+05    0.396829E+03   -0.561458E+04
    1.8750   -0.108694E+05    0.411955E+03   -0.564070E+04
    1.8800   -0.108946E+05    0.426360E+03   -0.566050E+04
    1.8850   -0.109077E+05    0.440035E+03   -0.567388E+04
    1.8900   -0.109086E+05    0.452940E+03   -0.568079E+04
    1.8950   -0.108974E+05    0.465042E+03   -0.568124E+04
    1.9000   -0.108742E+05    0.476296E+03   -0.567523E+04
    1.9050   -0.108389E+05    0.486649E+03   -0.566280E+04
    1.9100   -0.107919E+05    0.496014E+03   -0.564394E+04
    1.9150   -0.107330E+05    0.504297E+03   -0.561866E+04
    1.9200   -0.106624E+05    0.511383E+03   -0.558691E+04
    1.9250   -0.105801E+05    0.517136E+03   -0.554861E+04
    1.9300   -0.104859E+05    0.521406E+03   -0.550367E+04
    1.9350   -0.103799E+05    0.524031E+03   -0.545195E+04
    1.9400   -0.102618E+05    0.524867E+03   -0.539332E+04
    1.9450   -0.101316E+05    0.523766E+03   -0.532769E+04
    1.9500   -0.998930E+04    0.520610E+03   -0.525496E+04
    1.9550   -0.983498E+04    0.515297E+03   -0.517514E+04
    1.9600   -0.966884E+04    0.507787E+03   -0.508831E+04
    1.9650   -0.949132E+04    0.498078E+03   -0.499470E+04
    1.9700   -0.930305E+04    0.486232E+03   -0.489464E+04
    1.9750   -0.910493E+04    0.472353E+03   -0.478864E+04
    1.9800   -0.889809E+04    0.456607E+03   -0.467735E+04
    1.9850   -0.868393E+04    0.439206E+03   -0.456157E+04
    1.9900   -0.846412E+04    0.420358E+03   -0.444224E+04
    1.9950   -0.824053E+04    0.400330E+03   -0.432043E+04
    2.0000   -0.801527E+04    0.379375E+03   -0.419732E+04
    2.0050   -0.779062E+04    0.357732E+03   -0.407418E+04
    2.0100   -0.756902E+04    0.335575E+03   -0.395230E+04
    2.0150   -0.735301E+04    0.313055E+03   -0.383303E+04
    2.0200   -0.714500E+04    0.290252E+03   -0.371763E+04
    2.0250   -0.694628E+04    0.267134E+03   -0.360670E+04
    2.0300   -0.675493E+04    0.243617E+03   -0.349927E+04
    2.0350   -0.656391E+04    0.219518E+03   -0.339171E+04
    2.0400   -0.636436E+04    0.194572E+03   -0.327947E+04
    2.0450   -0.615254E+04    0.168441E+03   -0.316049E+04
    2.0500   -0.593051E+04    0.140725E+03   -0.303562E+04
    2.0550   -0.570200E+04    0.110990E+03   -0.290650E+04
    2.0600   -0.546980E+04    0.787728E+02   -0.277429E+04
    2.0650   -0.523549E+04    0.436228E+02   -0.263956E+04
    2.0700   -0.499968E+04    0.512565E+01   -0.250240E+04
    2.0750   -0.476259E+04   -0.370673E+02   -0.236276E+04
    2.0800   -0.452435E+04   -0.831846E+02   -0.222058E+04
    2.0850   -0.428523E+04   -0.133347E+03   -0.207594E+04
    2.0900   -0.404584E+04   -0.187516E+03   -0.192916E+04
    2.0950   -0.380737E+04   -0.245492E+03   -0.178094E+04
    2.1000   -0.357160E+04   -0.306942E+03   -0.163233E+04
    2.1050   -0.334086E+04   -0.371425E+03   -0.148472E+04
    2.1100   -0.311801E+04   -0.438566E+03   -0.133972E+04
    2.1150   -0.290618E+04   -0.508163E+03   -0.119901E+04
    2.1200   -0.270858E+04   -0.580401E+03   -0.106409E+04
    2.1250   -0.252811E+04   -0.656029E+03   -0.936043E+03
    2.1300   -0.236695E+04   -0.736569E+03   -0.815192E+03
    2.1350   -0.222633E+04   -0.824469E+03   -0.700933E+03
    2.1400   -0.210613E+04   -0.923167E+03   -0.591481E+03
    2.1450   -0.200470E+04   -0.103691E+04   -0.483895E+03
    2.1500   -0.191888E+04   -0.116983E+04   -0.374524E+03
    2.1550   -0.184416E+04   -0.132310E+04   -0.260528E+03
    2.1600   -0.177513E+04   -0.148931E+04   -0.142911E+03
    2.1650   -0.170605E+04   -0.164811E+04   -0.289693E+02
    2.1700   -0.163164E+04   -0.177479E+04    0.715726E+02
    2.1750   -0.154782E+04   -0.186018E+04    0.156180E+03
    2.1800   -0.145239E+04   -0.191378E+04    0.230697E+03
    2.1850   -0.134548E+04   -0.195127E+04    0.302895E+03
    2.1900   -0.122974E+04   -0.198501E+04    0.377634E+03
    2.1950   -0.111005E+04   -0.202200E+04    0.455973E+03
    2.2000   -0.992776E+03   -0.206486E+04    0.536042E+03
    2.2050   -0.884854E+03   -0.211344E+04    0.614294E+03
    2.2100   -0.792408E+03   -0.216584E+04    0.686716E+03
    2.2150   -0.719793E+03   -0.221945E+04    0.749830E+03
    2.2200   -0.668513E+03   -0.227163E+04    0.801557E+03
    2.2250   -0.636804E+03   -0.232030E+04    0.841750E+03
    2.2300   -0.619879E+03   -0.236446E+04    0.872290E+03
    2.2350   -0.610476E+03   -0.240423E+04    0.896876E+03
    2.2400   -0.599978E+03   -0.244066E+04    0.920341E+03
    2.2450   -0.579699E+03   -0.247514E+04    0.947719E+03
    2.2500   -0.542383E+03   -0.250896E+04    0.983287E+03
    2.2550   -0.483239E+03   -0.254279E+04    0.102977E+04
    2.2600   -0.400804E+03   -0.257668E+04    0.108794E+04
    2.2650   -0.296976E+03   -0.260985E+04    0.115644E+04
    2.2700   -0.176790E+03   -0.264102E+04    0.123211E+04
    2.2750   -0.474370E+02   -0.266853E+04    0.131055E+04
    2.2800    0.829073E+02   -0.269065E+04    0.138678E+04
    2.2850    0.206450E+03   -0.270587E+04    0.145616E+04
    2.2900    0.317051E+03   -0.271324E+04    0.151515E+04
    2.2950    0.411212E+03   -0.271263E+04    0.156192E+04
    2.3000    0.488604E+03   -0.270484E+04    0.159672E+04
    2.3050    0.552028E+03   -0.269159E+04    0.162181E+04
    2.3100    0.606775E+03   -0.267531E+04    0.164104E+04
    2.3150    0.659425E+03   -0.265882E+04    0.165912E+04
    2.3200    0.716297E+03   -0.264493E+04    0.168061E+04
    2.3250    0.781819E+03   -0.263608E+04    0.170895E+04
    2.3300    0.857268E+03   -0.263410E+04    0.174568E+04
    2.3350    0.940216E+03   -0.264009E+04    0.179015E+04
    2.3400    0.102498E+04   -0.265440E+04    0.183969E+04
    2.3450    0.110409E+04   -0.267674E+04    0.189042E+04
    2.3500    0.117033E+04   -0.270640E+04    0.193837E+04
    2.3550    0.121902E+04   -0.274240E+04    0.198071E+04
    2.3600    0.124957E+04   -0.278370E+04    0.201664E+04
    2.3650    0.126597E+04   -0.282932E+04    0.204765E+04
    2.3700    0.127582E+04   -0.287840E+04    0.207711E+04
    2.3750    0.128816E+04   -0.293008E+04    0.210912E+04
    2.3800    0.131065E+04   -0.298342E+04    0.214704E+04
    2.3850    0.134698E+04   -0.303740E+04    0.219219E+04
    2.3900    0.139536E+04   -0.309082E+04    0.224309E+04
    2.3950    0.144868E+04   -0.314253E+04    0.229561E+04
    2.4000    0.149656E+04   -0.319141E+04    0.234398E+04
    2.4050    0.152815E+04   -0.323668E+04    0.238241E+04
    2.4100    0.153547E+04   -0.327792E+04    0.240669E+04
    2.4150    0.151558E+04   -0.331518E+04    0.241538E+04
    2.4200    0.147137E+04   -0.334881E+04    0.241009E+04
    2.4250    0.141058E+04   -0.337936E+04    0.239497E+04
    2.4300    0.134354E+04   -0.340725E+04    0.237540E+04
    2.4350    0.128017E+04   -0.343295E+04    0.235656E+04
    2.4400    0.122742E+04   -0.345659E+04    0.234201E+04
    2.4450    0.118750E+04   -0.347829E+04    0.233290E+04
    2.4500    0.115766E+04   -0.349805E+04    0.232785E+04
    2.4550    0.113122E+04   -0.351599E+04    0.232361E+04
    2.4600    0.109974E+04   -0.353226E+04    0.231600E+04
    2.4650    0.105533E+04   -0.354714E+04    0.230123E+04
    2.4700    0.992579E+03   -0.356105E+04    0.227682E+04
    2.4750    0.909792E+03   -0.357451E+04    0.224215E+04
    2.4800    0.809026E+03   -0.358821E+04    0.219862E+04
    2.4850    0.695351E+03   -0.360292E+04    0.214913E+04
    2.4900    0.575453E+03   -0.361948E+04    0.209746E+04
    2.4950    0.456059E+03   -0.363878E+04    0.204742E+04
    2.5000    0.342651E+03   -0.366163E+04    0.200214E+04
    2.5050    0.238529E+03   -0.368882E+04    0.196368E+04
    2.5100    0.144560E+03   -0.372097E+04    0.193276E+04
    2.5150    0.593966E+02   -0.375842E+04    0.190891E+04
    2.5200   -0.198843E+02   -0.380122E+04    0.189067E+04
    2.5250   -0.969976E+02   -0.384904E+04    0.187602E+04
    2.5300   -0.175708E+03   -0.390121E+04    0.186275E+04
    2.5350   -0.259203E+03   -0.395672E+04    0.184876E+04
    2.5400   -0.349715E+03   -0.401436E+04    0.183232E+04
    2.5450   -0.448405E+03   -0.407283E+04    0.181221E+04
    2.5500   -0.555391E+03   -0.413087E+04    0.178774E+04
    2.5550   -0.669908E+03   -0.418742E+04    0.175876E+04
    2.5600   -0.790545E+03   -0.424170E+04    0.172558E+04
    2.5650   -0.915450E+03   -0.429331E+04    0.168893E+04
    2.5700   -0.104250E+04   -0.434222E+04    0.164986E+04
    2.5750   -0.116947E+04   -0.438878E+04    0.160965E+04
    2.5800   -0.129414E+04   -0.443359E+04    0.156973E+04
    2.5850   -0.141432E+04   -0.447745E+04    0.153157E+04
    2.5900   -0.152804E+04   -0.452122E+04    0.149659E+04
    2.5950   -0.163358E+04   -0.456571E+04    0.146606E+04
    2.6000   -0.172959E+04   -0.461159E+04    0.144100E+04
    2.6050   -0.181515E+04   -0.465930E+04    0.142207E+04
    2.6100   -0.188991E+04   -0.470905E+04    0.140957E+04
    2.6150   -0.195408E+04   -0.476078E+04    0.140335E+04
    2.6200   -0.200842E+04   -0.481424E+04    0.140291E+04
    2.6250   -0.205423E+04   -0.486902E+04    0.140739E+04
    2.6300   -0.209319E+04   -0.492463E+04    0.141572E+04
    2.6350   -0.212715E+04   -0.498058E+04    0.142672E+04
    2.6400   -0.215784E+04   -0.503655E+04    0.143936E+04
    2.6450   -0.218690E+04   -0.509232E+04    0.145271E+04
    2.6500   -0.221574E+04   -0.514793E+04    0.146610E+04
    2.6550   -0.224507E+04   -0.520354E+04    0.147923E+04
    2.6600   -0.227512E+04   -0.525959E+04    0.149224E+04
    2.6650   -0.230547E+04   -0.531667E+04    0.150560E+04
    2.6700   -0.233521E+04   -0.537541E+04    0.152010E+04
    2.6750   -0.236295E+04   -0.543643E+04    0.153674E+04
    2.6800   -0.238715E+04   -0.550034E+04    0.155659E+04
    2.6850   -0.240604E+04   -0.556741E+04    0.158068E+04
    2.6900   -0.241804E+04   -0.563777E+04    0.160986E+04
    2.6950   -0.242179E+04   -0.571123E+04    0.164472E+04
    2.7000   -0.241631E+04   -0.578731E+04    0.168550E+04
    2.7050   -0.240106E+04   -0.586528E+04    0.173211E+04
    2.7100   -0.237596E+04   -0.594418E+04    0.178411E+04
    2.7150   -0.234136E+04   -0.602295E+04    0.184079E+04
    2.7200   -0.229800E+04   -0.610046E+04    0.190123E+04
    2.7250   -0.224681E+04   -0.617567E+04    0.196443E+04
    2.7300   -0.218892E+04   -0.624769E+04    0.202939E+04
    2.7350   -0.212540E+04   -0.631588E+04    0.209524E+04
    2.7400   -0.205724E+04   -0.637986E+04    0.216131E+04
    2.7450   -0.198525E+04   -0.643957E+04    0.222716E+04
    2.7500   -0.191008E+04   -0.649529E+04    0.229260E+04
    2.7550   -0.183209E+04   -0.654750E+04    0.235771E+04
    2.7600   -0.175158E+04   -0.659694E+04    0.242268E+04
    2.7650   -0.166868E+04   -0.664438E+04    0.248785E+04
    2.7700   -0.158357E+04   -0.669064E+04    0.255353E+04
    2.7750   -0.149644E+04   -0.673640E+04    0.261998E+04
    2.7800   -0.140767E+04   -0.678217E+04    0.268725E+04
    2.7850   -0.131785E+04   -0.682825E+04    0.275520E+04
    2.7900   -0.122775E+04   -0.687467E+04    0.282346E+04
    2.7950   -0.113831E+04   -0.692120E+04    0.289144E+04
    2.8000   -0.105058E+04   -0.696739E+04    0.295841E+04
    2.8050   -0.965592E+03   -0.701266E+04    0.302353E+04
    2.8100   -0.884326E+03   -0.705636E+04    0.308601E+04
    2.8150   -0.807556E+03   -0.709785E+04    0.314515E+04
    2.8200   -0.735779E+03   -0.713665E+04    0.320044E+04
    2.8250   -0.669165E+03   -0.717245E+04    0.325164E+04
    2.8300   -0.607538E+03   -0.720519E+04    0.329883E+04
    2.8350   -0.550420E+03   -0.723509E+04    0.334233E+04
    2.8400   -0.497028E+03   -0.726260E+04    0.338279E+04
    2.8450   -0.446505E+03   -0.728840E+04    0.342095E+04
    2.8500   -0.397968E+03   -0.731327E+04    0.345765E+04
    2.8550   -0.350655E+03   -0.733802E+04    0.349368E+04
    2.8600   -0.304038E+03   -0.736338E+04    0.352967E+04
    2.8650   -0.257930E+03   -0.738991E+04    0.356599E+04
    2.8700   -0.212538E+03   -0.741790E+04    0.360268E+04
    2.8750   -0.168456E+03   -0.744735E+04    0.363945E+04
    2.8800   -0.126620E+03   -0.747795E+04    0.367567E+04
    2.8850   -0.881224E+02   -0.750911E+04    0.371050E+04
    2.8900   -0.542075E+02   -0.754004E+04    0.374292E+04
    2.8950   -0.260557E+02   -0.756980E+04    0.377187E+04
    2.9000   -0.452289E+01   -0.759752E+04    0.379650E+04
    2.9050    0.984080E+01   -0.762236E+04    0.381610E+04
    2.9100    0.169731E+02   -0.764371E+04    0.383034E+04
    2.9150    0.173624E+02   -0.766120E+04    0.383928E+04
    2.9200    0.119662E+02   -0.767475E+04    0.384336E+04
    2.9250    0.220058E+01   -0.768450E+04    0.384335E+04
    2.9300   -0.102711E+02   -0.769077E+04    0.384025E+04
    2.9350   -0.235733E+02   -0.769402E+04    0.383522E+04
    2.9400   -0.360016E+02   -0.769474E+04    0.382937E+04
    2.9450   -0.460454E+02   -0.769342E+04    0.382369E+04
    2.9500   -0.526253E+02   -0.769060E+04    0.381899E+04
    2.9550   -0.551361E+02   -0.768683E+04    0.381585E+04
    2.9600   -0.535513E+02   -0.768277E+04    0.381461E+04
    2.9650   -0.483620E+02   -0.767879E+04    0.381521E+04
    2.9700   -0.404811E+02   -0.767539E+04    0.381745E+04
    2.9750   -0.310946E+02   -0.767283E+04    0.382087E+04
    2.9800   -0.215114E+02   -0.767114E+04    0.382481E+04
    2.9850   -0.128910E+02   -0.767011E+04    0.382861E+04
    2.9900   -0.615802E+01   -0.766932E+04    0.383158E+04
    2.9950   -0.173776E+01   -0.766824E+04    0.383325E+04
    3.0000    0.448202E+00   -0.766629E+04    0.383337E+04
    3.0050    0.104296E+01   -0.766284E+04    0.383194E+04
    3.0100    0.123925E+01   -0.765775E+04    0.382949E+04
    3.0150    0.260809E+01   -0.765078E+04    0.382670E+04
    3.0200    0.689517E+01   -0.764208E+04    0.382449E+04
    3.0250    0.159049E+02   -0.763206E+04    0.382398E+04
    3.0300    0.312269E+02   -0.762147E+04    0.382635E+04
    3.0350    0.539625E+02   -0.761112E+04    0.383254E+04
    3.0400    0.847207E+02   -0.760198E+04    0.384335E+04
    3.0450    0.123479E+03   -0.759530E+04    0.385939E+04
    3.0500    0.169477E+03   -0.759198E+04    0.388073E+04
    3.0550    0.221425E+03   -0.759287E+04    0.390715E+04
    3.0600    0.277521E+03   -0.759858E+04    0.393805E+04
    3.0650    0.335685E+03   -0.760939E+04    0.397254E+04
    3.0700    0.393762E+03   -0.762533E+04    0.400955E+04
    3.0750    0.449694E+03   -0.764567E+04    0.404768E+04
    3.0800    0.501612E+03   -0.766904E+04    0.408533E+04
    3.0850    0.547994E+03   -0.769304E+04    0.412052E+04
    3.0900    0.587558E+03   -0.771422E+04    0.415089E+04
    3.0950    0.619245E+03   -0.772833E+04    0.417379E+04
    3.1000    0.642048E+03   -0.773073E+04    0.418639E+04
    3.1050    0.655128E+03   -0.771717E+04    0.418615E+04
    3.1100    0.658199E+03   -0.768400E+04    0.417110E+04
    3.1150    0.652796E+03   -0.762799E+04    0.414039E+04
    3.1200    0.644520E+03   -0.754575E+04    0.409514E+04
    3.1250    0.644809E+03   -0.743343E+04    0.403912E+04
    3.1300    0.665438E+03   -0.728717E+04    0.397630E+04
    3.1350    0.710218E+03   -0.710580E+04    0.390801E+04
    3.1400    0.112693E+04   -0.689369E+04    0.401031E+04
    3.1450    0.226131E+04   -0.666380E+04    0.446255E+04
    3.1500    0.339914E+04   -0.643927E+04    0.491920E+04
    3.1550    0.433666E+04   -0.624572E+04    0.529119E+04
    3.1600    0.508884E+04   -0.610075E+04    0.559479E+04
    3.1650    0.569025E+04   -0.600765E+04    0.584895E+04
    3.1700    0.617023E+04   -0.595697E+04    0.606360E+04
    3.1750    0.655312E+04   -0.593293E+04    0.624303E+04
    3.1800    0.685997E+04   -0.591932E+04    0.638964E+04
    3.1850    0.710906E+04   -0.590307E+04    0.650606E+04
    3.1900    0.731631E+04   -0.587496E+04    0.659564E+04
    3.1950    0.749526E+04   -0.582953E+04    0.666239E+04
    3.2000    0.765721E+04   -0.576436E+04    0.671079E+04
    3.2050    0.781134E+04   -0.567936E+04    0.674535E+04
    3.2100    0.796472E+04   -0.557626E+04    0.677049E+04
    3.2150    0.812251E+04   -0.545785E+04    0.679018E+04
    3.2200    0.828799E+04   -0.532770E+04    0.680785E+04
    3.2250    0.846273E+04   -0.518975E+04    0.682624E+04
    3.2300    0.864677E+04   -0.504801E+04    0.684739E+04
    3.2350    0.883899E+04   -0.490627E+04    0.687263E+04
    3.2400    0.903734E+04   -0.476803E+04    0.690268E+04
    3.2450    0.923929E+04   -0.463634E+04    0.693781E+04
    3.2500    0.944225E+04   -0.451374E+04    0.697799E+04
    3.2550    0.964396E+04   -0.440227E+04    0.702312E+04
    3.2600    0.984282E+04   -0.430351E+04    0.707317E+04
    3.2650    0.100381E+05   -0.421861E+04    0.712838E+04
    3.2700    0.102303E+05   -0.414835E+04    0.718931E+04
    3.2750    0.104205E+05   -0.409327E+04    0.725687E+04
    3.2800    0.106111E+05   -0.405358E+04    0.733233E+04
    3.2850    0.108049E+05   -0.402930E+04    0.741712E+04
    3.2900    0.110052E+05   -0.402020E+04    0.751272E+04
    3.2950    0.112150E+05   -0.402580E+04    0.762042E+04
    3.3000    0.114369E+05   -0.404531E+04    0.774113E+04
    3.3050    0.116728E+05   -0.407766E+04    0.787522E+04
    3.3100    0.119232E+05   -0.412142E+04    0.802232E+04
    3.3150    0.121877E+05   -0.417477E+04    0.818124E+04
    3.3200    0.124644E+05   -0.423560E+04    0.835002E+04
    3.3250    0.127505E+05   -0.430148E+04    0.852598E+04
    3.3300    0.130420E+05   -0.436979E+04    0.870590E+04
    3.3350    0.133347E+05   -0.443780E+04    0.888623E+04
    3.3400    0.136240E+05   -0.450277E+04    0.906337E+04
    3.3450    0.139056E+05   -0.456224E+04    0.923393E+04
    3.3500    0.141759E+05   -0.461401E+04    0.939497E+04
    3.3550    0.144323E+05   -0.465631E+04    0.954431E+04
    3.3600    0.146731E+05   -0.468795E+04    0.968053E+04
    3.3650    0.148980E+05   -0.470832E+04    0.980317E+04
    3.3700    0.151078E+05   -0.471749E+04    0.991264E+04
    3.3750    0.153042E+05   -0.471608E+04    0.100101E+05
    3.3800    0.154896E+05   -0.470524E+04    0.100974E+05
    3.3850    0.156667E+05   -0.468656E+04    0.101766E+05
    3.3900    0.158382E+05   -0.466185E+04    0.102500E+05
    3.3950    0.160063E+05   -0.463307E+04    0.103197E+05
    3.4000    0.161726E+05   -0.460220E+04    0.103874E+05
    3.4050    0.163376E+05   -0.457102E+04    0.104543E+05
    3.4100    0.165009E+05   -0.454111E+04    0.105210E+05
    3.4150    0.166612E+05   -0.451372E+04    0.105875E+05
    3.4200    0.168162E+05   -0.448979E+04    0.106530E+05
    3.4250    0.169631E+05   -0.446995E+04    0.107165E+05
    3.4300    0.170989E+05   -0.445456E+04    0.107767E+05
    3.4350    0.172205E+05   -0.444379E+04    0.108321E+05
    3.4400    0.173251E+05   -0.443772E+04    0.108814E+05
    3.4450    0.174107E+05   -0.443638E+04    0.109235E+05
    3.4500    0.174758E+05   -0.443985E+04    0.109578E+05
    3.4550    0.175201E+05   -0.444838E+04    0.109842E+05
    3.4600    0.175440E+05   -0.446220E+04    0.110031E+05
    3.4650    0.175486E+05   -0.448165E+04    0.110151E+05
    3.4700    0.175357E+05   -0.450713E+04    0.110214E+05
    3.4750    0.175074E+05   -0.453894E+04    0.110232E+05
    3.4800    0.174658E+05   -0.457723E+04    0.110215E+05
    3.4850    0.174130E+05   -0.462195E+04    0.110175E+05
    3.4900    0.173505E+05   -0.467269E+04    0.110116E+05
    3.4950    0.172794E+05   -0.472868E+04    0.110040E+05
    3.5000    0.172001E+05   -0.478872E+04    0.109944E+05
    3.5050    0.171126E+05   -0.485122E+04    0.109819E+05
    3.5100    0.170161E+05   -0.491414E+04    0.109651E+05
    3.5150    0.169097E+05   -0.497513E+04    0.109424E+05
    3.5200    0.167923E+05   -0.503157E+04    0.109119E+05
    3.5250    0.166628E+05   -0.508065E+04    0.108717E+05
    3.5300    0.165204E+05   -0.511950E+04    0.108200E+05
    3.5350    0.163645E+05   -0.514527E+04    0.107549E+05
    3.5400    0.161951E+05   -0.515528E+04    0.106752E+05
    3.5450    0.160126E+05   -0.514714E+04    0.105799E+05
    3.5500    0.158180E+05   -0.511905E+04    0.104685E+05
    3.5550    0.156124E+05   -0.507015E+04    0.103413E+05
    3.5600    0.153974E+05   -0.500117E+04    0.101993E+05
    3.5650    0.151745E+05   -0.491505E+04    0.100448E+05
    3.5700    0.149454E+05   -0.481693E+04    0.988115E+04
    3.5750    0.147113E+05   -0.471350E+04    0.971240E+04
    3.5800    0.144734E+05   -0.461163E+04    0.954253E+04
    3.5850    0.142325E+05   -0.451702E+04    0.937477E+04
    3.5900    0.139891E+05   -0.443353E+04    0.921130E+04
    3.5950    0.137433E+05   -0.436318E+04    0.905325E+04
    3.6000    0.134953E+05   -0.430649E+04    0.890088E+04
    3.6050    0.132450E+05   -0.426312E+04    0.875406E+04
    3.6100    0.129924E+05   -0.423209E+04    0.861227E+04
    3.6150    0.127378E+05   -0.421221E+04    0.847500E+04
    3.6200    0.124814E+05   -0.420234E+04    0.834185E+04
    3.6250    0.122238E+05   -0.420146E+04    0.821261E+04
    3.6300    0.119658E+05   -0.420878E+04    0.808728E+04
    3.6350    0.117084E+05   -0.422373E+04    0.796606E+04
    3.6400    0.114527E+05   -0.424601E+04    0.784934E+04
    3.6450    0.111997E+05   -0.427547E+04    0.773761E+04
    3.6500    0.109507E+05   -0.431208E+04    0.763138E+04
    3.6550    0.107064E+05   -0.435585E+04    0.753110E+04
    3.6600    0.104675E+05   -0.440669E+04    0.743709E+04
    3.6650    0.102347E+05   -0.446449E+04    0.734958E+04
    3.6700    0.100082E+05   -0.452890E+04    0.726855E+04
    3.6750    0.978830E+04   -0.459940E+04    0.719385E+04
    3.6800    0.957517E+04   -0.467530E+04    0.712523E+04
    3.6850    0.936900E+04   -0.475573E+04    0.706236E+04
    3.6900    0.917016E+04   -0.483976E+04    0.700496E+04
    3.6950    0.897918E+04   -0.492641E+04    0.695279E+04
    3.7000    0.879679E+04   -0.501480E+04    0.690579E+04
    3.7050    0.862394E+04   -0.510417E+04    0.686405E+04
    3.7100    0.846172E+04   -0.519405E+04    0.682789E+04
    3.7150    0.831122E+04   -0.528436E+04    0.679779E+04
    3.7200    0.817345E+04   -0.537555E+04    0.677450E+04
    3.7250    0.804894E+04   -0.546903E+04    0.675899E+04
    3.7300    0.793733E+04   -0.556830E+04    0.675282E+04
    3.7350    0.783557E+04   -0.568331E+04    0.675944E+04
    3.7400    0.772997E+04   -0.585608E+04    0.679303E+04
    3.7450    0.760891E+04   -0.616613E+04    0.688752E+04
    3.7500    0.758622E+04   -0.628614E+04    0.693618E+04
    3.7550    0.759127E+04   -0.633438E+04    0.696283E+04
    3.7600    0.760216E+04   -0.637825E+04    0.699020E+04
    3.7650    0.761682E+04   -0.642820E+04    0.702251E+04
    3.7700    0.763470E+04   -0.648687E+04    0.706079E+04
    3.7750    0.765545E+04   -0.655496E+04    0.710520E+04
    3.7800    0.767900E+04   -0.663229E+04    0.715565E+04
    3.7850    0.770564E+04   -0.671825E+04    0.721195E+04
    3.7900    0.773611E+04   -0.681196E+04    0.727403E+04
    3.7950    0.777155E+04   -0.691234E+04    0.734195E+04
    3.8000    0.781346E+04   -0.701829E+04    0.741587E+04
    3.8050    0.786347E+04   -0.712868E+04    0.749608E+04
    3.8100    0.792326E+04   -0.724246E+04    0.758286E+04
    3.8150    0.799424E+04   -0.735865E+04    0.767645E+04
    3.8200    0.807743E+04   -0.747634E+04    0.777689E+04
    3.8250    0.817330E+04   -0.759469E+04    0.788400E+04
    3.8300    0.828173E+04   -0.771293E+04    0.799733E+04
    3.8350    0.840183E+04   -0.783024E+04    0.811603E+04
    3.8400    0.853218E+04   -0.794581E+04    0.823900E+04
    3.8450    0.867084E+04   -0.805880E+04    0.836482E+04
    3.8500    0.881556E+04   -0.816834E+04    0.849195E+04
    3.8550    0.896397E+04   -0.827355E+04    0.861876E+04
    3.8600    0.911383E+04   -0.837358E+04    0.874371E+04
    3.8650    0.926325E+04   -0.846770E+04    0.886547E+04
    3.8700    0.941077E+04   -0.855534E+04    0.898305E+04
    3.8750    0.955552E+04   -0.863613E+04    0.909583E+04
    3.8800    0.969727E+04   -0.871003E+04    0.920365E+04
    3.8850    0.983630E+04   -0.877732E+04    0.930681E+04
    3.8900    0.997338E+04   -0.883859E+04    0.940598E+04
    3.8950    0.101095E+05   -0.889479E+04    0.950214E+04
    3.9000    0.102457E+05   -0.894709E+04    0.959640E+04
    3.9050    0.103830E+05   -0.899689E+04    0.968993E+04
    3.9100    0.105218E+05   -0.904564E+04    0.978374E+04
    3.9150    0.106624E+05   -0.909481E+04    0.987863E+04
    3.9200    0.108043E+05   -0.914570E+04    0.997502E+04
    3.9250    0.109466E+05   -0.919940E+04    0.100730E+05
    3.9300    0.110876E+05   -0.925674E+04    0.101722E+05
    3.9350    0.112255E+05   -0.931816E+04    0.102719E+05
    3.9400    0.113584E+05   -0.938381E+04    0.103711E+05
    3.9450    0.114842E+05   -0.945354E+04    0.104689E+05
    3.9500    0.116011E+05   -0.952694E+04    0.105640E+05
    3.9550    0.117076E+05   -0.960347E+04    0.106556E+05
    3.9600    0.118029E+05   -0.968255E+04    0.107427E+05
    3.9650    0.118867E+05   -0.976358E+04    0.108251E+05
    3.9700    0.119590E+05   -0.984625E+04    0.109026E+05
    3.9750    0.120207E+05   -0.993033E+04    0.109755E+05
    3.9800    0.120726E+05   -0.100160E+05    0.110443E+05
    3.9850    0.121160E+05   -0.101037E+05    0.111099E+05
    3.9900    0.121520E+05   -0.101943E+05    0.111732E+05
    3.9950    0.121814E+05   -0.102890E+05    0.112352E+05
    4.0000    0.122048E+05   -0.103890E+05    0.112969E+05
    4.0050    0.122222E+05   -0.104957E+05    0.113589E+05
    4.0100    0.122332E+05   -0.106093E+05    0.114213E+05
    4.0150    0.122371E+05   -0.107281E+05    0.114826E+05
    4.0200    0.122327E+05   -0.108468E+05    0.115397E+05
    4.0250    0.122189E+05   -0.109560E+05    0.115874E+05
    4.0300    0.121945E+05   -0.110463E+05    0.116204E+05
    4.0350    0.121587E+05   -0.111129E+05    0.116358E+05
    4.0400    0.121111E+05   -0.111573E+05    0.116342E+05
    4.0450    0.120520E+05   -0.111848E+05    0.116184E+05
    4.0500    0.119821E+05   -0.112012E+05    0.115917E+05
    4.0550    0.119027E+05   -0.112111E+05    0.115569E+05
    4.0600    0.118157E+05   -0.112176E+05    0.115166E+05
    4.0650    0.117231E+05   -0.112227E+05    0.114729E+05
    4.0700    0.116270E+05   -0.112276E+05    0.114273E+05
    4.0750    0.115294E+05   -0.112326E+05    0.113810E+05
    4.0800    0.114319E+05   -0.112379E+05    0.113349E+05
    4.0850    0.113354E+05   -0.112432E+05    0.112893E+05
    4.0900    0.112403E+05   -0.112484E+05    0.112443E+05
    4.0950    0.111462E+05   -0.112529E+05    0.111996E+05
    4.1000    0.110523E+05   -0.112561E+05    0.111542E+05
    4.1050    0.109569E+05   -0.112575E+05    0.111072E+05
    4.1100    0.108584E+05   -0.112563E+05    0.110574E+05
    4.1150    0.107550E+05   -0.112518E+05    0.110034E+05
    4.1200    0.106451E+05   -0.112434E+05    0.109443E+05
    4.1250    0.105275E+05   -0.112304E+05    0.108790E+05
    4.1300    0.104017E+05   -0.112123E+05    0.108070E+05
    4.1350    0.102678E+05   -0.111888E+05    0.107283E+05
    4.1400    0.101267E+05   -0.111598E+05    0.106432E+05
    4.1450    0.997982E+04   -0.111253E+05    0.105526E+05
    4.1500    0.982927E+04   -0.110858E+05    0.104575E+05
    4.1550    0.967733E+04   -0.110419E+05    0.103596E+05
    4.1600    0.952635E+04   -0.109943E+05    0.102603E+05
    4.1650    0.937852E+04   -0.109442E+05    0.101614E+05
    4.1700    0.923558E+04   -0.108926E+05    0.100641E+05
    4.1750    0.909873E+04   -0.108405E+05    0.996961E+04
    4.1800    0.896847E+04   -0.107890E+05    0.987871E+04
    4.1850    0.884469E+04   -0.107388E+05    0.979176E+04
    4.1900    0.872663E+04   -0.106907E+05    0.970869E+04
    4.1950    0.861307E+04   -0.106451E+05    0.962909E+04
    4.2000    0.850257E+04   -0.106020E+05    0.955230E+04
    4.2050    0.839362E+04   -0.105614E+05    0.947752E+04
    4.2100    0.828493E+04   -0.105229E+05    0.940392E+04
    4.2150    0.817558E+04   -0.104860E+05    0.933081E+04
    4.2200    0.806518E+04   -0.104502E+05    0.925769E+04
    4.2250    0.795394E+04   -0.104148E+05    0.918435E+04
    4.2300    0.784264E+04   -0.103792E+05    0.911090E+04
    4.2350    0.773252E+04   -0.103428E+05    0.903768E+04
    4.2400    0.762517E+04   -0.103054E+05    0.896528E+04
    4.2450    0.752226E+04   -0.102665E+05    0.889439E+04
    4.2500    0.742537E+04   -0.102260E+05    0.882569E+04
    4.2550    0.733579E+04   -0.101838E+05    0.875978E+04
    4.2600    0.725435E+04   -0.101397E+05    0.869703E+04
    4.2650    0.718134E+04   -0.100938E+05    0.863756E+04
    4.2700    0.711648E+04   -0.100459E+05    0.858118E+04
    4.2750    0.705899E+04   -0.999590E+04    0.852745E+04
    4.2800    0.700770E+04   -0.994364E+04    0.847567E+04
    4.2850    0.696127E+04   -0.988883E+04    0.842505E+04
    4.2900    0.691836E+04   -0.983115E+04    0.837475E+04
    4.2950    0.687785E+04   -0.977022E+04    0.832403E+04
    4.3000    0.683903E+04   -0.970562E+04    0.827233E+04
    4.3050    0.680173E+04   -0.963690E+04    0.821931E+04
    4.3100    0.676633E+04   -0.956351E+04    0.816492E+04
    4.3150    0.673378E+04   -0.948476E+04    0.810927E+04
    4.3200    0.670547E+04   -0.939964E+04    0.805256E+04
    4.3250    0.668308E+04   -0.930662E+04    0.799485E+04
    4.3300    0.666832E+04   -0.920333E+04    0.793583E+04
    4.3350    0.666274E+04   -0.908648E+04    0.787461E+04
    4.3400    0.666749E+04   -0.895253E+04    0.781001E+04
    4.3450    0.668317E+04   -0.880079E+04    0.774198E+04
    4.3500    0.670974E+04   -0.863803E+04    0.767388E+04
    4.3550    0.674644E+04   -0.847852E+04    0.761248E+04
    4.3600    0.679195E+04   -0.833517E+04    0.756356E+04
    4.3650    0.684445E+04   -0.821264E+04    0.752855E+04
    4.3700    0.690189E+04   -0.810917E+04    0.750553E+04
    4.3750    0.696220E+04   -0.802061E+04    0.749141E+04
    4.3800    0.702358E+04   -0.794288E+04    0.748323E+04
    4.3850    0.708466E+04   -0.787256E+04    0.747861E+04
    4.3900    0.714473E+04   -0.780701E+04    0.747587E+04
    4.3950    0.720378E+04   -0.774422E+04    0.747400E+04
    4.4000    0.726252E+04   -0.768271E+04    0.747262E+04
    4.4050    0.732225E+04   -0.762141E+04    0.747183E+04
    4.4100    0.738472E+04   -0.755963E+04    0.747217E+04
    4.4150    0.745184E+04   -0.749696E+04    0.747440E+04
    4.4200    0.752544E+04   -0.743326E+04    0.747935E+04
    4.4250    0.760698E+04   -0.736856E+04    0.748777E+04
    4.4300    0.769732E+04   -0.730304E+04    0.750018E+04
    4.4350    0.779656E+04   -0.723691E+04    0.751673E+04
    4.4400    0.790398E+04   -0.717040E+04    0.753719E+04
    4.4450    0.801803E+04   -0.710370E+04    0.756086E+04
    4.4500    0.813647E+04   -0.703690E+04    0.758668E+04
    4.4550    0.825658E+04   -0.696998E+04    0.761328E+04
    4.4600    0.837546E+04   -0.690284E+04    0.763915E+04
    4.4650    0.849026E+04   -0.683527E+04    0.766276E+04
    4.4700    0.859852E+04   -0.676699E+04    0.768276E+04
    4.4750    0.869840E+04   -0.669774E+04    0.769807E+04
    4.4800    0.878885E+04   -0.662730E+04    0.770807E+04
    4.4850    0.886970E+04   -0.655551E+04    0.771261E+04
    4.4900    0.894163E+04   -0.648238E+04    0.771200E+04
    4.4950    0.900602E+04   -0.640805E+04    0.770704E+04
    4.5000    0.906481E+04   -0.633282E+04    0.769881E+04
    4.5050    0.912016E+04   -0.625715E+04    0.768866E+04
    4.5100    0.917424E+04   -0.618160E+04    0.767792E+04
    4.5150    0.922892E+04   -0.610680E+04    0.766786E+04
    4.5200    0.928559E+04   -0.603338E+04    0.765948E+04
    4.5250    0.934507E+04   -0.596190E+04    0.765348E+04
    4.5300    0.940760E+04   -0.589282E+04    0.765021E+04
    4.5350    0.947304E+04   -0.582646E+04    0.764975E+04
    4.5400    0.954118E+04   -0.576293E+04    0.765205E+04
    4.5450    0.961239E+04   -0.570216E+04    0.765727E+04
    4.5500    0.968797E+04   -0.564394E+04    0.766596E+04
    4.5550    0.977068E+04   -0.558791E+04    0.767930E+04
    4.5600    0.986387E+04   -0.553367E+04    0.769877E+04
    4.5650    0.996861E+04   -0.548078E+04    0.772469E+04
    4.5700    0.100791E+05   -0.542886E+04    0.775397E+04
    4.5750    0.101812E+05   -0.537765E+04    0.777941E+04
    4.5800    0.102585E+05   -0.532699E+04    0.779273E+04
    4.5850    0.103008E+05   -0.527688E+04    0.778886E+04
    4.5900    0.103073E+05   -0.522748E+04    0.776737E+04
    4.5950    0.102833E+05   -0.517907E+04    0.773117E+04
    4.6000    0.102370E+05   -0.513199E+04    0.768452E+04
    4.6050    0.101769E+05   -0.508664E+04    0.763176E+04
    4.6100    0.101100E+05   -0.504337E+04    0.757668E+04
    4.6150    0.100421E+05   -0.500244E+04    0.752229E+04
    4.6200    0.997762E+04   -0.496400E+04    0.747081E+04
    4.6250    0.991965E+04   -0.492805E+04    0.742385E+04
    4.6300    0.987013E+04   -0.489444E+04    0.738228E+04
    4.6350    0.982895E+04   -0.486286E+04    0.734591E+04
    4.6400    0.979231E+04   -0.483292E+04    0.731262E+04
    4.6450    0.975107E+04   -0.480416E+04    0.727761E+04
    4.6500    0.969142E+04   -0.477609E+04    0.723376E+04
    4.6550    0.960145E+04   -0.474831E+04    0.717488E+04
    4.6600    0.947509E+04   -0.472047E+04    0.709778E+04
    4.6650    0.931475E+04   -0.469235E+04    0.700355E+04
    4.6700    0.912663E+04   -0.466391E+04    0.689527E+04
    4.6750    0.891856E+04   -0.463521E+04    0.677689E+04
    4.6800    0.869801E+04   -0.460645E+04    0.665223E+04
    4.6850    0.847130E+04   -0.457791E+04    0.652461E+04
    4.6900    0.824381E+04   -0.454992E+04    0.639687E+04
    4.6950    0.801920E+04   -0.452279E+04    0.627099E+04
    4.7000    0.780008E+04   -0.449675E+04    0.614842E+04
    4.7050    0.758793E+04   -0.447195E+04    0.602994E+04
    4.7100    0.738320E+04   -0.444837E+04    0.591578E+04
    4.7150    0.718549E+04   -0.442587E+04    0.580568E+04
    4.7200    0.699382E+04   -0.440415E+04    0.569898E+04
    4.7250    0.680679E+04   -0.438276E+04    0.559478E+04
    4.7300    0.662274E+04   -0.436121E+04    0.549198E+04
    4.7350    0.644010E+04   -0.433892E+04    0.538951E+04
    4.7400    0.625753E+04   -0.431534E+04    0.528644E+04
    4.7450    0.607409E+04   -0.428997E+04    0.518203E+04
    4.7500    0.588929E+04   -0.426241E+04    0.507585E+04
    4.7550    0.570305E+04   -0.423239E+04    0.496772E+04
    4.7600    0.551584E+04   -0.419977E+04    0.485781E+04
    4.7650    0.532828E+04   -0.416456E+04    0.474642E+04
    4.7700    0.514112E+04   -0.412689E+04    0.463400E+04
    4.7750    0.495511E+04   -0.408696E+04    0.452103E+04
    4.7800    0.477083E+04   -0.404503E+04    0.440793E+04
    4.7850    0.458856E+04   -0.400136E+04    0.429496E+04
    4.7900    0.440823E+04   -0.395617E+04    0.418220E+04
    4.7950    0.422939E+04   -0.390962E+04    0.406950E+04
    4.8000    0.405129E+04   -0.386175E+04    0.395652E+04
    4.8050    0.387297E+04   -0.381254E+04    0.384275E+04
    4.8100    0.369337E+04   -0.376189E+04    0.372763E+04
    4.8150    0.351154E+04   -0.370962E+04    0.361058E+04
    4.8200    0.332671E+04   -0.365556E+04    0.349114E+04
    4.8250    0.313847E+04   -0.359957E+04    0.336902E+04
    4.8300    0.294686E+04   -0.354156E+04    0.324421E+04
    4.8350    0.275221E+04   -0.348154E+04    0.311688E+04
    4.8400    0.255541E+04   -0.341966E+04    0.298754E+04
    4.8450    0.235760E+04   -0.335617E+04    0.285689E+04
    4.8500    0.216009E+04   -0.329145E+04    0.272577E+04
    4.8550    0.196419E+04   -0.322594E+04    0.259507E+04
    4.8600    0.177107E+04   -0.316015E+04    0.246561E+04
    4.8650    0.158158E+04   -0.309455E+04    0.233807E+04
    4.8700    0.139621E+04   -0.302954E+04    0.221288E+04
    4.8750    0.121504E+04   -0.296543E+04    0.209023E+04
    4.8800    0.103749E+04   -0.290237E+04    0.196993E+04
    4.8850    0.862735E+03   -0.284034E+04    0.185154E+04
    4.8900    0.689738E+03   -0.277918E+04    0.173446E+04
    4.8950    0.517289E+03   -0.271857E+04    0.161793E+04
    4.9000    0.344228E+03   -0.265812E+04    0.150117E+04
    4.9050    0.169607E+03   -0.259739E+04    0.138350E+04
    4.9100   -0.717357E+01   -0.253598E+04    0.126441E+04
    4.9150   -0.186234E+03   -0.247359E+04    0.114368E+04
    4.9200   -0.367476E+03   -0.241003E+04    0.102128E+04
    4.9250   -0.550106E+03   -0.234533E+04    0.897614E+03
    4.9300   -0.733105E+03   -0.227971E+04    0.773301E+03
    4.9350   -0.915259E+03   -0.221356E+04    0.649149E+03
    4.9400   -0.109532E+04   -0.214746E+04    0.526068E+03
    4.9450   -0.127218E+04   -0.208210E+04    0.404958E+03
    4.9500   -0.144498E+04   -0.201821E+04    0.286615E+03
    4.9550   -0.161323E+04   -0.195651E+04    0.171641E+03
    4.9600   -0.177686E+04   -0.189764E+04    0.603872E+02
    4.9650   -0.193622E+04   -0.184208E+04   -0.470676E+02
    4.9700   -0.209196E+04   -0.179015E+04   -0.150904E+03
    4.9750   -0.224497E+04   -0.174193E+04   -0.251516E+03
    4.9800   -0.239628E+04   -0.169735E+04   -0.349466E+03
    4.9850   -0.254672E+04   -0.165610E+04   -0.445310E+03
    4.9900   -0.269696E+04   -0.161780E+04   -0.539577E+03
    4.9950   -0.284725E+04   -0.158197E+04   -0.632640E+03
    5.0000   -0.299746E+04   -0.154814E+04   -0.724661E+03
    5.0050   -0.314698E+04   -0.151589E+04   -0.815545E+03
    5.0100   -0.329482E+04   -0.148492E+04   -0.904951E+03
    5.0150   -0.343974E+04   -0.145508E+04   -0.992333E+03
    5.0200   -0.358042E+04   -0.142638E+04   -0.107702E+04
    5.0250   -0.371566E+04   -0.139900E+04   -0.115833E+04
    5.0300   -0.384454E+04   -0.137325E+04   -0.123564E+04
    5.0350   -0.396661E+04   -0.134955E+04   -0.130853E+04
    5.0400   -0.408195E+04   -0.132831E+04   -0.137682E+04
    5.0450   -0.419112E+04   -0.130996E+04   -0.144058E+04
    5.0500   -0.429508E+04   -0.129484E+04   -0.150012E+04
    5.0550   -0.439510E+04   -0.128315E+04   -0.155597E+04
    5.0600   -0.449253E+04   -0.127497E+04   -0.160878E+04
    5.0650   -0.458868E+04   -0.127020E+04   -0.165924E+04
    5.0700   -0.468459E+04   -0.126862E+04   -0.170799E+04
    5.0750   -0.478097E+04   -0.126986E+04   -0.175555E+04
    5.0800   -0.487803E+04   -0.127352E+04   -0.180225E+04
    5.0850   -0.497552E+04   -0.127917E+04   -0.184817E+04
    5.0900   -0.507271E+04   -0.128643E+04   -0.189314E+04
    5.0950   -0.516846E+04   -0.129499E+04   -0.193673E+04
    5.1000   -0.526139E+04   -0.130470E+04   -0.197834E+04
    5.1050   -0.535001E+04   -0.131555E+04   -0.201723E+04
    5.1100   -0.543291E+04   -0.132766E+04   -0.205263E+04
    5.1150   -0.550892E+04   -0.134131E+04   -0.208380E+04
    5.1200   -0.557726E+04   -0.135686E+04   -0.211020E+04
    5.1250   -0.563765E+04   -0.137470E+04   -0.213148E+04
    5.1300   -0.569033E+04   -0.139521E+04   -0.214756E+04
    5.1350   -0.573611E+04   -0.141868E+04   -0.215871E+04
    5.1400   -0.577624E+04   -0.144528E+04   -0.216548E+04
    5.1450   -0.581225E+04   -0.147502E+04   -0.216861E+04
    5.1500   -0.584587E+04   -0.150769E+04   -0.216909E+04
    5.1550   -0.587877E+04   -0.154295E+04   -0.216791E+04
    5.1600   -0.591235E+04   -0.158030E+04   -0.216602E+04
    5.1650   -0.594758E+04   -0.161913E+04   -0.216423E+04
    5.1700   -0.598489E+04   -0.165880E+04   -0.216305E+04
    5.1750   -0.602407E+04   -0.169870E+04   -0.216268E+04
    5.1800   -0.606426E+04   -0.173833E+04   -0.216296E+04
    5.1850   -0.610410E+04   -0.177732E+04   -0.216339E+04
    5.1900   -0.614186E+04   -0.181549E+04   -0.216318E+04
    5.1950   -0.617564E+04   -0.185288E+04   -0.216138E+04
    5.2000   -0.620367E+04   -0.188970E+04   -0.215698E+04
    5.2050   -0.622451E+04   -0.192636E+04   -0.214907E+04
    5.2100   -0.623731E+04   -0.196335E+04   -0.213698E+04
    5.2150   -0.624193E+04   -0.200123E+04   -0.212035E+04
    5.2200   -0.623905E+04   -0.204052E+04   -0.209926E+04
    5.2250   -0.623014E+04   -0.208166E+04   -0.207424E+04
    5.2300   -0.621737E+04   -0.212494E+04   -0.204622E+04
    5.2350   -0.620340E+04   -0.217044E+04   -0.201648E+04
    5.2400   -0.619115E+04   -0.221808E+04   -0.198654E+04
    5.2450   -0.618351E+04   -0.226756E+04   -0.195798E+04
    5.2500   -0.618307E+04   -0.231843E+04   -0.193232E+04
    5.2550   -0.619187E+04   -0.237014E+04   -0.191087E+04
    5.2600   -0.621123E+04   -0.242209E+04   -0.189457E+04
