    0.0000    0.650009E-09    0.172352E-09    0.238828E-09
    0.0050    0.133763E+04    0.126692E+03    0.605471E+03
    0.0100    0.134140E+04   -0.833365E+02    0.712367E+03
    0.0150    0.131518E+04   -0.273771E+03    0.794478E+03
    0.0200    0.126938E+04   -0.440982E+03    0.855181E+03
    0.0250    0.120870E+04   -0.580971E+03    0.894835E+03
    0.0300    0.113544E+04   -0.691200E+03    0.913317E+03
    0.0350    0.105265E+04   -0.772206E+03    0.912430E+03
    0.0400    0.965412E+03   -0.828010E+03    0.896711E+03
    0.0450    0.879893E+03   -0.864985E+03    0.872439E+03
    0.0500    0.801525E+03   -0.889744E+03    0.845634E+03
    0.0550    0.733460E+03   -0.907078E+03    0.820269E+03
    0.0600    0.676265E+03   -0.918897E+03    0.797581E+03
    0.0650    0.628858E+03   -0.924501E+03    0.776679E+03
    0.0700    0.590186E+03   -0.921812E+03    0.755999E+03
    0.0750    0.560785E+03   -0.908790E+03    0.734788E+03
    0.0800    0.541231E+03   -0.885737E+03    0.713484E+03
    0.0850    0.530781E+03   -0.856168E+03    0.693474E+03
    0.0900    0.530027E+03   -0.824196E+03    0.677111E+03
    0.0950    0.540043E+03   -0.793371E+03    0.666707E+03
    0.1000    0.561169E+03   -0.766062E+03    0.663615E+03
    0.1050    0.592690E+03   -0.743101E+03    0.667895E+03
    0.1100    0.632983E+03   -0.723910E+03    0.678446E+03
    0.1150    0.679852E+03   -0.707000E+03    0.693426E+03
    0.1200    0.730879E+03   -0.690617E+03    0.710748E+03
    0.1250    0.783707E+03   -0.673339E+03    0.728523E+03
    0.1300    0.836250E+03   -0.654486E+03    0.745368E+03
    0.1350    0.886831E+03   -0.634277E+03    0.760554E+03
    0.1400    0.934252E+03   -0.613737E+03    0.773995E+03
    0.1450    0.977808E+03   -0.594367E+03    0.786088E+03
    0.1500    0.101725E+04   -0.577691E+03    0.797472E+03
    0.1550    0.105272E+04   -0.564801E+03    0.808759E+03
    0.1600    0.108463E+04   -0.556059E+03    0.820343E+03
    0.1650    0.111361E+04   -0.551048E+03    0.832330E+03
    0.1700    0.114044E+04   -0.548792E+03    0.844616E+03
    0.1750    0.116594E+04   -0.548158E+03    0.857049E+03
    0.1800    0.119095E+04   -0.548280E+03    0.869613E+03
    0.1850    0.121622E+04   -0.548849E+03    0.882534E+03
    0.1900    0.124238E+04   -0.550166E+03    0.896274E+03
    0.1950    0.126987E+04   -0.552945E+03    0.911410E+03
    0.2000    0.129892E+04   -0.557950E+03    0.928436E+03
    0.2050    0.132954E+04   -0.565602E+03    0.947571E+03
    0.2100    0.136155E+04   -0.575702E+03    0.968625E+03
    0.2150    0.139461E+04   -0.587353E+03    0.990984E+03
    0.2200    0.142829E+04   -0.599119E+03    0.101371E+04
    0.2250    0.146209E+04   -0.609340E+03    0.103572E+04
    0.2300    0.149551E+04   -0.616520E+03    0.105601E+04
    0.2350    0.152811E+04   -0.619655E+03    0.107388E+04
    0.2400    0.155954E+04   -0.618426E+03    0.108898E+04
    0.2450    0.158953E+04   -0.613209E+03    0.110137E+04
    0.2500    0.161800E+04   -0.604972E+03    0.111149E+04
    0.2550    0.164522E+04   -0.595247E+03    0.112023E+04
    0.2600    0.167199E+04   -0.586218E+03    0.112910E+04
    0.2650    0.169806E+04   -0.578894E+03    0.113848E+04
    0.2700    0.172188E+04   -0.572235E+03    0.114706E+04
    0.2750    0.174284E+04   -0.565338E+03    0.115409E+04
    0.2800    0.176095E+04   -0.557692E+03    0.115932E+04
    0.2850    0.177640E+04   -0.549052E+03    0.116272E+04
    0.2900    0.178945E+04   -0.539445E+03    0.116445E+04
    0.2950    0.180038E+04   -0.529110E+03    0.116475E+04
    0.3000    0.180949E+04   -0.520457E+03    0.116497E+04
    0.3050    0.181704E+04   -0.510089E+03    0.116356E+04
    0.3100    0.182330E+04   -0.500199E+03    0.116175E+04
    0.3150    0.182849E+04   -0.490899E+03    0.115969E+04
    0.3200    0.183277E+04   -0.482085E+03    0.115743E+04
    0.3250    0.183626E+04   -0.473556E+03    0.115491E+04
    0.3300    0.183903E+04   -0.465169E+03    0.115210E+04
    0.3350    0.184111E+04   -0.456973E+03    0.114904E+04
    0.3400    0.184250E+04   -0.449280E+03    0.114589E+04
    0.3450    0.184317E+04   -0.442642E+03    0.114291E+04
    0.3500    0.184314E+04   -0.437757E+03    0.114045E+04
    0.3550    0.184243E+04   -0.435301E+03    0.113887E+04
    0.3600    0.184113E+04   -0.435783E+03    0.113845E+04
    0.3650    0.183936E+04   -0.439426E+03    0.113939E+04
    0.3700    0.183731E+04   -0.446123E+03    0.114172E+04
    0.3750    0.183520E+04   -0.455485E+03    0.114534E+04
    0.3800    0.183324E+04   -0.466925E+03    0.115008E+04
    0.3850    0.183164E+04   -0.479785E+03    0.115571E+04
    0.3900    0.183055E+04   -0.493433E+03    0.116199E+04
    0.3950    0.183008E+04   -0.507323E+03    0.116870E+04
    0.4000    0.183020E+04   -0.520998E+03    0.117560E+04
    0.4050    0.183081E+04   -0.534041E+03    0.118243E+04
    0.4100    0.183169E+04   -0.546025E+03    0.118886E+04
    0.4150    0.183250E+04   -0.556456E+03    0.119448E+04
    0.4200    0.183286E+04   -0.564776E+03    0.119882E+04
    0.4250    0.183234E+04   -0.570412E+03    0.120138E+04
    0.4300    0.183055E+04   -0.572898E+03    0.120172E+04
    0.4350    0.182719E+04   -0.572090E+03    0.119964E+04
    0.4400    0.182230E+04   -0.568647E+03    0.119547E+04
    0.4450    0.181640E+04   -0.564306E+03    0.119035E+04
    0.4500    0.180916E+04   -0.559023E+03    0.118409E+04
    0.4550    0.179971E+04   -0.551032E+03    0.117537E+04
    0.4600    0.178799E+04   -0.539670E+03    0.116383E+04
    0.4650    0.177442E+04   -0.524980E+03    0.114970E+04
    0.4700    0.175952E+04   -0.507219E+03    0.113337E+04
    0.4750    0.174383E+04   -0.486709E+03    0.111527E+04
    0.4800    0.172787E+04   -0.463802E+03    0.109584E+04
    0.4850    0.171207E+04   -0.438896E+03    0.107548E+04
    0.4900    0.169677E+04   -0.412461E+03    0.105462E+04
    0.4950    0.168219E+04   -0.385034E+03    0.103361E+04
    0.5000    0.166841E+04   -0.357208E+03    0.101281E+04
    0.5050    0.165543E+04   -0.329593E+03    0.992514E+03
    0.5100    0.164314E+04   -0.302767E+03    0.972955E+03
    0.5150    0.163136E+04   -0.277225E+03    0.954294E+03
    0.5200    0.161989E+04   -0.253350E+03    0.936618E+03
    0.5250    0.160850E+04   -0.231395E+03    0.919947E+03
    0.5300    0.159701E+04   -0.211486E+03    0.904246E+03
    0.5350    0.158527E+04   -0.193633E+03    0.889450E+03
    0.5400    0.157321E+04   -0.177748E+03    0.875478E+03
    0.5450    0.156083E+04   -0.163651E+03    0.862239E+03
    0.5500    0.154819E+04   -0.151073E+03    0.849633E+03
    0.5550    0.153542E+04   -0.139652E+03    0.837538E+03
    0.5600    0.152267E+04   -0.128930E+03    0.825798E+03
    0.5650    0.151006E+04   -0.118366E+03    0.814214E+03
    0.5700    0.149773E+04   -0.107364E+03    0.802546E+03
    0.5750    0.148573E+04   -0.953152E+02    0.790523E+03
    0.5800    0.147407E+04   -0.816611E+02    0.777868E+03
    0.5850    0.146267E+04   -0.659465E+02    0.764310E+03
    0.5900    0.145136E+04   -0.478699E+02    0.749613E+03
    0.5950    0.143987E+04   -0.273057E+02    0.733587E+03
    0.6000    0.142790E+04   -0.430771E+01    0.716103E+03
    0.6050    0.141510E+04    0.209116E+02    0.697093E+03
    0.6100    0.140112E+04    0.480133E+02    0.676556E+03
    0.6150    0.138569E+04    0.765492E+02    0.654568E+03
    0.6200    0.136861E+04    0.105924E+03    0.631344E+03
    0.6250    0.135003E+04    0.135178E+03    0.607428E+03
    0.6300    0.133039E+04    0.163018E+03    0.583688E+03
    0.6350    0.130949E+04    0.189540E+03    0.559974E+03
    0.6400    0.128693E+04    0.215636E+03    0.535645E+03
    0.6450    0.126294E+04    0.241602E+03    0.510670E+03
    0.6500    0.123806E+04    0.267410E+03    0.485322E+03
    0.6550    0.121285E+04    0.292933E+03    0.459959E+03
    0.6600    0.118791E+04    0.318007E+03    0.434951E+03
    0.6650    0.116376E+04    0.342461E+03    0.410651E+03
    0.6700    0.114087E+04    0.366121E+03    0.387373E+03
    0.6750    0.111957E+04    0.388811E+03    0.365380E+03
    0.6800    0.110010E+04    0.410352E+03    0.344875E+03
    0.6850    0.108254E+04    0.430557E+03    0.325989E+03
    0.6900    0.106680E+04    0.449238E+03    0.308783E+03
    0.6950    0.105270E+04    0.466216E+03    0.293241E+03
    0.7000    0.103989E+04    0.481341E+03    0.279273E+03
    0.7050    0.102795E+04    0.494510E+03    0.266719E+03
    0.7100    0.101640E+04    0.505692E+03    0.255356E+03
    0.7150    0.100475E+04    0.514941E+03    0.244905E+03
    0.7200    0.992503E+03    0.522391E+03    0.235056E+03
    0.7250    0.979235E+03    0.528257E+03    0.225489E+03
    0.7300    0.964620E+03    0.532808E+03    0.215906E+03
    0.7350    0.948454E+03    0.536344E+03    0.206055E+03
    0.7400    0.930668E+03    0.539171E+03    0.195749E+03
    0.7450    0.911342E+03    0.541578E+03    0.184882E+03
    0.7500    0.890681E+03    0.543823E+03    0.173429E+03
    0.7550    0.868998E+03    0.546115E+03    0.161442E+03
    0.7600    0.846693E+03    0.548620E+03    0.149037E+03
    0.7650    0.824206E+03    0.551445E+03    0.136381E+03
    0.7700    0.801990E+03    0.554642E+03    0.123674E+03
    0.7750    0.780456E+03    0.558198E+03    0.111129E+03
    0.7800    0.759948E+03    0.562038E+03    0.989549E+02
    0.7850    0.740705E+03    0.566029E+03    0.873380E+02
    0.7900    0.722846E+03    0.569985E+03    0.764308E+02
    0.7950    0.706371E+03    0.573685E+03    0.663430E+02
    0.8000    0.691178E+03    0.576896E+03    0.571408E+02
    0.8050    0.677109E+03    0.579346E+03    0.488820E+02
    0.8100    0.664134E+03    0.580674E+03    0.417296E+02
    0.8150    0.652281E+03    0.580535E+03    0.358730E+02
    0.8200    0.640864E+03    0.579276E+03    0.307938E+02
    0.8250    0.629090E+03    0.577507E+03    0.257912E+02
    0.8300    0.616601E+03    0.575652E+03    0.204742E+02
    0.8350    0.603214E+03    0.574037E+03    0.145885E+02
    0.8400    0.588806E+03    0.572916E+03    0.794506E+01
    0.8450    0.573311E+03    0.572479E+03    0.415878E+00
    0.8500    0.556726E+03    0.572840E+03   -0.805735E+01
    0.8550    0.539108E+03    0.574016E+03   -0.174540E+02
    0.8600    0.520602E+03    0.575949E+03   -0.276734E+02
    0.8650    0.501423E+03    0.578511E+03   -0.385440E+02
    0.8700    0.481843E+03    0.581511E+03   -0.498344E+02
    0.8750    0.462165E+03    0.584700E+03   -0.612673E+02
    0.8800    0.442730E+03    0.587816E+03   -0.725430E+02
    0.8850    0.423864E+03    0.590575E+03   -0.833556E+02
    0.8900    0.405865E+03    0.592685E+03   -0.934098E+02
    0.8950    0.389002E+03    0.593892E+03   -0.102445E+03
    0.9000    0.373474E+03    0.593984E+03   -0.110255E+03
    0.9050    0.359385E+03    0.592778E+03   -0.116697E+03
    0.9100    0.346769E+03    0.590181E+03   -0.121706E+03
    0.9150    0.335559E+03    0.586155E+03   -0.125298E+03
    0.9200    0.325580E+03    0.580678E+03   -0.127549E+03
    0.9250    0.316601E+03    0.573768E+03   -0.128583E+03
    0.9300    0.308319E+03    0.565349E+03   -0.128515E+03
    0.9350    0.300374E+03    0.555148E+03   -0.127387E+03
    0.9400    0.292393E+03    0.542325E+03   -0.124966E+03
    0.9450    0.284002E+03    0.523645E+03   -0.119821E+03
    0.9500    0.274869E+03    0.463087E+03   -0.941088E+02
    0.9550    0.264693E+03    0.500626E+03   -0.117966E+03
    0.9600    0.253243E+03    0.513058E+03   -0.129908E+03
    0.9650    0.240388E+03    0.521590E+03   -0.140601E+03
    0.9700    0.226053E+03    0.528940E+03   -0.151443E+03
    0.9750    0.210237E+03    0.535984E+03   -0.162873E+03
    0.9800    0.192997E+03    0.543060E+03   -0.175031E+03
    0.9850    0.174387E+03    0.550210E+03   -0.187912E+03
    0.9900    0.154681E+03    0.557260E+03   -0.201290E+03
    0.9950    0.135107E+03    0.563725E+03   -0.214309E+03
    1.0000    0.117842E+03    0.569075E+03   -0.225617E+03
    1.0050    0.101825E+03    0.573709E+03   -0.235942E+03
    1.0100    0.840756E+02    0.578148E+03   -0.247036E+03
    1.0150    0.616437E+02    0.582551E+03   -0.260454E+03
    1.0200    0.372679E+02    0.586954E+03   -0.274843E+03
    1.0250    0.352962E+03    0.591369E+03   -0.119204E+03
    1.0300    0.715517E+03    0.595792E+03    0.598626E+02
    1.0350    0.691671E+03    0.600175E+03    0.457484E+02
    1.0400    0.594113E+03    0.604404E+03   -0.514564E+01
    1.0450    0.477816E+03    0.608276E+03   -0.652298E+02
    1.0500    0.360650E+03    0.611531E+03   -0.125440E+03
    1.0550    0.250102E+03    0.613716E+03   -0.181807E+03
    1.0600    0.149616E+03    0.613928E+03   -0.232156E+03
    1.0650    0.604628E+02    0.610068E+03   -0.274802E+03
    1.0700   -0.187932E+02    0.594435E+03   -0.306614E+03
    1.0750   -0.119959E+03    0.523383E+03   -0.321671E+03
    1.0800   -0.251709E+03    0.468824E+03   -0.360266E+03
    1.0850   -0.310950E+03    0.475756E+03   -0.393353E+03
    1.0900   -0.342916E+03    0.488616E+03   -0.415766E+03
    1.0950   -0.360515E+03    0.501591E+03   -0.431053E+03
    1.1000   -0.368329E+03    0.513876E+03   -0.441102E+03
    1.1050   -0.368714E+03    0.525448E+03   -0.447081E+03
    1.1100   -0.363377E+03    0.536444E+03   -0.449910E+03
    1.1150   -0.353625E+03    0.547033E+03   -0.450329E+03
    1.1200   -0.340518E+03    0.557333E+03   -0.448926E+03
    1.1250   -0.325118E+03    0.567433E+03   -0.446276E+03
    1.1300   -0.308366E+03    0.577381E+03   -0.442874E+03
    1.1350   -0.291064E+03    0.587159E+03   -0.439111E+03
    1.1400   -0.274024E+03    0.596691E+03   -0.435358E+03
    1.1450   -0.257934E+03    0.605888E+03   -0.431911E+03
    1.1500   -0.243310E+03    0.614596E+03   -0.428953E+03
    1.1550   -0.230610E+03    0.622652E+03   -0.426631E+03
    1.1600   -0.220140E+03    0.629919E+03   -0.425030E+03
    1.1650   -0.212009E+03    0.636223E+03   -0.424116E+03
    1.1700   -0.206228E+03    0.641454E+03   -0.423841E+03
    1.1750   -0.202634E+03    0.645481E+03   -0.424057E+03
    1.1800   -0.200812E+03    0.648025E+03   -0.424419E+03
    1.1850   -0.200258E+03    0.648954E+03   -0.424606E+03
    1.1900   -0.200496E+03    0.648729E+03   -0.424612E+03
    1.1950   -0.200900E+03    0.647859E+03   -0.424380E+03
    1.2000   -0.200827E+03    0.646727E+03   -0.423777E+03
    1.2050   -0.199723E+03    0.645592E+03   -0.422657E+03
    1.2100   -0.197178E+03    0.644684E+03   -0.420931E+03
    1.2150   -0.192993E+03    0.644180E+03   -0.418586E+03
    1.2200   -0.187089E+03    0.644177E+03   -0.415633E+03
    1.2250   -0.179632E+03    0.644757E+03   -0.412194E+03
    1.2300   -0.170873E+03    0.645924E+03   -0.408399E+03
    1.2350   -0.161163E+03    0.647657E+03   -0.404410E+03
    1.2400   -0.150956E+03    0.649900E+03   -0.400428E+03
    1.2450   -0.140727E+03    0.652554E+03   -0.396640E+03
    1.2500   -0.130923E+03    0.655504E+03   -0.393214E+03
    1.2550   -0.121974E+03    0.658610E+03   -0.390292E+03
    1.2600   -0.114215E+03    0.661740E+03   -0.387978E+03
    1.2650   -0.107869E+03    0.664747E+03   -0.386308E+03
    1.2700   -0.103059E+03    0.667493E+03   -0.385276E+03
    1.2750   -0.997613E+02    0.669858E+03   -0.384809E+03
    1.2800   -0.978576E+02    0.671727E+03   -0.384792E+03
    1.2850   -0.971342E+02    0.673032E+03   -0.385083E+03
    1.2900   -0.973068E+02    0.673692E+03   -0.385499E+03
    1.2950   -0.980744E+02    0.673686E+03   -0.385880E+03
    1.3000   -0.991404E+02    0.673010E+03   -0.386075E+03
    1.3050   -0.100245E+03    0.671671E+03   -0.385958E+03
    1.3100   -0.101198E+03    0.669729E+03   -0.385464E+03
    1.3150   -0.101931E+03    0.667252E+03   -0.384592E+03
    1.3200   -0.102444E+03    0.664343E+03   -0.383393E+03
    1.3250   -0.102899E+03    0.661142E+03   -0.382021E+03
    1.3300   -0.103510E+03    0.657768E+03   -0.380639E+03
    1.3350   -0.104578E+03    0.654371E+03   -0.379474E+03
    1.3400   -0.106455E+03    0.651075E+03   -0.378765E+03
    1.3450   -0.109505E+03    0.648010E+03   -0.378758E+03
    1.3500   -0.114053E+03    0.645257E+03   -0.379655E+03
    1.3550   -0.120362E+03    0.642874E+03   -0.381618E+03
    1.3600   -0.128547E+03    0.640845E+03   -0.384696E+03
    1.3650   -0.138479E+03    0.639010E+03   -0.388745E+03
    1.3700   -0.149904E+03    0.637301E+03   -0.393603E+03
    1.3750   -0.162673E+03    0.636003E+03   -0.399338E+03
    1.3800   -0.176415E+03    0.635378E+03   -0.405896E+03
    1.3850   -0.190597E+03    0.635534E+03   -0.413065E+03
    1.3900   -0.204724E+03    0.636514E+03   -0.420619E+03
    1.3950   -0.218397E+03    0.638289E+03   -0.428343E+03
    1.4000   -0.231332E+03    0.640769E+03   -0.436051E+03
    1.4050   -0.243392E+03    0.643823E+03   -0.443608E+03
    1.4100   -0.254565E+03    0.647266E+03   -0.450916E+03
    1.4150   -0.264981E+03    0.650893E+03   -0.457937E+03
    1.4200   -0.274890E+03    0.654470E+03   -0.464680E+03
    1.4250   -0.284631E+03    0.657769E+03   -0.471200E+03
    1.4300   -0.294619E+03    0.660563E+03   -0.477591E+03
    1.4350   -0.305282E+03    0.662661E+03   -0.483971E+03
    1.4400   -0.317039E+03    0.663895E+03   -0.490467E+03
    1.4450   -0.330272E+03    0.664156E+03   -0.497214E+03
    1.4500   -0.345262E+03    0.663376E+03   -0.504319E+03
    1.4550   -0.362211E+03    0.661542E+03   -0.511877E+03
    1.4600   -0.381189E+03    0.658694E+03   -0.519942E+03
    1.4650   -0.402166E+03    0.654915E+03   -0.528541E+03
    1.4700   -0.425000E+03    0.650325E+03   -0.537663E+03
    1.4750   -0.449474E+03    0.645065E+03   -0.547270E+03
    1.4800   -0.475335E+03    0.639296E+03   -0.557315E+03
    1.4850   -0.502306E+03    0.633165E+03   -0.567736E+03
    1.4900   -0.530160E+03    0.626817E+03   -0.578488E+03
    1.4950   -0.558710E+03    0.620357E+03   -0.589534E+03
    1.5000   -0.587883E+03    0.613870E+03   -0.600877E+03
    1.5050   -0.617691E+03    0.607393E+03   -0.612542E+03
    1.5100   -0.648271E+03    0.600928E+03   -0.624599E+03
    1.5150   -0.679869E+03    0.594445E+03   -0.637157E+03
    1.5200   -0.712813E+03    0.587883E+03   -0.650348E+03
    1.5250   -0.747501E+03    0.581166E+03   -0.664333E+03
    1.5300   -0.784340E+03    0.574204E+03   -0.679272E+03
    1.5350   -0.823725E+03    0.566911E+03   -0.695318E+03
    1.5400   -0.865955E+03    0.559200E+03   -0.712577E+03
    1.5450   -0.911153E+03    0.551007E+03   -0.731080E+03
    1.5500   -0.959034E+03    0.542289E+03   -0.750662E+03
    1.5550   -0.100933E+04    0.533055E+03   -0.771193E+03
    1.5600   -0.106231E+04    0.523361E+03   -0.792838E+03
    1.5650   -0.111788E+04    0.513281E+03   -0.815579E+03
    1.5700   -0.117557E+04    0.502896E+03   -0.839232E+03
    1.5750   -0.123488E+04    0.492254E+03   -0.863567E+03
    1.5800   -0.129535E+04    0.481394E+03   -0.888371E+03
    1.5850   -0.135657E+04    0.470302E+03   -0.913436E+03
    1.5900   -0.141823E+04    0.458908E+03   -0.938568E+03
    1.5950   -0.148015E+04    0.447176E+03   -0.963661E+03
    1.6000   -0.154226E+04    0.435062E+03   -0.988663E+03
    1.6050   -0.160463E+04    0.422504E+03   -0.101357E+04
    1.6100   -0.166739E+04    0.409465E+03   -0.103843E+04
    1.6150   -0.173081E+04    0.395929E+03   -0.106337E+04
    1.6200   -0.179520E+04    0.381905E+03   -0.108855E+04
    1.6250   -0.186091E+04    0.367441E+03   -0.111418E+04
    1.6300   -0.192831E+04    0.352601E+03   -0.114046E+04
    1.6350   -0.199773E+04    0.337477E+03   -0.116760E+04
    1.6400   -0.206947E+04    0.322162E+03   -0.119582E+04
    1.6450   -0.214376E+04    0.306753E+03   -0.122526E+04
    1.6500   -0.222077E+04    0.291325E+03   -0.125605E+04
    1.6550   -0.230056E+04    0.275937E+03   -0.128825E+04
    1.6600   -0.238316E+04    0.260609E+03   -0.132188E+04
    1.6650   -0.246850E+04    0.245336E+03   -0.135692E+04
    1.6700   -0.255647E+04    0.230076E+03   -0.139327E+04
    1.6750   -0.264693E+04    0.214770E+03   -0.143085E+04
    1.6800   -0.273971E+04    0.199343E+03   -0.146952E+04
    1.6850   -0.283461E+04    0.183719E+03   -0.150916E+04
    1.6900   -0.293142E+04    0.167837E+03   -0.154963E+04
    1.6950   -0.302992E+04    0.151658E+03   -0.159079E+04
    1.7000   -0.312981E+04    0.135180E+03   -0.163250E+04
    1.7050   -0.323077E+04    0.118441E+03   -0.167461E+04
    1.7100   -0.333237E+04    0.101523E+03   -0.171694E+04
    1.7150   -0.343406E+04    0.845492E+02   -0.175930E+04
    1.7200   -0.353526E+04    0.676791E+02   -0.180147E+04
    1.7250   -0.363545E+04    0.511024E+02   -0.184328E+04
    1.7300   -0.373473E+04    0.350304E+02   -0.188488E+04
    1.7350   -0.383470E+04    0.197134E+02   -0.192721E+04
    1.7400   -0.393834E+04    0.537619E+01   -0.197186E+04
    1.7450   -0.404758E+04   -0.786963E+01   -0.201986E+04
    1.7500   -0.416395E+04   -0.199260E+02   -0.207201E+04
    1.7550   -0.428863E+04   -0.307050E+02   -0.212896E+04
    1.7600   -0.442172E+04   -0.401637E+02   -0.219078E+04
    1.7650   -0.456228E+04   -0.483157E+02   -0.225698E+04
    1.7700   -0.470879E+04   -0.552210E+02   -0.232678E+04
    1.7750   -0.485954E+04   -0.609793E+02   -0.239928E+04
    1.7800   -0.501301E+04   -0.657119E+02   -0.247365E+04
    1.7850   -0.516796E+04   -0.695462E+02   -0.254921E+04
    1.7900   -0.532341E+04   -0.726118E+02   -0.262540E+04
    1.7950   -0.547864E+04   -0.750180E+02   -0.270181E+04
    1.8000   -0.563315E+04   -0.768498E+02   -0.277815E+04
    1.8050   -0.578656E+04   -0.781611E+02   -0.285420E+04
    1.8100   -0.593854E+04   -0.789750E+02   -0.292978E+04
    1.8150   -0.608880E+04   -0.792885E+02   -0.300476E+04
    1.8200   -0.623702E+04   -0.790751E+02   -0.307897E+04
    1.8250   -0.638282E+04   -0.782949E+02   -0.315226E+04
    1.8300   -0.652580E+04   -0.769018E+02   -0.322445E+04
    1.8350   -0.666555E+04   -0.748575E+02   -0.329535E+04
    1.8400   -0.680160E+04   -0.721020E+02   -0.336475E+04
    1.8450   -0.693355E+04   -0.686091E+02   -0.343247E+04
    1.8500   -0.706107E+04   -0.643541E+02   -0.349836E+04
    1.8550   -0.718385E+04   -0.592915E+02   -0.356228E+04
    1.8600   -0.730186E+04   -0.534510E+02   -0.362420E+04
    1.8650   -0.741506E+04   -0.467864E+02   -0.368414E+04
    1.8700   -0.752358E+04   -0.392599E+02   -0.374216E+04
    1.8750   -0.762772E+04   -0.308208E+02   -0.379845E+04
    1.8800   -0.772784E+04   -0.214020E+02   -0.385322E+04
    1.8850   -0.782442E+04   -0.109249E+02   -0.390675E+04
    1.8900   -0.791794E+04    0.700090E+00   -0.395932E+04
    1.8950   -0.800889E+04    0.135636E+02   -0.401123E+04
    1.9000   -0.809770E+04    0.277452E+02   -0.406272E+04
    1.9050   -0.818472E+04    0.433015E+02   -0.411401E+04
    1.9100   -0.827019E+04    0.602489E+02   -0.416522E+04
    1.9150   -0.835427E+04    0.785439E+02   -0.421641E+04
    1.9200   -0.843727E+04    0.980226E+02   -0.426765E+04
    1.9250   -0.851953E+04    0.118406E+03   -0.431897E+04
    1.9300   -0.860052E+04    0.139487E+03   -0.437001E+04
    1.9350   -0.867919E+04    0.161150E+03   -0.442017E+04
    1.9400   -0.875492E+04    0.183137E+03   -0.446903E+04
    1.9450   -0.882719E+04    0.205146E+03   -0.451617E+04
    1.9500   -0.889553E+04    0.226886E+03   -0.456121E+04
    1.9550   -0.895949E+04    0.248093E+03   -0.460379E+04
    1.9600   -0.901869E+04    0.268565E+03   -0.464363E+04
    1.9650   -0.907281E+04    0.288169E+03   -0.468049E+04
    1.9700   -0.912161E+04    0.306851E+03   -0.471423E+04
    1.9750   -0.916494E+04    0.324638E+03   -0.474479E+04
    1.9800   -0.920273E+04    0.341632E+03   -0.477218E+04
    1.9850   -0.923492E+04    0.358023E+03   -0.479647E+04
    1.9900   -0.926165E+04    0.373964E+03   -0.481781E+04
    1.9950   -0.928293E+04    0.389709E+03   -0.483632E+04
    2.0000   -0.929879E+04    0.405484E+03   -0.485214E+04
    2.0050   -0.930927E+04    0.421489E+03   -0.486538E+04
    2.0100   -0.931434E+04    0.437877E+03   -0.487611E+04
    2.0150   -0.931394E+04    0.454739E+03   -0.488434E+04
    2.0200   -0.930794E+04    0.472093E+03   -0.489002E+04
    2.0250   -0.929615E+04    0.489887E+03   -0.489302E+04
    2.0300   -0.927832E+04    0.507999E+03   -0.489316E+04
    2.0350   -0.925419E+04    0.526248E+03   -0.489022E+04
    2.0400   -0.922349E+04    0.544398E+03   -0.488395E+04
    2.0450   -0.918583E+04    0.562245E+03   -0.487404E+04
    2.0500   -0.914097E+04    0.579529E+03   -0.486025E+04
    2.0550   -0.908860E+04    0.596036E+03   -0.484232E+04
    2.0600   -0.902855E+04    0.611545E+03   -0.482005E+04
    2.0650   -0.896060E+04    0.625923E+03   -0.479326E+04
    2.0700   -0.888459E+04    0.639070E+03   -0.476183E+04
    2.0750   -0.880042E+04    0.650937E+03   -0.472568E+04
    2.0800   -0.870803E+04    0.661519E+03   -0.468477E+04
    2.0850   -0.860737E+04    0.670843E+03   -0.463911E+04
    2.0900   -0.849845E+04    0.678957E+03   -0.458870E+04
    2.0950   -0.838130E+04    0.685908E+03   -0.453361E+04
    2.1000   -0.825608E+04    0.691710E+03   -0.447390E+04
    2.1050   -0.812332E+04    0.696236E+03   -0.440978E+04
    2.1100   -0.798460E+04    0.698979E+03   -0.434179E+04
    2.1150   -0.784026E+04    0.699790E+03   -0.427003E+04
    2.1200   -0.768854E+04    0.699220E+03   -0.419388E+04
    2.1250   -0.752925E+04    0.697383E+03   -0.411332E+04
    2.1300   -0.736294E+04    0.694177E+03   -0.402856E+04
    2.1350   -0.719029E+04    0.689488E+03   -0.393989E+04
    2.1400   -0.701199E+04    0.683244E+03   -0.384762E+04
    2.1450   -0.682867E+04    0.675441E+03   -0.375206E+04
    2.1500   -0.664095E+04    0.666145E+03   -0.365355E+04
    2.1550   -0.644937E+04    0.655489E+03   -0.355243E+04
    2.1600   -0.625446E+04    0.643663E+03   -0.344906E+04
    2.1650   -0.605666E+04    0.630888E+03   -0.334377E+04
    2.1700   -0.585637E+04    0.617399E+03   -0.323688E+04
    2.1750   -0.565392E+04    0.603418E+03   -0.312867E+04
    2.1800   -0.544956E+04    0.589131E+03   -0.301934E+04
    2.1850   -0.524350E+04    0.574665E+03   -0.290908E+04
    2.1900   -0.503591E+04    0.560080E+03   -0.279799E+04
    2.1950   -0.482692E+04    0.545361E+03   -0.268614E+04
    2.2000   -0.461664E+04    0.530421E+03   -0.257353E+04
    2.2050   -0.440518E+04    0.515110E+03   -0.246014E+04
    2.2100   -0.419260E+04    0.499237E+03   -0.234592E+04
    2.2150   -0.397887E+04    0.482589E+03   -0.223073E+04
    2.2200   -0.376374E+04    0.464959E+03   -0.211435E+04
    2.2250   -0.354667E+04    0.446170E+03   -0.199642E+04
    2.2300   -0.332680E+04    0.426093E+03   -0.187645E+04
    2.2350   -0.310316E+04    0.404668E+03   -0.175392E+04
    2.2400   -0.287508E+04    0.381911E+03   -0.162850E+04
    2.2450   -0.264241E+04    0.357912E+03   -0.150016E+04
    2.2500   -0.240557E+04    0.332829E+03   -0.136920E+04
    2.2550   -0.216529E+04    0.306873E+03   -0.123608E+04
    2.2600   -0.192238E+04    0.280286E+03   -0.110133E+04
    2.2650   -0.167756E+04    0.253322E+03   -0.965440E+03
    2.2700   -0.143144E+04    0.226218E+03   -0.828830E+03
    2.2750   -0.118453E+04    0.199178E+03   -0.691852E+03
    2.2800   -0.937239E+03    0.172353E+03   -0.554796E+03
    2.2850   -0.690012E+03    0.145842E+03   -0.417927E+03
    2.2900   -0.443436E+03    0.119711E+03   -0.281574E+03
    2.2950   -0.199087E+03    0.941737E+02   -0.146630E+03
    2.3000    0.395253E+02    0.699337E+02   -0.152042E+02
    2.3050    0.274361E+03    0.466157E+02    0.113873E+03
    2.3100    0.506916E+03    0.234374E+02    0.241739E+03
    2.3150    0.736293E+03   -0.809546E-01    0.368187E+03
    2.3200    0.961318E+03   -0.242807E+02    0.492799E+03
    2.3250    0.118093E+04   -0.493788E+02    0.615153E+03
    2.3300    0.139425E+04   -0.754608E+02    0.734858E+03
    2.3350    0.160066E+04   -0.102484E+03    0.851574E+03
    2.3400    0.179979E+04   -0.130291E+03    0.965041E+03
    2.3450    0.199155E+04   -0.158632E+03    0.107509E+04
    2.3500    0.217615E+04   -0.187200E+03    0.118168E+04
    2.3550    0.235404E+04   -0.215665E+03    0.128485E+04
    2.3600    0.252592E+04   -0.243707E+03    0.138481E+04
    2.3650    0.269261E+04   -0.271052E+03    0.148183E+04
    2.3700    0.285503E+04   -0.297492E+03    0.157626E+04
    2.3750    0.301410E+04   -0.322901E+03    0.166850E+04
    2.3800    0.317063E+04   -0.347236E+03    0.175893E+04
    2.3850    0.332523E+04   -0.370534E+03    0.184788E+04
    2.3900    0.347830E+04   -0.392898E+03    0.193560E+04
    2.3950    0.362992E+04   -0.414476E+03    0.202220E+04
    2.4000    0.377991E+04   -0.435440E+03    0.210767E+04
    2.4050    0.392778E+04   -0.455970E+03    0.219188E+04
    2.4100    0.407285E+04   -0.476237E+03    0.227455E+04
    2.4150    0.421429E+04   -0.496427E+03    0.235536E+04
    2.4200    0.435122E+04   -0.516618E+03    0.243392E+04
    2.4250    0.448281E+04   -0.536944E+03    0.250988E+04
    2.4300    0.460841E+04   -0.557535E+03    0.258297E+04
    2.4350    0.472759E+04   -0.578530E+03    0.265306E+04
    2.4400    0.484025E+04   -0.600104E+03    0.272018E+04
    2.4450    0.494661E+04   -0.622487E+03    0.278455E+04
    2.4500    0.504720E+04   -0.645979E+03    0.284659E+04
    2.4550    0.514285E+04   -0.670963E+03    0.290691E+04
    2.4600    0.523459E+04   -0.697895E+03    0.296624E+04
    2.4650    0.532358E+04   -0.727304E+03    0.302544E+04
    2.4700    0.541098E+04   -0.759756E+03    0.308537E+04
    2.4750    0.549782E+04   -0.795798E+03    0.314681E+04
    2.4800    0.558490E+04   -0.835707E+03    0.321030E+04
    2.4850    0.567056E+04   -0.871657E+03    0.327111E+04
    2.4900    0.575158E+04   -0.887108E+03    0.331934E+04
    2.4950    0.583467E+04   -0.903552E+03    0.336911E+04
    2.5000    0.591885E+04   -0.923368E+03    0.342111E+04
    2.5050    0.600258E+04   -0.947302E+03    0.347494E+04
    2.5100    0.608431E+04   -0.975866E+03    0.353009E+04
    2.5150    0.616257E+04   -0.100938E+04    0.358598E+04
    2.5200    0.623599E+04   -0.104796E+04    0.364197E+04
    2.5250    0.630344E+04   -0.109136E+04    0.369740E+04
    2.5300    0.636403E+04   -0.113896E+04    0.375150E+04
    2.5350    0.641724E+04   -0.118953E+04    0.380339E+04
    2.5400    0.646288E+04   -0.124119E+04    0.385203E+04
    2.5450    0.650113E+04   -0.129136E+04    0.389624E+04
    2.5500    0.653248E+04   -0.133701E+04    0.393474E+04
    2.5550    0.655770E+04   -0.137516E+04    0.396643E+04
    2.5600    0.657772E+04   -0.140356E+04    0.399064E+04
    2.5650    0.659355E+04   -0.142117E+04    0.400736E+04
    2.5700    0.660620E+04   -0.142836E+04    0.401728E+04
    2.5750    0.661654E+04   -0.142662E+04    0.402158E+04
    2.5800    0.662530E+04   -0.141807E+04    0.402169E+04
    2.5850    0.663296E+04   -0.140497E+04    0.401896E+04
    2.5900    0.663976E+04   -0.138924E+04    0.401450E+04
    2.5950    0.664570E+04   -0.137233E+04    0.400902E+04
    2.6000    0.665057E+04   -0.135509E+04    0.400283E+04
    2.6050    0.665402E+04   -0.133782E+04    0.399592E+04
    2.6100    0.665557E+04   -0.132037E+04    0.398797E+04
    2.6150    0.665474E+04   -0.130222E+04    0.397848E+04
    2.6200    0.665104E+04   -0.128269E+04    0.396687E+04
    2.6250    0.664408E+04   -0.126100E+04    0.395254E+04
    2.6300    0.663356E+04   -0.123643E+04    0.393500E+04
    2.6350    0.661927E+04   -0.120839E+04    0.391383E+04
    2.6400    0.660111E+04   -0.117651E+04    0.388881E+04
    2.6450    0.657906E+04   -0.114064E+04    0.385985E+04
    2.6500    0.655314E+04   -0.110092E+04    0.382703E+04
    2.6550    0.652339E+04   -0.105770E+04    0.379055E+04
    2.6600    0.648984E+04   -0.101156E+04    0.375070E+04
    2.6650    0.645245E+04   -0.963290E+03    0.370787E+04
    2.6700    0.641095E+04   -0.914345E+03    0.366265E+04
    2.6750    0.636333E+04   -0.871288E+03    0.361731E+04
    2.6800    0.631089E+04   -0.831815E+03    0.357135E+04
    2.6850    0.625452E+04   -0.792768E+03    0.352364E+04
    2.6900    0.619366E+04   -0.754631E+03    0.347414E+04
    2.6950    0.612788E+04   -0.718025E+03    0.342295E+04
    2.7000    0.605700E+04   -0.683478E+03    0.337024E+04
    2.7050    0.598108E+04   -0.651402E+03    0.331624E+04
    2.7100    0.590036E+04   -0.622115E+03    0.326124E+04
    2.7150    0.581526E+04   -0.595855E+03    0.320556E+04
    2.7200    0.572633E+04   -0.572815E+03    0.314957E+04
    2.7250    0.563415E+04   -0.553167E+03    0.309366E+04
    2.7300    0.553932E+04   -0.537082E+03    0.303820E+04
    2.7350    0.544232E+04   -0.524731E+03    0.298353E+04
    2.7400    0.534353E+04   -0.516289E+03    0.292991E+04
    2.7450    0.524313E+04   -0.511917E+03    0.287752E+04
    2.7500    0.514107E+04   -0.511738E+03    0.282641E+04
    2.7550    0.503713E+04   -0.515809E+03    0.277647E+04
    2.7600    0.493088E+04   -0.524021E+03    0.272745E+04
    2.7650    0.482171E+04   -0.536374E+03    0.267904E+04
    2.7700    0.470896E+04   -0.552498E+03    0.263073E+04
    2.7750    0.459201E+04   -0.571950E+03    0.258198E+04
    2.7800    0.447026E+04   -0.594164E+03    0.253221E+04
    2.7850    0.434332E+04   -0.618460E+03    0.248089E+04
    2.7900    0.421100E+04   -0.644102E+03    0.242755E+04
    2.7950    0.407338E+04   -0.670342E+03    0.237186E+04
    2.8000    0.393080E+04   -0.696564E+03    0.231368E+04
    2.8050    0.378387E+04   -0.721992E+03    0.225293E+04
    2.8100    0.363338E+04   -0.746274E+03    0.218983E+04
    2.8150    0.348025E+04   -0.769164E+03    0.212471E+04
    2.8200    0.332544E+04   -0.790642E+03    0.205804E+04
    2.8250    0.316983E+04   -0.810961E+03    0.199040E+04
    2.8300    0.301418E+04   -0.830251E+03    0.192222E+04
    2.8350    0.285902E+04   -0.849161E+03    0.185409E+04
    2.8400    0.270463E+04   -0.868253E+03    0.178644E+04
    2.8450    0.255095E+04   -0.888392E+03    0.171967E+04
    2.8500    0.239772E+04   -0.910299E+03    0.165401E+04
    2.8550    0.224444E+04   -0.935407E+03    0.158992E+04
    2.8600    0.209034E+04   -0.965791E+03    0.152807E+04
    2.8650    0.193473E+04   -0.100225E+04    0.146849E+04
    2.8700    0.177701E+04   -0.104281E+04    0.140991E+04
    2.8750    0.161660E+04   -0.108627E+04    0.135144E+04
    2.8800    0.145306E+04   -0.113217E+04    0.129262E+04
    2.8850    0.128627E+04   -0.118025E+04    0.123326E+04
    2.8900    0.111644E+04   -0.123026E+04    0.117335E+04
    2.8950    0.944112E+03   -0.128196E+04    0.111304E+04
    2.9000    0.770069E+03   -0.133520E+04    0.105264E+04
    2.9050    0.595180E+03   -0.138961E+04    0.992397E+03
    2.9100    0.420470E+03   -0.144512E+04    0.932793E+03
    2.9150    0.246885E+03   -0.150159E+04    0.874236E+03
    2.9200    0.752206E+02   -0.155892E+04    0.817069E+03
    2.9250   -0.939332E+02   -0.161700E+04    0.761532E+03
    2.9300   -0.260256E+03   -0.167569E+04    0.707718E+03
    2.9350   -0.423699E+03   -0.173481E+04    0.655557E+03
    2.9400   -0.584467E+03   -0.179410E+04    0.604816E+03
    2.9450   -0.742958E+03   -0.185320E+04    0.555122E+03
    2.9500   -0.899691E+03   -0.191169E+04    0.506002E+03
    2.9550   -0.105521E+04   -0.196907E+04    0.456932E+03
    2.9600   -0.120996E+04   -0.202480E+04    0.407418E+03
    2.9650   -0.136427E+04   -0.207830E+04    0.357017E+03
    2.9700   -0.151822E+04   -0.212906E+04    0.305423E+03
    2.9750   -0.167159E+04   -0.217664E+04    0.252525E+03
    2.9800   -0.182385E+04   -0.222071E+04    0.198431E+03
    2.9850   -0.197430E+04   -0.226110E+04    0.143397E+03
    2.9900   -0.212210E+04   -0.229774E+04    0.878200E+02
    2.9950   -0.226628E+04   -0.233074E+04    0.322261E+02
    3.0000   -0.240595E+04   -0.236033E+04   -0.228110E+02
    3.0050   -0.254034E+04   -0.238683E+04   -0.767524E+02
    3.0100   -0.266893E+04   -0.241060E+04   -0.129164E+03
    3.0150   -0.279155E+04   -0.243196E+04   -0.179794E+03
    3.0200   -0.290838E+04   -0.245115E+04   -0.228617E+03
    3.0250   -0.302001E+04   -0.246823E+04   -0.275889E+03
    3.0300   -0.312735E+04   -0.248307E+04   -0.322139E+03
    3.0350   -0.323158E+04   -0.249527E+04   -0.368157E+03
    3.0400   -0.333404E+04   -0.250422E+04   -0.414912E+03
    3.0450   -0.343602E+04   -0.250896E+04   -0.463532E+03
    3.0500   -0.353872E+04   -0.250721E+04   -0.515757E+03
    3.0550   -0.364318E+04   -0.249371E+04   -0.574734E+03
    3.0600   -0.374980E+04   -0.245886E+04   -0.645472E+03
    3.0650   -0.385742E+04   -0.238413E+04   -0.736647E+03
    3.0700   -0.396156E+04   -0.222857E+04   -0.866497E+03
    3.0750   -0.405157E+04   -0.209976E+04   -0.975908E+03
    3.0800   -0.410669E+04   -0.290955E+04   -0.598570E+03
    3.0850   -0.409438E+04   -0.333424E+04   -0.380069E+03
    3.0900   -0.397931E+04   -0.351572E+04   -0.231796E+03
    3.0950   -0.374466E+04   -0.358338E+04   -0.806382E+02
    3.1000   -0.339661E+04   -0.358995E+04    0.966687E+02
    3.1050   -0.354237E+04   -0.356275E+04    0.101928E+02
    3.1100   -0.382707E+04   -0.351715E+04   -0.154960E+03
    3.1150   -0.395944E+04   -0.346369E+04   -0.247875E+03
    3.1200   -0.404949E+04   -0.341125E+04   -0.319120E+03
    3.1250   -0.412160E+04   -0.336687E+04   -0.377363E+03
    3.1300   -0.418344E+04   -0.333502E+04   -0.424215E+03
    3.1350   -0.423749E+04   -0.331803E+04   -0.459729E+03
    3.1400   -0.428458E+04   -0.331648E+04   -0.484048E+03
    3.1450   -0.432507E+04   -0.332976E+04   -0.497656E+03
    3.1500   -0.435909E+04   -0.335645E+04   -0.501321E+03
    3.1550   -0.438654E+04   -0.339467E+04   -0.495934E+03
    3.1600   -0.440732E+04   -0.344235E+04   -0.482485E+03
    3.1650   -0.442104E+04   -0.349731E+04   -0.461865E+03
    3.1700   -0.442711E+04   -0.355740E+04   -0.434854E+03
    3.1750   -0.442469E+04   -0.362055E+04   -0.402067E+03
    3.1800   -0.441285E+04   -0.368485E+04   -0.363999E+03
    3.1850   -0.439061E+04   -0.374855E+04   -0.321031E+03
    3.1900   -0.435704E+04   -0.381005E+04   -0.273493E+03
    3.1950   -0.431138E+04   -0.386794E+04   -0.221718E+03
    3.2000   -0.425308E+04   -0.392096E+04   -0.166063E+03
    3.2050   -0.418191E+04   -0.396795E+04   -0.106981E+03
    3.2100   -0.409789E+04   -0.400789E+04   -0.449979E+02
    3.2150   -0.400138E+04   -0.403987E+04    0.192462E+02
    3.2200   -0.389294E+04   -0.406305E+04    0.850569E+02
    3.2250   -0.377336E+04   -0.407674E+04    0.151688E+03
    3.2300   -0.364350E+04   -0.408029E+04    0.218396E+03
    3.2350   -0.350424E+04   -0.407310E+04    0.284429E+03
    3.2400   -0.335634E+04   -0.405447E+04    0.349066E+03
    3.2450   -0.320043E+04   -0.402379E+04    0.411679E+03
    3.2500   -0.303699E+04   -0.398062E+04    0.471816E+03
    3.2550   -0.286619E+04   -0.392459E+04    0.529199E+03
    3.2600   -0.268815E+04   -0.385564E+04    0.583747E+03
    3.2650   -0.250273E+04   -0.377376E+04    0.635514E+03
    3.2700   -0.230972E+04   -0.367895E+04    0.684616E+03
    3.2750   -0.210884E+04   -0.357126E+04    0.731209E+03
    3.2800   -0.189986E+04   -0.345077E+04    0.775455E+03
    3.2850   -0.168262E+04   -0.331775E+04    0.817560E+03
    3.2900   -0.145709E+04   -0.317288E+04    0.857896E+03
    3.2950   -0.122340E+04   -0.301767E+04    0.897136E+03
    3.3000   -0.981828E+03   -0.285468E+04    0.936424E+03
    3.3050   -0.732797E+03   -0.268755E+04    0.977378E+03
    3.3100   -0.476822E+03   -0.252068E+04    0.102193E+04
    3.3150   -0.214467E+03   -0.235845E+04    0.107199E+04
    3.3200    0.536927E+02   -0.220457E+04    0.112913E+04
    3.3250    0.327146E+03   -0.206158E+04    0.119436E+04
    3.3300    0.605444E+03   -0.193076E+04    0.126810E+04
    3.3350    0.888250E+03   -0.181230E+04    0.135028E+04
    3.3400    0.117531E+04   -0.170554E+04    0.144042E+04
    3.3450    0.146643E+04   -0.160927E+04    0.153785E+04
    3.3500    0.176146E+04   -0.152199E+04    0.164173E+04
    3.3550    0.206024E+04   -0.144208E+04    0.175116E+04
    3.3600    0.236251E+04   -0.136792E+04    0.186521E+04
    3.3650    0.266790E+04   -0.129800E+04    0.198295E+04
    3.3700    0.297589E+04   -0.123094E+04    0.210342E+04
    3.3750    0.328580E+04   -0.116555E+04    0.222567E+04
    3.3800    0.359674E+04   -0.110080E+04    0.234877E+04
    3.3850    0.390773E+04   -0.103585E+04    0.247179E+04
    3.3900    0.421769E+04   -0.970013E+03    0.259385E+04
    3.3950    0.452550E+04   -0.902761E+03    0.271413E+04
    3.4000    0.483012E+04   -0.833699E+03    0.283191E+04
    3.4050    0.513063E+04   -0.762561E+03    0.294659E+04
    3.4100    0.542627E+04   -0.689210E+03    0.305774E+04
    3.4150    0.571656E+04   -0.613650E+03    0.316510E+04
    3.4200    0.600124E+04   -0.536042E+03    0.326864E+04
    3.4250    0.628034E+04   -0.456746E+03    0.336854E+04
    3.4300    0.655407E+04   -0.376210E+03    0.346514E+04
    3.4350    0.682288E+04   -0.295111E+03    0.355899E+04
    3.4400    0.708712E+04   -0.214135E+03    0.365063E+04
    3.4450    0.734721E+04   -0.134119E+03    0.374066E+04
    3.4500    0.760341E+04   -0.559400E+02    0.382968E+04
    3.4550    0.785579E+04    0.194888E+02    0.391815E+04
    3.4600    0.810412E+04    0.912559E+02    0.400643E+04
    3.4650    0.834790E+04    0.158487E+03    0.409471E+04
    3.4700    0.858632E+04    0.220382E+03    0.418297E+04
    3.4750    0.881833E+04    0.276257E+03    0.427104E+04
    3.4800    0.904268E+04    0.325574E+03    0.435855E+04
    3.4850    0.925798E+04    0.367955E+03    0.444501E+04
    3.4900    0.946290E+04    0.403220E+03    0.452984E+04
    3.4950    0.965616E+04    0.431356E+03    0.461240E+04
    3.5000    0.983681E+04    0.452572E+03    0.469212E+04
    3.5050    0.100041E+05    0.467197E+03    0.476845E+04
    3.5100    0.101577E+05    0.475711E+03    0.484098E+04
    3.5150    0.102975E+05    0.478692E+03    0.490941E+04
    3.5200    0.104240E+05    0.476776E+03    0.497363E+04
    3.5250    0.105379E+05    0.470614E+03    0.503364E+04
    3.5300    0.106400E+05    0.460839E+03    0.508958E+04
    3.5350    0.107314E+05    0.448029E+03    0.514168E+04
    3.5400    0.108131E+05    0.432687E+03    0.519023E+04
    3.5450    0.108862E+05    0.415220E+03    0.523549E+04
    3.5500    0.109514E+05    0.395941E+03    0.527772E+04
    3.5550    0.110092E+05    0.375068E+03    0.531707E+04
    3.5600    0.110599E+05    0.352736E+03    0.535359E+04
    3.5650    0.111034E+05    0.329013E+03    0.538722E+04
    3.5700    0.111395E+05    0.303920E+03    0.541778E+04
    3.5750    0.111674E+05    0.277436E+03    0.544499E+04
    3.5800    0.111865E+05    0.249544E+03    0.546850E+04
    3.5850    0.111961E+05    0.220195E+03    0.548795E+04
    3.5900    0.111953E+05    0.189345E+03    0.550298E+04
    3.5950    0.111836E+05    0.156925E+03    0.551331E+04
    3.6000    0.111604E+05    0.122857E+03    0.551878E+04
    3.6050    0.111257E+05    0.870269E+02    0.551934E+04
    3.6100    0.110795E+05    0.492714E+02    0.551513E+04
    3.6150    0.110223E+05    0.937503E+01    0.550646E+04
    3.6200    0.109546E+05   -0.329319E+02    0.549376E+04
    3.6250    0.108772E+05   -0.779650E+02    0.547759E+04
    3.6300    0.107911E+05   -0.126072E+03    0.545859E+04
    3.6350    0.106973E+05   -0.177613E+03    0.543744E+04
    3.6400    0.105967E+05   -0.232932E+03    0.541482E+04
    3.6450    0.104904E+05   -0.292334E+03    0.539138E+04
    3.6500    0.103792E+05   -0.356053E+03    0.536764E+04
    3.6550    0.102637E+05   -0.424227E+03    0.534399E+04
    3.6600    0.101443E+05   -0.496878E+03    0.532059E+04
    3.6650    0.100208E+05   -0.573913E+03    0.529733E+04
    3.6700    0.989239E+04   -0.655158E+03    0.527377E+04
    3.6750    0.975768E+04   -0.740552E+03    0.524912E+04
    3.6800    0.961429E+04   -0.831261E+03    0.522277E+04
    3.6850    0.946724E+04   -0.940903E+03    0.520407E+04
    3.6900    0.944184E+04   -0.114240E+04    0.529212E+04
    3.6950    0.936721E+04   -0.127772E+04    0.532247E+04
    3.7000    0.921186E+04   -0.137571E+04    0.529379E+04
    3.7050    0.902579E+04   -0.146418E+04    0.524498E+04
    3.7100    0.882429E+04   -0.154905E+04    0.518667E+04
    3.7150    0.861463E+04   -0.163233E+04    0.512348E+04
    3.7200    0.840137E+04   -0.171481E+04    0.505809E+04
    3.7250    0.818776E+04   -0.179678E+04    0.499227E+04
    3.7300    0.797623E+04   -0.187825E+04    0.492724E+04
    3.7350    0.776859E+04   -0.195910E+04    0.486384E+04
    3.7400    0.756612E+04   -0.203910E+04    0.480261E+04
    3.7450    0.736965E+04   -0.211797E+04    0.474381E+04
    3.7500    0.717969E+04   -0.219538E+04    0.468754E+04
    3.7550    0.699639E+04   -0.227100E+04    0.463369E+04
    3.7600    0.681972E+04   -0.234446E+04    0.458209E+04
    3.7650    0.664946E+04   -0.241542E+04    0.453244E+04
    3.7700    0.648529E+04   -0.248353E+04    0.448441E+04
    3.7750    0.632680E+04   -0.254846E+04    0.443763E+04
    3.7800    0.617355E+04   -0.260989E+04    0.439172E+04
    3.7850    0.602511E+04   -0.266754E+04    0.434633E+04
    3.7900    0.588105E+04   -0.272116E+04    0.430110E+04
    3.7950    0.574100E+04   -0.277053E+04    0.425577E+04
    3.8000    0.560465E+04   -0.281550E+04    0.421008E+04
    3.8050    0.547178E+04   -0.285596E+04    0.416387E+04
    3.8100    0.534230E+04   -0.289185E+04    0.411707E+04
    3.8150    0.521601E+04   -0.292318E+04    0.406960E+04
    3.8200    0.509296E+04   -0.295002E+04    0.402149E+04
    3.8250    0.497319E+04   -0.297247E+04    0.397283E+04
    3.8300    0.485679E+04   -0.299069E+04    0.392374E+04
    3.8350    0.474388E+04   -0.300485E+04    0.387437E+04
    3.8400    0.463463E+04   -0.301518E+04    0.382491E+04
    3.8450    0.452918E+04   -0.302190E+04    0.377554E+04
    3.8500    0.442767E+04   -0.302525E+04    0.372646E+04
    3.8550    0.433018E+04   -0.302545E+04    0.367781E+04
    3.8600    0.423671E+04   -0.302273E+04    0.362972E+04
    3.8650    0.414718E+04   -0.301730E+04    0.358224E+04
    3.8700    0.406138E+04   -0.300936E+04    0.353537E+04
    3.8750    0.397898E+04   -0.299909E+04    0.348903E+04
    3.8800    0.389953E+04   -0.298666E+04    0.344309E+04
    3.8850    0.382248E+04   -0.297222E+04    0.339735E+04
    3.8900    0.374719E+04   -0.295592E+04    0.335156E+04
    3.8950    0.367313E+04   -0.293786E+04    0.330550E+04
    3.9000    0.359966E+04   -0.291815E+04    0.325890E+04
    3.9050    0.352638E+04   -0.289684E+04    0.321161E+04
    3.9100    0.345279E+04   -0.287399E+04    0.316339E+04
    3.9150    0.337881E+04   -0.284961E+04    0.311421E+04
    3.9200    0.330449E+04   -0.282367E+04    0.306408E+04
    3.9250    0.323005E+04   -0.279612E+04    0.301309E+04
    3.9300    0.315591E+04   -0.276689E+04    0.296140E+04
    3.9350    0.308258E+04   -0.273588E+04    0.290923E+04
    3.9400    0.301063E+04   -0.270299E+04    0.285681E+04
    3.9450    0.294061E+04   -0.266815E+04    0.280438E+04
    3.9500    0.287294E+04   -0.263127E+04    0.275211E+04
    3.9550    0.280790E+04   -0.259234E+04    0.270012E+04
    3.9600    0.274551E+04   -0.255135E+04    0.264843E+04
    3.9650    0.268552E+04   -0.250835E+04    0.259693E+04
    3.9700    0.262743E+04   -0.246345E+04    0.254544E+04
    3.9750    0.257051E+04   -0.241680E+04    0.249365E+04
    3.9800    0.251386E+04   -0.236859E+04    0.244122E+04
    3.9850    0.245649E+04   -0.231905E+04    0.238777E+04
    3.9900    0.239743E+04   -0.226845E+04    0.233294E+04
    3.9950    0.233577E+04   -0.221708E+04    0.227642E+04
    4.0000    0.227079E+04   -0.216523E+04    0.221801E+04
    4.0050    0.220202E+04   -0.211321E+04    0.215761E+04
    4.0100    0.212920E+04   -0.206136E+04    0.209528E+04
    4.0150    0.205245E+04   -0.201000E+04    0.203122E+04
    4.0200    0.197211E+04   -0.195946E+04    0.196579E+04
    4.0250    0.188879E+04   -0.191008E+04    0.189943E+04
    4.0300    0.180337E+04   -0.186220E+04    0.183279E+04
    4.0350    0.171723E+04   -0.181614E+04    0.176668E+04
    4.0400    0.163259E+04   -0.177221E+04    0.170240E+04
    4.0450    0.155305E+04   -0.173070E+04    0.164187E+04
    4.0500    0.148389E+04   -0.169191E+04    0.158790E+04
    4.0550    0.143013E+04   -0.165604E+04    0.154308E+04
    4.0600    0.139485E+04   -0.162327E+04    0.150906E+04
    4.0650    0.137737E+04   -0.159374E+04    0.148555E+04
    4.0700    0.137411E+04   -0.156752E+04    0.147081E+04
    4.0750    0.138037E+04   -0.154462E+04    0.146250E+04
    4.0800    0.139168E+04   -0.152504E+04    0.145836E+04
    4.0850    0.140442E+04   -0.150867E+04    0.145655E+04
    4.0900    0.141588E+04   -0.149542E+04    0.145565E+04
    4.0950    0.142422E+04   -0.148517E+04    0.145469E+04
    4.1000    0.142837E+04   -0.147777E+04    0.145307E+04
    4.1050    0.142791E+04   -0.147309E+04    0.145050E+04
    4.1100    0.142297E+04   -0.147101E+04    0.144699E+04
    4.1150    0.141410E+04   -0.147142E+04    0.144276E+04
    4.1200    0.140211E+04   -0.147426E+04    0.143818E+04
    4.1250    0.138798E+04   -0.147947E+04    0.143373E+04
    4.1300    0.137270E+04   -0.148706E+04    0.142988E+04
    4.1350    0.135716E+04   -0.149704E+04    0.142710E+04
    4.1400    0.134202E+04   -0.150948E+04    0.142575E+04
    4.1450    0.132767E+04   -0.152447E+04    0.142607E+04
    4.1500    0.131417E+04   -0.154214E+04    0.142815E+04
    4.1550    0.130127E+04   -0.156260E+04    0.143194E+04
    4.1600    0.128845E+04   -0.158601E+04    0.143723E+04
    4.1650    0.127499E+04   -0.161250E+04    0.144375E+04
    4.1700    0.126012E+04   -0.164220E+04    0.145116E+04
    4.1750    0.124309E+04   -0.167519E+04    0.145914E+04
    4.1800    0.122330E+04   -0.171154E+04    0.146742E+04
    4.1850    0.120043E+04   -0.175126E+04    0.147584E+04
    4.1900    0.117447E+04   -0.179431E+04    0.148439E+04
    4.1950    0.114581E+04   -0.184060E+04    0.149321E+04
    4.2000    0.111519E+04   -0.189001E+04    0.150260E+04
    4.2050    0.108367E+04   -0.194237E+04    0.151302E+04
    4.2100    0.105254E+04   -0.199749E+04    0.152502E+04
    4.2150    0.102327E+04   -0.205514E+04    0.153920E+04
    4.2200    0.997258E+03   -0.211511E+04    0.155618E+04
    4.2250    0.975801E+03   -0.217719E+04    0.157649E+04
    4.2300    0.959933E+03   -0.224117E+04    0.160055E+04
    4.2350    0.950342E+03   -0.230687E+04    0.162861E+04
    4.2400    0.947318E+03   -0.237413E+04    0.166072E+04
    4.2450    0.950740E+03   -0.244279E+04    0.169677E+04
    4.2500    0.960116E+03   -0.251272E+04    0.173642E+04
    4.2550    0.974654E+03   -0.258379E+04    0.177922E+04
    4.2600    0.993373E+03   -0.265587E+04    0.182462E+04
    4.2650    0.101524E+04   -0.272884E+04    0.187204E+04
    4.2700    0.103928E+04   -0.280257E+04    0.192092E+04
    4.2750    0.106474E+04   -0.287694E+04    0.197084E+04
    4.2800    0.109116E+04   -0.295184E+04    0.202150E+04
    4.2850    0.111846E+04   -0.302715E+04    0.207280E+04
    4.2900    0.114694E+04   -0.310278E+04    0.212486E+04
    4.2950    0.117731E+04   -0.317867E+04    0.217799E+04
    4.3000    0.121056E+04   -0.325474E+04    0.223265E+04
    4.3050    0.124793E+04   -0.333094E+04    0.228943E+04
    4.3100    0.129072E+04   -0.340725E+04    0.234899E+04
    4.3150    0.134024E+04   -0.348361E+04    0.241193E+04
    4.3200    0.139761E+04   -0.355998E+04    0.247879E+04
    4.3250    0.146367E+04   -0.363629E+04    0.254998E+04
    4.3300    0.153893E+04   -0.371243E+04    0.262568E+04
    4.3350    0.162350E+04   -0.378828E+04    0.270589E+04
    4.3400    0.171711E+04   -0.386368E+04    0.279039E+04
    4.3450    0.181915E+04   -0.393843E+04    0.287879E+04
    4.3500    0.192873E+04   -0.401232E+04    0.297052E+04
    4.3550    0.204483E+04   -0.408513E+04    0.306498E+04
    4.3600    0.216639E+04   -0.415665E+04    0.316152E+04
    4.3650    0.229241E+04   -0.422666E+04    0.325954E+04
    4.3700    0.242209E+04   -0.429500E+04    0.335854E+04
    4.3750    0.255486E+04   -0.436151E+04    0.345819E+04
    4.3800    0.269044E+04   -0.442611E+04    0.355828E+04
    4.3850    0.282885E+04   -0.448871E+04    0.365878E+04
    4.3900    0.297032E+04   -0.454929E+04    0.375980E+04
    4.3950    0.311531E+04   -0.460781E+04    0.386156E+04
    4.4000    0.326428E+04   -0.466429E+04    0.396429E+04
    4.4050    0.341785E+04   -0.471868E+04    0.406826E+04
    4.4100    0.357635E+04   -0.477096E+04    0.417365E+04
    4.4150    0.373999E+04   -0.482106E+04    0.428053E+04
    4.4200    0.390870E+04   -0.486892E+04    0.438881E+04
    4.4250    0.408214E+04   -0.491439E+04    0.449826E+04
    4.4300    0.425969E+04   -0.495733E+04    0.460851E+04
    4.4350    0.444049E+04   -0.499757E+04    0.471903E+04
    4.4400    0.462352E+04   -0.503493E+04    0.482923E+04
    4.4450    0.480772E+04   -0.506923E+04    0.493847E+04
    4.4500    0.499200E+04   -0.510030E+04    0.504615E+04
    4.4550    0.517541E+04   -0.512799E+04    0.515170E+04
    4.4600    0.535718E+04   -0.515222E+04    0.525470E+04
    4.4650    0.553677E+04   -0.517290E+04    0.535484E+04
    4.4700    0.571396E+04   -0.519002E+04    0.545199E+04
    4.4750    0.588855E+04   -0.520362E+04    0.554608E+04
    4.4800    0.606074E+04   -0.521376E+04    0.563725E+04
    4.4850    0.623074E+04   -0.522055E+04    0.572565E+04
    4.4900    0.639878E+04   -0.522412E+04    0.581145E+04
    4.4950    0.656502E+04   -0.522461E+04    0.589481E+04
    4.5000    0.672945E+04   -0.522215E+04    0.597580E+04
    4.5050    0.689184E+04   -0.521687E+04    0.605435E+04
    4.5100    0.705173E+04   -0.520886E+04    0.613030E+04
    4.5150    0.720844E+04   -0.519819E+04    0.620332E+04
    4.5200    0.736111E+04   -0.518487E+04    0.627299E+04
    4.5250    0.750869E+04   -0.516888E+04    0.633879E+04
    4.5300    0.765025E+04   -0.515016E+04    0.640020E+04
    4.5350    0.778496E+04   -0.512857E+04    0.645676E+04
    4.5400    0.791222E+04   -0.510404E+04    0.650813E+04
    4.5450    0.803185E+04   -0.507644E+04    0.655414E+04
    4.5500    0.814417E+04   -0.504563E+04    0.659490E+04
    4.5550    0.825002E+04   -0.501151E+04    0.663077E+04
    4.5600    0.835085E+04   -0.497403E+04    0.666244E+04
    4.5650    0.844858E+04   -0.493316E+04    0.669087E+04
    4.5700    0.854548E+04   -0.488894E+04    0.671721E+04
    4.5750    0.864365E+04   -0.484144E+04    0.674254E+04
    4.5800    0.874392E+04   -0.479076E+04    0.676734E+04
    4.5850    0.884471E+04   -0.473706E+04    0.679089E+04
    4.5900    0.894017E+04   -0.468049E+04    0.681033E+04
    4.5950    0.902033E+04   -0.462119E+04    0.682076E+04
    4.6000    0.907456E+04   -0.455929E+04    0.681693E+04
    4.6050    0.909643E+04   -0.449490E+04    0.679567E+04
    4.6100    0.908583E+04   -0.442806E+04    0.675695E+04
    4.6150    0.904695E+04   -0.435880E+04    0.670288E+04
    4.6200    0.898530E+04   -0.428709E+04    0.663620E+04
    4.6250    0.890575E+04   -0.421290E+04    0.655932E+04
    4.6300    0.881194E+04   -0.413609E+04    0.647401E+04
    4.6350    0.870637E+04   -0.405660E+04    0.638148E+04
    4.6400    0.859072E+04   -0.397440E+04    0.628256E+04
    4.6450    0.846620E+04   -0.388945E+04    0.617782E+04
    4.6500    0.833388E+04   -0.380178E+04    0.606783E+04
    4.6550    0.819434E+04   -0.371146E+04    0.595290E+04
    4.6600    0.804858E+04   -0.361864E+04    0.583361E+04
    4.6650    0.789743E+04   -0.352352E+04    0.571047E+04
    4.6700    0.774170E+04   -0.342633E+04    0.558401E+04
    4.6750    0.758209E+04   -0.332735E+04    0.545472E+04
    4.6800    0.741918E+04   -0.322687E+04    0.532302E+04
    4.6850    0.725336E+04   -0.312521E+04    0.518928E+04
    4.6900    0.708481E+04   -0.302264E+04    0.505372E+04
    4.6950    0.691353E+04   -0.291943E+04    0.491648E+04
    4.7000    0.673909E+04   -0.281583E+04    0.477746E+04
    4.7050    0.656114E+04   -0.271202E+04    0.463658E+04
    4.7100    0.637913E+04   -0.260816E+04    0.449364E+04
    4.7150    0.619245E+04   -0.250439E+04    0.434842E+04
    4.7200    0.600056E+04   -0.240080E+04    0.420068E+04
    4.7250    0.580298E+04   -0.229743E+04    0.405021E+04
    4.7300    0.559944E+04   -0.219433E+04    0.389689E+04
    4.7350    0.538987E+04   -0.209152E+04    0.374069E+04
    4.7400    0.517442E+04   -0.198900E+04    0.358171E+04
    4.7450    0.495350E+04   -0.188679E+04    0.342015E+04
    4.7500    0.472770E+04   -0.178490E+04    0.325630E+04
    4.7550    0.449779E+04   -0.168332E+04    0.309056E+04
    4.7600    0.426464E+04   -0.158208E+04    0.292336E+04
    4.7650    0.402912E+04   -0.148118E+04    0.275515E+04
    4.7700    0.379210E+04   -0.138066E+04    0.258638E+04
    4.7750    0.355435E+04   -0.128053E+04    0.241744E+04
    4.7800    0.331648E+04   -0.118083E+04    0.224866E+04
    4.7850    0.307897E+04   -0.108161E+04    0.208029E+04
    4.7900    0.284212E+04   -0.982914E+03    0.191252E+04
    4.7950    0.260608E+04   -0.884812E+03    0.174545E+04
    4.8000    0.237091E+04   -0.787383E+03    0.157914E+04
    4.8050    0.213658E+04   -0.690723E+03    0.141365E+04
    4.8100    0.190305E+04   -0.594947E+03    0.124900E+04
    4.8150    0.167034E+04   -0.500187E+03    0.108526E+04
    4.8200    0.143852E+04   -0.406592E+03    0.922556E+03
    4.8250    0.120778E+04   -0.314325E+03    0.761054E+03
    4.8300    0.978450E+03   -0.223564E+03    0.601007E+03
    4.8350    0.750990E+03   -0.134486E+03    0.442738E+03
    4.8400    0.525972E+03   -0.472914E+02    0.286632E+03
    4.8450    0.304030E+03    0.378859E+02    0.133072E+03
    4.8500    0.858900E+02    0.120873E+03   -0.174917E+02
    4.8550   -0.127723E+03    0.201552E+03   -0.164638E+03
    4.8600   -0.336115E+03    0.279839E+03   -0.307977E+03
    4.8650   -0.538655E+03    0.355692E+03   -0.447174E+03
    4.8700   -0.734827E+03    0.429114E+03   -0.581971E+03
    4.8750   -0.924127E+03    0.500163E+03   -0.712145E+03
    4.8800   -0.110626E+04    0.568923E+03   -0.837591E+03
    4.8850   -0.128101E+04    0.635515E+03   -0.958262E+03
    4.8900   -0.144825E+04    0.700078E+03   -0.107417E+04
    4.8950   -0.160794E+04    0.762758E+03   -0.118535E+04
    4.9000   -0.176008E+04    0.823690E+03   -0.129188E+04
    4.9050   -0.190472E+04    0.882987E+03   -0.139385E+04
    4.9100   -0.204193E+04    0.940729E+03   -0.149133E+04
    4.9150   -0.217182E+04    0.996958E+03   -0.158439E+04
    4.9200   -0.229448E+04    0.105167E+04   -0.167308E+04
    4.9250   -0.241004E+04    0.110484E+04   -0.175744E+04
    4.9300   -0.251862E+04    0.115639E+04   -0.183751E+04
    4.9350   -0.262041E+04    0.120623E+04   -0.191332E+04
    4.9400   -0.271557E+04    0.125427E+04   -0.198492E+04
    4.9450   -0.280433E+04    0.130042E+04   -0.205238E+04
    4.9500   -0.288693E+04    0.134463E+04   -0.211578E+04
    4.9550   -0.296362E+04    0.138685E+04   -0.217523E+04
    4.9600   -0.303475E+04    0.142709E+04   -0.223092E+04
    4.9650   -0.310034E+04    0.146538E+04   -0.228286E+04
    4.9700   -0.316072E+04    0.150178E+04   -0.233125E+04
    4.9750   -0.321605E+04    0.153640E+04   -0.237622E+04
    4.9800   -0.326644E+04    0.156935E+04   -0.241789E+04
    4.9850   -0.331191E+04    0.160077E+04   -0.245634E+04
    4.9900   -0.335243E+04    0.163076E+04   -0.249160E+04
    4.9950   -0.338787E+04    0.165945E+04   -0.252366E+04
    5.0000   -0.341808E+04    0.168690E+04   -0.255249E+04
    5.0050   -0.344295E+04    0.171318E+04   -0.257807E+04
    5.0100   -0.346219E+04    0.173833E+04   -0.260026E+04
    5.0150   -0.347576E+04    0.176234E+04   -0.261905E+04
    5.0200   -0.348366E+04    0.178520E+04   -0.263443E+04
    5.0250   -0.348596E+04    0.180688E+04   -0.264642E+04
    5.0300   -0.348287E+04    0.182736E+04   -0.265512E+04
    5.0350   -0.347485E+04    0.184660E+04   -0.266073E+04
    5.0400   -0.346236E+04    0.186461E+04   -0.266348E+04
    5.0450   -0.344602E+04    0.188137E+04   -0.266370E+04
    5.0500   -0.342658E+04    0.189690E+04   -0.266174E+04
    5.0550   -0.340483E+04    0.191126E+04   -0.265804E+04
    5.0600   -0.338153E+04    0.192448E+04   -0.265300E+04
    5.0650   -0.335759E+04    0.193663E+04   -0.264711E+04
    5.0700   -0.333369E+04    0.194778E+04   -0.264073E+04
    5.0750   -0.331051E+04    0.195800E+04   -0.263425E+04
    5.0800   -0.328858E+04    0.196734E+04   -0.262796E+04
    5.0850   -0.326834E+04    0.197586E+04   -0.262210E+04
    5.0900   -0.325008E+04    0.198358E+04   -0.261683E+04
    5.0950   -0.323399E+04    0.199050E+04   -0.261225E+04
    5.1000   -0.322011E+04    0.199665E+04   -0.260838E+04
    5.1050   -0.320843E+04    0.200199E+04   -0.260521E+04
    5.1100   -0.319890E+04    0.200648E+04   -0.260269E+04
    5.1150   -0.319139E+04    0.201010E+04   -0.260074E+04
    5.1200   -0.318579E+04    0.201280E+04   -0.259930E+04
    5.1250   -0.318199E+04    0.201456E+04   -0.259827E+04
    5.1300   -0.317987E+04    0.201535E+04   -0.259761E+04
    5.1350   -0.317935E+04    0.201519E+04   -0.259727E+04
    5.1400   -0.318040E+04    0.201407E+04   -0.259723E+04
    5.1450   -0.318298E+04    0.201204E+04   -0.259751E+04
    5.1500   -0.318713E+04    0.200914E+04   -0.259814E+04
    5.1550   -0.319291E+04    0.200546E+04   -0.259919E+04
    5.1600   -0.320038E+04    0.200105E+04   -0.260072E+04
    5.1650   -0.320979E+04    0.199602E+04   -0.260291E+04
    5.1700   -0.322131E+04    0.199045E+04   -0.260588E+04
    5.1750   -0.323519E+04    0.198443E+04   -0.260981E+04
    5.1800   -0.325175E+04    0.197802E+04   -0.261489E+04
    5.1850   -0.327140E+04    0.197131E+04   -0.262135E+04
    5.1900   -0.329458E+04    0.196433E+04   -0.262945E+04
    5.1950   -0.332182E+04    0.195712E+04   -0.263947E+04
    5.2000   -0.335366E+04    0.194970E+04   -0.265168E+04
    5.2050   -0.339067E+04    0.194208E+04   -0.266638E+04
    5.2100   -0.343342E+04    0.193425E+04   -0.268383E+04
    5.2150   -0.348240E+04    0.192617E+04   -0.270429E+04
    5.2200   -0.353805E+04    0.191782E+04   -0.272793E+04
    5.2250   -0.360067E+04    0.190914E+04   -0.275490E+04
    5.2300   -0.367046E+04    0.190007E+04   -0.278526E+04
    5.2350   -0.374742E+04    0.189054E+04   -0.281898E+04
    5.2400   -0.383153E+04    0.188048E+04   -0.285601E+04
    5.2450   -0.392220E+04    0.186981E+04   -0.289600E+04
    5.2500   -0.401899E+04    0.185842E+04   -0.293871E+04
    5.2550   -0.412107E+04    0.184625E+04   -0.298366E+04
    5.2600   -0.422718E+04    0.183319E+04   -0.303019E+04
