    0.0000    0.244162E-08   -0.229803E-09    0.133571E-08
    0.0050    0.133783E+04    0.126705E+03    0.605565E+03
    0.0100    0.134178E+04   -0.831294E+02    0.712455E+03
    0.0150    0.131585E+04   -0.273297E+03    0.794575E+03
    0.0200    0.127043E+04   -0.440166E+03    0.855297E+03
    0.0250    0.121021E+04   -0.579740E+03    0.894974E+03
    0.0300    0.113748E+04   -0.689482E+03    0.913480E+03
    0.0350    0.105531E+04   -0.769927E+03    0.912619E+03
    0.0400    0.968776E+03   -0.825087E+03    0.896931E+03
    0.0450    0.884085E+03   -0.861319E+03    0.872702E+03
    0.0500    0.806702E+03   -0.885212E+03    0.845957E+03
    0.0550    0.739812E+03   -0.901539E+03    0.820676E+03
    0.0600    0.683972E+03   -0.912217E+03    0.798095E+03
    0.0650    0.637961E+03   -0.916646E+03    0.777303E+03
    0.0700    0.600176E+03   -0.913117E+03    0.756647E+03
    0.0750    0.569787E+03   -0.900492E+03    0.735139E+03
    0.0800    0.547181E+03   -0.879312E+03    0.713246E+03
    0.0850    0.533672E+03   -0.851943E+03    0.692808E+03
    0.0900    0.530804E+03   -0.821844E+03    0.676324E+03
    0.0950    0.539615E+03   -0.792429E+03    0.666022E+03
    0.1000    0.560187E+03   -0.766099E+03    0.663143E+03
    0.1050    0.591559E+03   -0.743762E+03    0.667661E+03
    0.1100    0.631919E+03   -0.724924E+03    0.678421E+03
    0.1150    0.678945E+03   -0.708170E+03    0.693558E+03
    0.1200    0.730144E+03   -0.691812E+03    0.710978E+03
    0.1250    0.783121E+03   -0.674475E+03    0.728798E+03
    0.1300    0.835777E+03   -0.655513E+03    0.745645E+03
    0.1350    0.886438E+03   -0.635168E+03    0.760803E+03
    0.1400    0.933917E+03   -0.614476E+03    0.774196E+03
    0.1450    0.977521E+03   -0.594950E+03    0.786236E+03
    0.1500    0.101701E+04   -0.578121E+03    0.797567E+03
    0.1550    0.105254E+04   -0.565084E+03    0.808810E+03
    0.1600    0.108452E+04   -0.556203E+03    0.820361E+03
    0.1650    0.111360E+04   -0.551061E+03    0.832328E+03
    0.1700    0.114053E+04   -0.548681E+03    0.844608E+03
    0.1750    0.116617E+04   -0.547933E+03    0.857049E+03
    0.1800    0.119132E+04   -0.547954E+03    0.869637E+03
    0.1850    0.121676E+04   -0.548446E+03    0.882602E+03
    0.1900    0.124310E+04   -0.549720E+03    0.896413E+03
    0.1950    0.127080E+04   -0.552506E+03    0.911654E+03
    0.2000    0.130008E+04   -0.557582E+03    0.928832E+03
    0.2050    0.133096E+04   -0.565388E+03    0.948176E+03
    0.2100    0.136328E+04   -0.575740E+03    0.969512E+03
    0.2150    0.139672E+04   -0.587766E+03    0.992243E+03
    0.2200    0.143085E+04   -0.600052E+03    0.101545E+04
    0.2250    0.146520E+04   -0.610968E+03    0.103808E+04
    0.2300    0.149931E+04   -0.619049E+03    0.105918E+04
    0.2350    0.153276E+04   -0.623329E+03    0.107804E+04
    0.2400    0.156522E+04   -0.623523E+03    0.109437E+04
    0.2450    0.159642E+04   -0.620017E+03    0.110822E+04
    0.2500    0.162618E+04   -0.613680E+03    0.111993E+04
    0.2550    0.165432E+04   -0.605565E+03    0.112994E+04
    0.2600    0.168068E+04   -0.596604E+03    0.113864E+04
    0.2650    0.170507E+04   -0.587383E+03    0.114623E+04
    0.2700    0.172734E+04   -0.578086E+03    0.115271E+04
    0.2750    0.174736E+04   -0.568586E+03    0.115797E+04
    0.2800    0.176505E+04   -0.558634E+03    0.116184E+04
    0.2850    0.178040E+04   -0.548041E+03    0.116422E+04
    0.2900    0.179351E+04   -0.536672E+03    0.116509E+04
    0.2950    0.180451E+04   -0.524083E+03    0.116430E+04
    0.3000    0.181362E+04   -0.515161E+03    0.116439E+04
    0.3050    0.182109E+04   -0.505171E+03    0.116313E+04
    0.3100    0.182715E+04   -0.495690E+03    0.116142E+04
    0.3150    0.183203E+04   -0.486899E+03    0.115946E+04
    0.3200    0.183592E+04   -0.478664E+03    0.115729E+04
    0.3250    0.183897E+04   -0.470731E+03    0.115485E+04
    0.3300    0.184128E+04   -0.462889E+03    0.115208E+04
    0.3350    0.184290E+04   -0.455131E+03    0.114901E+04
    0.3400    0.184386E+04   -0.447719E+03    0.114579E+04
    0.3450    0.184416E+04   -0.441182E+03    0.114267E+04
    0.3500    0.184383E+04   -0.436209E+03    0.114002E+04
    0.3550    0.184291E+04   -0.433500E+03    0.113820E+04
    0.3600    0.184147E+04   -0.433600E+03    0.113753E+04
    0.3650    0.183964E+04   -0.436793E+03    0.113822E+04
    0.3700    0.183761E+04   -0.443042E+03    0.114033E+04
    0.3750    0.183556E+04   -0.452032E+03    0.114380E+04
    0.3800    0.183372E+04   -0.463252E+03    0.114849E+04
    0.3850    0.183227E+04   -0.476112E+03    0.115419E+04
    0.3900    0.183137E+04   -0.490037E+03    0.116071E+04
    0.3950    0.183111E+04   -0.504523E+03    0.116782E+04
    0.4000    0.183149E+04   -0.519136E+03    0.117531E+04
    0.4050    0.183241E+04   -0.533470E+03    0.118294E+04
    0.4100    0.183367E+04   -0.547100E+03    0.119039E+04
    0.4150    0.183498E+04   -0.559517E+03    0.119725E+04
    0.4200    0.183599E+04   -0.570144E+03    0.120307E+04
    0.4250    0.183630E+04   -0.578370E+03    0.120733E+04
    0.4300    0.183552E+04   -0.583633E+03    0.120957E+04
    0.4350    0.183328E+04   -0.585503E+03    0.120939E+04
    0.4400    0.182930E+04   -0.583741E+03    0.120652E+04
    0.4450    0.182335E+04   -0.578311E+03    0.120083E+04
    0.4500    0.181536E+04   -0.569350E+03    0.119235E+04
    0.4550    0.180534E+04   -0.557119E+03    0.118123E+04
    0.4600    0.179346E+04   -0.541940E+03    0.116770E+04
    0.4650    0.177999E+04   -0.524151E+03    0.115207E+04
    0.4700    0.176529E+04   -0.504077E+03    0.113468E+04
    0.4750    0.174976E+04   -0.482020E+03    0.111589E+04
    0.4800    0.173382E+04   -0.458272E+03    0.109604E+04
    0.4850    0.171786E+04   -0.433147E+03    0.107551E+04
    0.4900    0.170222E+04   -0.407003E+03    0.105461E+04
    0.4950    0.168712E+04   -0.380257E+03    0.103369E+04
    0.5000    0.167269E+04   -0.353370E+03    0.101303E+04
    0.5050    0.165897E+04   -0.326825E+03    0.992899E+03
    0.5100    0.164590E+04   -0.301074E+03    0.973489E+03
    0.5150    0.163336E+04   -0.276510E+03    0.954934E+03
    0.5200    0.162118E+04   -0.253431E+03    0.937304E+03
    0.5250    0.160918E+04   -0.232037E+03    0.920606E+03
    0.5300    0.159719E+04   -0.212427E+03    0.904808E+03
    0.5350    0.158509E+04   -0.194613E+03    0.889850E+03
    0.5400    0.157279E+04   -0.178534E+03    0.875664E+03
    0.5450    0.156030E+04   -0.164061E+03    0.862179E+03
    0.5500    0.154764E+04   -0.150989E+03    0.849315E+03
    0.5550    0.153493E+04   -0.139028E+03    0.836977E+03
    0.5600    0.152226E+04   -0.127797E+03    0.825030E+03
    0.5650    0.150978E+04   -0.116825E+03    0.813300E+03
    0.5700    0.149756E+04   -0.105576E+03    0.801569E+03
    0.5750    0.148568E+04   -0.934881E+02    0.789585E+03
    0.5800    0.147414E+04   -0.800315E+02    0.777086E+03
    0.5850    0.146287E+04   -0.647631E+02    0.763816E+03
    0.5900    0.145172E+04   -0.473771E+02    0.749550E+03
    0.5950    0.144049E+04   -0.277308E+02    0.734111E+03
    0.6000    0.142890E+04   -0.585091E+01    0.717376E+03
    0.6050    0.141666E+04    0.180853E+02    0.699287E+03
    0.6100    0.140346E+04    0.437860E+02    0.679839E+03
    0.6150    0.138905E+04    0.708880E+02    0.659079E+03
    0.6200    0.137318E+04    0.990013E+02    0.637089E+03
    0.6250    0.135571E+04    0.127747E+03    0.613981E+03
    0.6300    0.133657E+04    0.156786E+03    0.589894E+03
    0.6350    0.131580E+04    0.185827E+03    0.564989E+03
    0.6400    0.129355E+04    0.214622E+03    0.539465E+03
    0.6450    0.127007E+04    0.242956E+03    0.513559E+03
    0.6500    0.124573E+04    0.270634E+03    0.487547E+03
    0.6550    0.122094E+04    0.297476E+03    0.461733E+03
    0.6600    0.119619E+04    0.323326E+03    0.436434E+03
    0.6650    0.117196E+04    0.348049E+03    0.411956E+03
    0.6700    0.114869E+04    0.371531E+03    0.388578E+03
    0.6750    0.112675E+04    0.393683E+03    0.366536E+03
    0.6800    0.110644E+04    0.414420E+03    0.346010E+03
    0.6850    0.108789E+04    0.433665E+03    0.327114E+03
    0.6900    0.107112E+04    0.451335E+03    0.309892E+03
    0.6950    0.105599E+04    0.467349E+03    0.294318E+03
    0.7000    0.104223E+04    0.481642E+03    0.280295E+03
    0.7050    0.102949E+04    0.494173E+03    0.267657E+03
    0.7100    0.101731E+04    0.504951E+03    0.256179E+03
    0.7150    0.100521E+04    0.514043E+03    0.245586E+03
    0.7200    0.992714E+03    0.521573E+03    0.235571E+03
    0.7250    0.979364E+03    0.527724E+03    0.225820E+03
    0.7300    0.964803E+03    0.532719E+03    0.216042E+03
    0.7350    0.948785E+03    0.536800E+03    0.205992E+03
    0.7400    0.931201E+03    0.540213E+03    0.195494E+03
    0.7450    0.912085E+03    0.543191E+03    0.184447E+03
    0.7500    0.891613E+03    0.545940E+03    0.172836E+03
    0.7550    0.870078E+03    0.548635E+03    0.160722E+03
    0.7600    0.847875E+03    0.551414E+03    0.148230E+03
    0.7650    0.825460E+03    0.554377E+03    0.135541E+03
    0.7700    0.803313E+03    0.557579E+03    0.122867E+03
    0.7750    0.781894E+03    0.561023E+03    0.110435E+03
    0.7800    0.761600E+03    0.564659E+03    0.984706E+02
    0.7850    0.742731E+03    0.568379E+03    0.871760E+02
    0.7900    0.725474E+03    0.572036E+03    0.767194E+02
    0.7950    0.709881E+03    0.575445E+03    0.672179E+02
    0.8000    0.695872E+03    0.578422E+03    0.587253E+02
    0.8050    0.683251E+03    0.580811E+03    0.512197E+02
    0.8100    0.671706E+03    0.582512E+03    0.445968E+02
    0.8150    0.660841E+03    0.583504E+03    0.386683E+02
    0.8200    0.650208E+03    0.583853E+03    0.331776E+02
    0.8250    0.639350E+03    0.583701E+03    0.278244E+02
    0.8300    0.627842E+03    0.583248E+03    0.222969E+02
    0.8350    0.615324E+03    0.582709E+03    0.163072E+02
    0.8400    0.601534E+03    0.582295E+03    0.961952E+01
    0.8450    0.586320E+03    0.582188E+03    0.206632E+01
    0.8500    0.569642E+03    0.582510E+03   -0.643411E+01
    0.8550    0.551586E+03    0.583331E+03   -0.158727E+02
    0.8600    0.532350E+03    0.584663E+03   -0.261565E+02
    0.8650    0.512224E+03    0.586449E+03   -0.371125E+02
    0.8700    0.491571E+03    0.588578E+03   -0.485038E+02
    0.8750    0.470801E+03    0.590896E+03   -0.600474E+02
    0.8800    0.450331E+03    0.593194E+03   -0.714316E+02
    0.8850    0.430559E+03    0.595238E+03   -0.823393E+02
    0.8900    0.411853E+03    0.596777E+03   -0.924622E+02
    0.8950    0.394497E+03    0.597535E+03   -0.101519E+03
    0.9000    0.378698E+03    0.597258E+03   -0.109280E+03
    0.9050    0.364552E+03    0.595696E+03   -0.115572E+03
    0.9100    0.352043E+03    0.592592E+03   -0.120275E+03
    0.9150    0.341056E+03    0.587683E+03   -0.123314E+03
    0.9200    0.331369E+03    0.580568E+03   -0.124600E+03
    0.9250    0.322682E+03    0.570485E+03   -0.123902E+03
    0.9300    0.314647E+03    0.555698E+03   -0.120526E+03
    0.9350    0.306888E+03    0.531092E+03   -0.112102E+03
    0.9400    0.298997E+03    0.469790E+03   -0.853966E+02
    0.9450    0.290630E+03    0.456194E+03   -0.827821E+02
    0.9500    0.281439E+03    0.485890E+03   -0.102226E+03
    0.9550    0.271159E+03    0.499255E+03   -0.114048E+03
    0.9600    0.259644E+03    0.507872E+03   -0.124114E+03
    0.9650    0.246830E+03    0.514707E+03   -0.133938E+03
    0.9700    0.232692E+03    0.520900E+03   -0.144104E+03
    0.9750    0.217316E+03    0.526996E+03   -0.154840E+03
    0.9800    0.200795E+03    0.533216E+03   -0.166211E+03
    0.9850    0.183183E+03    0.539600E+03   -0.178209E+03
    0.9900    0.164402E+03    0.546095E+03   -0.190846E+03
    0.9950    0.144053E+03    0.552586E+03   -0.204267E+03
    1.0000    0.121015E+03    0.558934E+03   -0.218959E+03
    1.0050    0.928300E+02    0.565013E+03   -0.236091E+03
    1.0100    0.577484E+02    0.570719E+03   -0.256485E+03
    1.0150    0.247739E+03    0.575966E+03   -0.164114E+03
    1.0200    0.762479E+03    0.580743E+03    0.908679E+02
    1.0250    0.748671E+03    0.585045E+03    0.818129E+02
    1.0300    0.646548E+03    0.588803E+03    0.288726E+02
    1.0350    0.523785E+03    0.591970E+03   -0.340926E+02
    1.0400    0.400467E+03    0.594411E+03   -0.969719E+02
    1.0450    0.284501E+03    0.595885E+03   -0.155692E+03
    1.0500    0.179258E+03    0.595839E+03   -0.208291E+03
    1.0550    0.861558E+02    0.592865E+03   -0.253354E+03
    1.0600    0.465875E+01    0.582445E+03   -0.288893E+03
    1.0650   -0.793391E+02    0.539877E+03   -0.309608E+03
    1.0700   -0.224319E+03    0.461457E+03   -0.342888E+03
    1.0750   -0.298975E+03    0.462679E+03   -0.380827E+03
    1.0800   -0.336261E+03    0.475136E+03   -0.405699E+03
    1.0850   -0.356763E+03    0.488178E+03   -0.422470E+03
    1.0900   -0.366683E+03    0.500537E+03   -0.433610E+03
    1.0950   -0.368986E+03    0.512093E+03   -0.440539E+03
    1.1000   -0.365513E+03    0.522931E+03   -0.444222E+03
    1.1050   -0.357604E+03    0.533196E+03   -0.445400E+03
    1.1100   -0.346312E+03    0.543022E+03   -0.444667E+03
    1.1150   -0.332557E+03    0.552540E+03   -0.442549E+03
    1.1200   -0.317077E+03    0.561851E+03   -0.439464E+03
    1.1250   -0.300544E+03    0.571009E+03   -0.435776E+03
    1.1300   -0.283567E+03    0.580042E+03   -0.431804E+03
    1.1350   -0.266653E+03    0.588931E+03   -0.427792E+03
    1.1400   -0.250261E+03    0.597594E+03   -0.423928E+03
    1.1450   -0.234790E+03    0.605935E+03   -0.420363E+03
    1.1500   -0.220538E+03    0.613815E+03   -0.417176E+03
    1.1550   -0.207747E+03    0.621065E+03   -0.414406E+03
    1.1600   -0.196591E+03    0.627551E+03   -0.412071E+03
    1.1650   -0.187115E+03    0.633101E+03   -0.410108E+03
    1.1700   -0.179328E+03    0.637634E+03   -0.408481E+03
    1.1750   -0.173132E+03    0.641098E+03   -0.407115E+03
    1.1800   -0.168319E+03    0.643474E+03   -0.405897E+03
    1.1850   -0.164659E+03    0.644849E+03   -0.404754E+03
    1.1900   -0.161852E+03    0.645337E+03   -0.403594E+03
    1.1950   -0.159537E+03    0.645105E+03   -0.402321E+03
    1.2000   -0.157393E+03    0.644360E+03   -0.400876E+03
    1.2050   -0.155090E+03    0.643287E+03   -0.399189E+03
    1.2100   -0.152358E+03    0.642104E+03   -0.397231E+03
    1.2150   -0.148978E+03    0.640984E+03   -0.394981E+03
    1.2200   -0.144824E+03    0.640088E+03   -0.392456E+03
    1.2250   -0.139857E+03    0.639559E+03   -0.389708E+03
    1.2300   -0.134131E+03    0.639479E+03   -0.386805E+03
    1.2350   -0.127808E+03    0.639930E+03   -0.383869E+03
    1.2400   -0.121093E+03    0.640936E+03   -0.381014E+03
    1.2450   -0.114238E+03    0.642476E+03   -0.378357E+03
    1.2500   -0.107541E+03    0.644508E+03   -0.376024E+03
    1.2550   -0.101288E+03    0.646941E+03   -0.374114E+03
    1.2600   -0.957435E+02    0.649655E+03   -0.372699E+03
    1.2650   -0.911302E+02    0.652513E+03   -0.371822E+03
    1.2700   -0.875873E+02    0.655356E+03   -0.371472E+03
    1.2750   -0.851814E+02    0.658019E+03   -0.371600E+03
    1.2800   -0.839151E+02    0.660374E+03   -0.372145E+03
    1.2850   -0.836860E+02    0.662270E+03   -0.372978E+03
    1.2900   -0.843465E+02    0.663604E+03   -0.373975E+03
    1.2950   -0.856994E+02    0.664292E+03   -0.374996E+03
    1.3000   -0.875292E+02    0.664290E+03   -0.375909E+03
    1.3050   -0.896222E+02    0.663597E+03   -0.376609E+03
    1.3100   -0.918128E+02    0.662243E+03   -0.377028E+03
    1.3150   -0.939736E+02    0.660306E+03   -0.377140E+03
    1.3200   -0.960450E+02    0.657885E+03   -0.376965E+03
    1.3250   -0.980776E+02    0.655120E+03   -0.376599E+03
    1.3300   -0.100170E+03    0.652154E+03   -0.376162E+03
    1.3350   -0.102506E+03    0.649139E+03   -0.375822E+03
    1.3400   -0.105313E+03    0.646227E+03   -0.375770E+03
    1.3450   -0.108848E+03    0.643537E+03   -0.376193E+03
    1.3500   -0.113362E+03    0.641181E+03   -0.377271E+03
    1.3550   -0.119073E+03    0.639232E+03   -0.379152E+03
    1.3600   -0.126142E+03    0.637740E+03   -0.381941E+03
    1.3650   -0.134651E+03    0.636741E+03   -0.385696E+03
    1.3700   -0.144595E+03    0.636245E+03   -0.390420E+03
    1.3750   -0.155873E+03    0.636266E+03   -0.396069E+03
    1.3800   -0.168305E+03    0.636797E+03   -0.402551E+03
    1.3850   -0.181655E+03    0.637833E+03   -0.409744E+03
    1.3900   -0.195637E+03    0.639337E+03   -0.417487E+03
    1.3950   -0.209988E+03    0.641279E+03   -0.425634E+03
    1.4000   -0.224448E+03    0.643590E+03   -0.434019E+03
    1.4050   -0.238815E+03    0.646188E+03   -0.442502E+03
    1.4100   -0.252965E+03    0.648973E+03   -0.450969E+03
    1.4150   -0.266871E+03    0.651822E+03   -0.459346E+03
    1.4200   -0.280594E+03    0.654606E+03   -0.467600E+03
    1.4250   -0.294298E+03    0.657178E+03   -0.475738E+03
    1.4300   -0.308212E+03    0.659400E+03   -0.483806E+03
    1.4350   -0.322627E+03    0.661129E+03   -0.491878E+03
    1.4400   -0.337857E+03    0.662246E+03   -0.500052E+03
    1.4450   -0.354209E+03    0.662643E+03   -0.508426E+03
    1.4500   -0.371970E+03    0.662248E+03   -0.517109E+03
    1.4550   -0.391354E+03    0.661017E+03   -0.526186E+03
    1.4600   -0.412510E+03    0.658945E+03   -0.535727E+03
    1.4650   -0.435492E+03    0.656063E+03   -0.545778E+03
    1.4700   -0.460273E+03    0.652440E+03   -0.556356E+03
    1.4750   -0.486736E+03    0.648168E+03   -0.567452E+03
    1.4800   -0.514720E+03    0.643367E+03   -0.579044E+03
    1.4850   -0.544013E+03    0.638159E+03   -0.591086E+03
    1.4900   -0.574416E+03    0.632671E+03   -0.603544E+03
    1.4950   -0.605741E+03    0.627011E+03   -0.616376E+03
    1.5000   -0.637858E+03    0.621265E+03   -0.629562E+03
    1.5050   -0.670714E+03    0.615493E+03   -0.643104E+03
    1.5100   -0.704338E+03    0.609714E+03   -0.657026E+03
    1.5150   -0.738857E+03    0.603920E+03   -0.671388E+03
    1.5200   -0.774478E+03    0.598067E+03   -0.686273E+03
    1.5250   -0.811478E+03    0.592094E+03   -0.701786E+03
    1.5300   -0.850175E+03    0.585923E+03   -0.718049E+03
    1.5350   -0.890898E+03    0.579484E+03   -0.735191E+03
    1.5400   -0.933946E+03    0.572671E+03   -0.753309E+03
    1.5450   -0.979573E+03    0.565413E+03   -0.772493E+03
    1.5500   -0.102796E+04    0.557673E+03   -0.792816E+03
    1.5550   -0.107919E+04    0.549416E+03   -0.814304E+03
    1.5600   -0.113326E+04    0.540621E+03   -0.836941E+03
    1.5650   -0.119005E+04    0.531290E+03   -0.860672E+03
    1.5700   -0.124936E+04    0.521428E+03   -0.885396E+03
    1.5750   -0.131091E+04    0.511054E+03   -0.910983E+03
    1.5800   -0.137437E+04    0.500185E+03   -0.937275E+03
    1.5850   -0.143938E+04    0.488844E+03   -0.964113E+03
    1.5900   -0.150563E+04    0.477046E+03   -0.991337E+03
    1.5950   -0.157282E+04    0.464817E+03   -0.101882E+04
    1.6000   -0.164075E+04    0.452173E+03   -0.104646E+04
    1.6050   -0.170929E+04    0.439145E+03   -0.107422E+04
    1.6100   -0.177843E+04    0.425759E+03   -0.110209E+04
    1.6150   -0.184822E+04    0.412061E+03   -0.113014E+04
    1.6200   -0.191885E+04    0.398095E+03   -0.115847E+04
    1.6250   -0.199054E+04    0.383920E+03   -0.118723E+04
    1.6300   -0.206357E+04    0.369594E+03   -0.121658E+04
    1.6350   -0.213826E+04    0.355183E+03   -0.124672E+04
    1.6400   -0.221488E+04    0.340742E+03   -0.127781E+04
    1.6450   -0.229368E+04    0.326321E+03   -0.131000E+04
    1.6500   -0.237482E+04    0.311951E+03   -0.134339E+04
    1.6550   -0.245835E+04    0.297640E+03   -0.137800E+04
    1.6600   -0.254419E+04    0.283378E+03   -0.141378E+04
    1.6650   -0.263204E+04    0.269138E+03   -0.145059E+04
    1.6700   -0.272139E+04    0.254874E+03   -0.148813E+04
    1.6750   -0.281135E+04    0.240530E+03   -0.152594E+04
    1.6800   -0.290055E+04    0.226045E+03   -0.156330E+04
    1.6850   -0.298695E+04    0.211370E+03   -0.159916E+04
    1.6900   -0.306780E+04    0.196464E+03   -0.163213E+04
    1.6950   -0.314026E+04    0.181316E+03   -0.166079E+04
    1.7000   -0.320350E+04    0.165939E+03   -0.168472E+04
    1.7050   -0.326191E+04    0.150382E+03   -0.170615E+04
    1.7100   -0.332513E+04    0.134728E+03   -0.172993E+04
    1.7150   -0.340246E+04    0.119090E+03   -0.176077E+04
    1.7200   -0.349783E+04    0.103612E+03   -0.180072E+04
    1.7250   -0.361005E+04    0.884583E+02   -0.184925E+04
    1.7300   -0.373551E+04    0.738047E+02   -0.190466E+04
    1.7350   -0.387017E+04    0.598285E+02   -0.196500E+04
    1.7400   -0.401046E+04    0.466971E+02   -0.202858E+04
    1.7450   -0.415349E+04    0.345607E+02   -0.209403E+04
    1.7500   -0.429707E+04    0.235357E+02   -0.216030E+04
    1.7550   -0.443962E+04    0.137128E+02   -0.222667E+04
    1.7600   -0.458006E+04    0.513730E+01   -0.229260E+04
    1.7650   -0.471774E+04   -0.217415E+01   -0.235778E+04
    1.7700   -0.485237E+04   -0.824637E+01   -0.242206E+04
    1.7750   -0.498393E+04   -0.131268E+02   -0.248540E+04
    1.7800   -0.511266E+04   -0.168887E+02   -0.254789E+04
    1.7850   -0.523893E+04   -0.196167E+02   -0.260966E+04
    1.7900   -0.536324E+04   -0.214021E+02   -0.267092E+04
    1.7950   -0.548611E+04   -0.223302E+02   -0.273189E+04
    1.8000   -0.560804E+04   -0.224822E+02   -0.279278E+04
    1.8050   -0.572947E+04   -0.219193E+02   -0.285378E+04
    1.8100   -0.585072E+04   -0.206944E+02   -0.291502E+04
    1.8150   -0.597197E+04   -0.188360E+02   -0.297657E+04
    1.8200   -0.609322E+04   -0.163617E+02   -0.303843E+04
    1.8250   -0.621431E+04   -0.132800E+02   -0.310052E+04
    1.8300   -0.633494E+04   -0.954576E+01   -0.316270E+04
    1.8350   -0.645467E+04   -0.518963E+01   -0.322474E+04
    1.8400   -0.657299E+04   -0.173080E+00   -0.328641E+04
    1.8450   -0.668933E+04    0.553267E+01   -0.334743E+04
    1.8500   -0.680315E+04    0.119605E+02   -0.340756E+04
    1.8550   -0.691398E+04    0.191553E+02   -0.346657E+04
    1.8600   -0.702140E+04    0.271345E+02   -0.352427E+04
    1.8650   -0.712518E+04    0.359503E+02   -0.358057E+04
    1.8700   -0.722521E+04    0.456585E+02   -0.363543E+04
    1.8750   -0.732152E+04    0.563180E+02   -0.368892E+04
    1.8800   -0.741432E+04    0.679947E+02   -0.374116E+04
    1.8850   -0.750391E+04    0.807381E+02   -0.379232E+04
    1.8900   -0.759070E+04    0.946000E+02   -0.384265E+04
    1.8950   -0.767513E+04    0.109653E+03   -0.389239E+04
    1.9000   -0.775766E+04    0.125903E+03   -0.394178E+04
    1.9050   -0.783867E+04    0.143358E+03   -0.399101E+04
    1.9100   -0.791850E+04    0.161969E+03   -0.404023E+04
    1.9150   -0.799733E+04    0.181656E+03   -0.408949E+04
    1.9200   -0.807524E+04    0.202297E+03   -0.413877E+04
    1.9250   -0.815211E+04    0.223716E+03   -0.418791E+04
    1.9300   -0.822773E+04    0.245711E+03   -0.423672E+04
    1.9350   -0.830171E+04    0.268051E+03   -0.428488E+04
    1.9400   -0.837356E+04    0.290485E+03   -0.433203E+04
    1.9450   -0.844273E+04    0.312760E+03   -0.437774E+04
    1.9500   -0.850855E+04    0.334637E+03   -0.442160E+04
    1.9550   -0.857038E+04    0.355870E+03   -0.446313E+04
    1.9600   -0.862758E+04    0.376283E+03   -0.450193E+04
    1.9650   -0.867957E+04    0.395737E+03   -0.453765E+04
    1.9700   -0.872585E+04    0.414151E+03   -0.457000E+04
    1.9750   -0.876603E+04    0.431501E+03   -0.459877E+04
    1.9800   -0.879985E+04    0.447820E+03   -0.462384E+04
    1.9850   -0.882713E+04    0.463191E+03   -0.464516E+04
    1.9900   -0.884784E+04    0.477747E+03   -0.466280E+04
    1.9950   -0.886201E+04    0.491615E+03   -0.467681E+04
    2.0000   -0.886973E+04    0.504966E+03   -0.468735E+04
    2.0050   -0.887117E+04    0.517928E+03   -0.469455E+04
    2.0100   -0.886645E+04    0.530635E+03   -0.469854E+04
    2.0150   -0.885571E+04    0.543169E+03   -0.469944E+04
    2.0200   -0.883904E+04    0.555567E+03   -0.469730E+04
    2.0250   -0.881642E+04    0.567812E+03   -0.469212E+04
    2.0300   -0.878780E+04    0.579836E+03   -0.468382E+04
    2.0350   -0.875305E+04    0.591525E+03   -0.467229E+04
    2.0400   -0.871193E+04    0.602715E+03   -0.465732E+04
    2.0450   -0.866419E+04    0.613226E+03   -0.463871E+04
    2.0500   -0.860954E+04    0.622864E+03   -0.461620E+04
    2.0550   -0.854768E+04    0.631416E+03   -0.458955E+04
    2.0600   -0.847834E+04    0.638702E+03   -0.455852E+04
    2.0650   -0.840128E+04    0.644556E+03   -0.452292E+04
    2.0700   -0.831635E+04    0.648843E+03   -0.448260E+04
    2.0750   -0.822349E+04    0.651464E+03   -0.443748E+04
    2.0800   -0.812270E+04    0.652355E+03   -0.438753E+04
    2.0850   -0.801412E+04    0.651487E+03   -0.433281E+04
    2.0900   -0.789797E+04    0.648859E+03   -0.427341E+04
    2.0950   -0.777456E+04    0.644492E+03   -0.420952E+04
    2.1000   -0.764427E+04    0.638425E+03   -0.414135E+04
    2.1050   -0.750759E+04    0.630705E+03   -0.406915E+04
    2.1100   -0.736500E+04    0.621382E+03   -0.399319E+04
    2.1150   -0.721704E+04    0.610508E+03   -0.391377E+04
    2.1200   -0.706424E+04    0.598128E+03   -0.383119E+04
    2.1250   -0.690715E+04    0.584282E+03   -0.374571E+04
    2.1300   -0.674622E+04    0.569002E+03   -0.365761E+04
    2.1350   -0.658197E+04    0.552327E+03   -0.356715E+04
    2.1400   -0.641480E+04    0.534293E+03   -0.347454E+04
    2.1450   -0.624509E+04    0.514944E+03   -0.338001E+04
    2.1500   -0.607320E+04    0.494336E+03   -0.328377E+04
    2.1550   -0.589952E+04    0.472553E+03   -0.318604E+04
    2.1600   -0.572443E+04    0.449683E+03   -0.308706E+04
    2.1650   -0.554840E+04    0.425821E+03   -0.298711E+04
    2.1700   -0.537199E+04    0.401067E+03   -0.288653E+04
    2.1750   -0.519596E+04    0.375514E+03   -0.278574E+04
    2.1800   -0.502129E+04    0.349252E+03   -0.268527E+04
    2.1850   -0.484925E+04    0.322339E+03   -0.258580E+04
    2.1900   -0.468110E+04    0.294811E+03   -0.248796E+04
    2.1950   -0.451651E+04    0.266672E+03   -0.239159E+04
    2.2000   -0.434955E+04    0.237895E+03   -0.229372E+04
    2.2050   -0.416785E+04    0.208426E+03   -0.218814E+04
    2.2100   -0.396603E+04    0.178185E+03   -0.207211E+04
    2.2150   -0.375224E+04    0.147080E+03   -0.194966E+04
    2.2200   -0.353649E+04    0.115012E+03   -0.182575E+04
    2.2250   -0.332416E+04    0.818895E+02   -0.170303E+04
    2.2300   -0.311687E+04    0.476336E+02   -0.158225E+04
    2.2350   -0.291427E+04    0.121882E+02   -0.146323E+04
    2.2400   -0.271518E+04   -0.244711E+02   -0.134535E+04
    2.2450   -0.251813E+04   -0.623362E+02   -0.122789E+04
    2.2500   -0.232174E+04   -0.101380E+03   -0.111018E+04
    2.2550   -0.212479E+04   -0.141537E+03   -0.991628E+03
    2.2600   -0.192633E+04   -0.182724E+03   -0.871803E+03
    2.2650   -0.172573E+04   -0.224850E+03   -0.750441E+03
    2.2700   -0.152266E+04   -0.267800E+03   -0.627431E+03
    2.2750   -0.131716E+04   -0.311476E+03   -0.502843E+03
    2.2800   -0.110957E+04   -0.355780E+03   -0.376893E+03
    2.2850   -0.900486E+03   -0.400620E+03   -0.249933E+03
    2.2900   -0.690757E+03   -0.445926E+03   -0.122415E+03
    2.2950   -0.481373E+03   -0.491627E+03    0.512672E+01
    2.3000   -0.273428E+03   -0.537715E+03    0.132143E+03
    2.3050   -0.680308E+02   -0.584232E+03    0.258100E+03
    2.3100    0.133741E+03   -0.631277E+03    0.382509E+03
    2.3150    0.330901E+03   -0.678997E+03    0.504949E+03
    2.3200    0.522589E+03   -0.727568E+03    0.625079E+03
    2.3250    0.708121E+03   -0.777174E+03    0.742648E+03
    2.3300    0.887019E+03   -0.827998E+03    0.857509E+03
    2.3350    0.105904E+04   -0.880212E+03    0.969625E+03
    2.3400    0.122416E+04   -0.933983E+03    0.107907E+04
    2.3450    0.138261E+04   -0.989476E+03    0.118604E+04
    2.3500    0.153479E+04   -0.104687E+04    0.129083E+04
    2.3550    0.168124E+04   -0.110637E+04    0.139380E+04
    2.3600    0.182265E+04   -0.116822E+04    0.149543E+04
    2.3650    0.195961E+04   -0.123260E+04    0.159610E+04
    2.3700    0.209281E+04   -0.129976E+04    0.169628E+04
    2.3750    0.222282E+04   -0.136999E+04    0.179640E+04
    2.3800    0.235007E+04   -0.144342E+04    0.189675E+04
    2.3850    0.247485E+04   -0.152002E+04    0.199744E+04
    2.3900    0.259727E+04   -0.159947E+04    0.209837E+04
    2.3950    0.271728E+04   -0.168101E+04    0.219914E+04
    2.4000    0.283470E+04   -0.176336E+04    0.229903E+04
    2.4050    0.294926E+04   -0.184466E+04    0.239696E+04
    2.4100    0.306064E+04   -0.192258E+04    0.249161E+04
    2.4150    0.316851E+04   -0.199474E+04    0.258162E+04
    2.4200    0.327260E+04   -0.205881E+04    0.266570E+04
    2.4250    0.337272E+04   -0.211346E+04    0.274309E+04
    2.4300    0.346884E+04   -0.215832E+04    0.281358E+04
    2.4350    0.356107E+04   -0.219392E+04    0.287750E+04
    2.4400    0.364970E+04   -0.222148E+04    0.293559E+04
    2.4450    0.373512E+04   -0.224251E+04    0.298881E+04
    2.4500    0.381785E+04   -0.225857E+04    0.303821E+04
    2.4550    0.389847E+04   -0.227106E+04    0.308476E+04
    2.4600    0.397757E+04   -0.228108E+04    0.312932E+04
    2.4650    0.405571E+04   -0.228939E+04    0.317255E+04
    2.4700    0.413336E+04   -0.229649E+04    0.321492E+04
    2.4750    0.421085E+04   -0.230255E+04    0.325670E+04
    2.4800    0.428839E+04   -0.230754E+04    0.329797E+04
    2.4850    0.436600E+04   -0.231119E+04    0.333860E+04
    2.4900    0.444357E+04   -0.231305E+04    0.337831E+04
    2.4950    0.452083E+04   -0.231257E+04    0.341670E+04
    2.5000    0.459736E+04   -0.230912E+04    0.345324E+04
    2.5050    0.467265E+04   -0.230207E+04    0.348736E+04
    2.5100    0.474608E+04   -0.229087E+04    0.351848E+04
    2.5150    0.481700E+04   -0.227511E+04    0.354606E+04
    2.5200    0.488478E+04   -0.225448E+04    0.356963E+04
    2.5250    0.494880E+04   -0.222891E+04    0.358886E+04
    2.5300    0.500857E+04   -0.219848E+04    0.360353E+04
    2.5350    0.506369E+04   -0.216347E+04    0.361358E+04
    2.5400    0.511389E+04   -0.212437E+04    0.361913E+04
    2.5450    0.515905E+04   -0.208181E+04    0.362043E+04
    2.5500    0.519915E+04   -0.203660E+04    0.361787E+04
    2.5550    0.523433E+04   -0.198965E+04    0.361199E+04
    2.5600    0.526479E+04   -0.194198E+04    0.360338E+04
    2.5650    0.529084E+04   -0.189462E+04    0.359273E+04
    2.5700    0.531284E+04   -0.184861E+04    0.358073E+04
    2.5750    0.533117E+04   -0.180495E+04    0.356806E+04
    2.5800    0.534627E+04   -0.176453E+04    0.355540E+04
    2.5850    0.535854E+04   -0.172810E+04    0.354332E+04
    2.5900    0.536839E+04   -0.169627E+04    0.353233E+04
    2.5950    0.537620E+04   -0.166945E+04    0.352282E+04
    2.6000    0.538228E+04   -0.164784E+04    0.351506E+04
    2.6050    0.538691E+04   -0.163145E+04    0.350918E+04
    2.6100    0.539028E+04   -0.162012E+04    0.350520E+04
    2.6150    0.539249E+04   -0.161348E+04    0.350298E+04
    2.6200    0.539355E+04   -0.161104E+04    0.350229E+04
    2.6250    0.539336E+04   -0.161220E+04    0.350278E+04
    2.6300    0.539172E+04   -0.161629E+04    0.350400E+04
    2.6350    0.538831E+04   -0.162259E+04    0.350545E+04
    2.6400    0.538272E+04   -0.163042E+04    0.350657E+04
    2.6450    0.537447E+04   -0.163910E+04    0.350679E+04
    2.6500    0.536303E+04   -0.164805E+04    0.350554E+04
    2.6550    0.534782E+04   -0.165678E+04    0.350230E+04
    2.6600    0.532834E+04   -0.166484E+04    0.349659E+04
    2.6650    0.530412E+04   -0.167196E+04    0.348804E+04
    2.6700    0.527483E+04   -0.167795E+04    0.347639E+04
    2.6750    0.524025E+04   -0.168272E+04    0.346148E+04
    2.6800    0.520035E+04   -0.168628E+04    0.344332E+04
    2.6850    0.515529E+04   -0.168870E+04    0.342199E+04
    2.6900    0.510537E+04   -0.169014E+04    0.339776E+04
    2.6950    0.505105E+04   -0.169084E+04    0.337095E+04
    2.7000    0.499290E+04   -0.169108E+04    0.334199E+04
    2.7050    0.493155E+04   -0.169122E+04    0.331138E+04
    2.7100    0.486766E+04   -0.169161E+04    0.327964E+04
    2.7150    0.480185E+04   -0.169266E+04    0.324726E+04
    2.7200    0.473464E+04   -0.169476E+04    0.321470E+04
    2.7250    0.466641E+04   -0.169831E+04    0.318236E+04
    2.7300    0.459736E+04   -0.170365E+04    0.315050E+04
    2.7350    0.452748E+04   -0.171113E+04    0.311930E+04
    2.7400    0.445655E+04   -0.172099E+04    0.308877E+04
    2.7450    0.438418E+04   -0.173344E+04    0.305881E+04
    2.7500    0.430981E+04   -0.174862E+04    0.302922E+04
    2.7550    0.423278E+04   -0.176657E+04    0.299967E+04
    2.7600    0.415238E+04   -0.178725E+04    0.296982E+04
    2.7650    0.406795E+04   -0.181055E+04    0.293925E+04
    2.7700    0.397888E+04   -0.183628E+04    0.290758E+04
    2.7750    0.388477E+04   -0.186416E+04    0.287446E+04
    2.7800    0.378536E+04   -0.189386E+04    0.283961E+04
    2.7850    0.368064E+04   -0.192502E+04    0.280283E+04
    2.7900    0.357084E+04   -0.195723E+04    0.276404E+04
    2.7950    0.345637E+04   -0.199012E+04    0.272325E+04
    2.8000    0.333784E+04   -0.202330E+04    0.268057E+04
    2.8050    0.321596E+04   -0.205637E+04    0.263616E+04
    2.8100    0.309151E+04   -0.208901E+04    0.259026E+04
    2.8150    0.296525E+04   -0.212098E+04    0.254312E+04
    2.8200    0.283787E+04   -0.215208E+04    0.249497E+04
    2.8250    0.270992E+04   -0.218215E+04    0.244603E+04
    2.8300    0.258179E+04   -0.221114E+04    0.239647E+04
    2.8350    0.245369E+04   -0.223907E+04    0.234638E+04
    2.8400    0.232563E+04   -0.226600E+04    0.229582E+04
    2.8450    0.219747E+04   -0.229206E+04    0.224476E+04
    2.8500    0.206893E+04   -0.231741E+04    0.219317E+04
    2.8550    0.193968E+04   -0.234223E+04    0.214096E+04
    2.8600    0.180935E+04   -0.236674E+04    0.208805E+04
    2.8650    0.167765E+04   -0.239113E+04    0.203439E+04
    2.8700    0.154434E+04   -0.241560E+04    0.197997E+04
    2.8750    0.140936E+04   -0.244028E+04    0.192482E+04
    2.8800    0.127276E+04   -0.246537E+04    0.186906E+04
    2.8850    0.113476E+04   -0.249100E+04    0.181288E+04
    2.8900    0.995700E+03   -0.251728E+04    0.175649E+04
    2.8950    0.856033E+03   -0.254432E+04    0.170018E+04
    2.9000    0.716269E+03   -0.257218E+04    0.164422E+04
    2.9050    0.576914E+03   -0.260093E+04    0.158892E+04
    2.9100    0.438444E+03   -0.263055E+04    0.153450E+04
    2.9150    0.301244E+03   -0.266104E+04    0.148114E+04
    2.9200    0.165594E+03   -0.269237E+04    0.142898E+04
    2.9250    0.316300E+02   -0.272446E+04    0.137804E+04
    2.9300   -0.100624E+03   -0.275721E+04    0.132829E+04
    2.9350   -0.231287E+03   -0.279050E+04    0.127961E+04
    2.9400   -0.360481E+03   -0.282411E+04    0.123181E+04
    2.9450   -0.488432E+03   -0.285786E+04    0.118472E+04
    2.9500   -0.615304E+03   -0.289155E+04    0.113813E+04
    2.9550   -0.741213E+03   -0.292496E+04    0.109187E+04
    2.9600   -0.866151E+03   -0.295783E+04    0.104584E+04
    2.9650   -0.989982E+03   -0.298996E+04    0.999988E+03
    2.9700   -0.111243E+04   -0.302111E+04    0.954340E+03
    2.9750   -0.123309E+04   -0.305110E+04    0.909006E+03
    2.9800   -0.135146E+04   -0.307977E+04    0.864155E+03
    2.9850   -0.146696E+04   -0.310697E+04    0.820007E+03
    2.9900   -0.157905E+04   -0.313263E+04    0.776790E+03
    2.9950   -0.168723E+04   -0.315668E+04    0.734725E+03
    3.0000   -0.179115E+04   -0.317908E+04    0.693967E+03
    3.0050   -0.189062E+04   -0.319980E+04    0.654591E+03
    3.0100   -0.198573E+04   -0.321887E+04    0.616568E+03
    3.0150   -0.207679E+04   -0.323620E+04    0.579706E+03
    3.0200   -0.216441E+04   -0.325169E+04    0.543638E+03
    3.0250   -0.224941E+04   -0.326518E+04    0.507883E+03
    3.0300   -0.233281E+04   -0.327641E+04    0.471799E+03
    3.0350   -0.241573E+04   -0.328501E+04    0.434638E+03
    3.0400   -0.249907E+04   -0.329050E+04    0.395715E+03
    3.0450   -0.258303E+04   -0.329239E+04    0.354678E+03
    3.0500   -0.266579E+04   -0.329050E+04    0.312355E+03
    3.0550   -0.274105E+04   -0.328601E+04    0.272480E+03
    3.0600   -0.279359E+04   -0.328523E+04    0.245819E+03
    3.0650   -0.279426E+04   -0.331450E+04    0.260121E+03
    3.0700   -0.270114E+04   -0.350261E+04    0.400733E+03
    3.0750   -0.247966E+04   -0.447356E+04    0.996949E+03
    3.0800   -0.213784E+04   -0.483568E+04    0.134892E+04
    3.0850   -0.196465E+04   -0.472998E+04    0.138267E+04
    3.0900   -0.225999E+04   -0.457058E+04    0.115529E+04
    3.0950   -0.237880E+04   -0.441787E+04    0.101954E+04
    3.1000   -0.246700E+04   -0.429167E+04    0.912335E+03
    3.1050   -0.254606E+04   -0.419814E+04    0.826042E+03
    3.1100   -0.261935E+04   -0.413686E+04    0.758756E+03
    3.1150   -0.268602E+04   -0.410475E+04    0.709364E+03
    3.1200   -0.274443E+04   -0.409785E+04    0.676711E+03
    3.1250   -0.279323E+04   -0.411205E+04    0.659413E+03
    3.1300   -0.283167E+04   -0.414333E+04    0.655831E+03
    3.1350   -0.285953E+04   -0.418784E+04    0.664154E+03
    3.1400   -0.287697E+04   -0.424184E+04    0.682435E+03
    3.1450   -0.288439E+04   -0.430185E+04    0.708733E+03
    3.1500   -0.288229E+04   -0.436462E+04    0.741165E+03
    3.1550   -0.287117E+04   -0.442716E+04    0.777993E+03
    3.1600   -0.285144E+04   -0.448680E+04    0.817681E+03
    3.1650   -0.282334E+04   -0.454122E+04    0.858939E+03
    3.1700   -0.278700E+04   -0.458850E+04    0.900752E+03
    3.1750   -0.274236E+04   -0.462713E+04    0.942386E+03
    3.1800   -0.268926E+04   -0.465604E+04    0.983388E+03
    3.1850   -0.262744E+04   -0.467455E+04    0.102356E+04
    3.1900   -0.255661E+04   -0.468245E+04    0.106292E+04
    3.1950   -0.247648E+04   -0.467988E+04    0.110170E+04
    3.2000   -0.238682E+04   -0.466733E+04    0.114026E+04
    3.2050   -0.228749E+04   -0.464564E+04    0.117908E+04
    3.2100   -0.217847E+04   -0.461584E+04    0.121869E+04
    3.2150   -0.205987E+04   -0.457919E+04    0.125966E+04
    3.2200   -0.193193E+04   -0.453706E+04    0.130256E+04
    3.2250   -0.179500E+04   -0.449087E+04    0.134793E+04
    3.2300   -0.164953E+04   -0.444205E+04    0.139626E+04
    3.2350   -0.149602E+04   -0.439195E+04    0.144797E+04
    3.2400   -0.133500E+04   -0.434184E+04    0.150342E+04
    3.2450   -0.116701E+04   -0.429283E+04    0.156291E+04
    3.2500   -0.992562E+03   -0.424584E+04    0.162664E+04
    3.2550   -0.812097E+03   -0.420158E+04    0.169474E+04
    3.2600   -0.626038E+03   -0.416064E+04    0.176730E+04
    3.2650   -0.434689E+03   -0.412335E+04    0.184433E+04
    3.2700   -0.238303E+03   -0.408979E+04    0.192574E+04
    3.2750   -0.370633E+02   -0.405988E+04    0.201141E+04
    3.2800    0.168923E+03   -0.403338E+04    0.210115E+04
    3.2850    0.379567E+03   -0.400986E+04    0.219471E+04
    3.2900    0.594828E+03   -0.398873E+04    0.229178E+04
    3.2950    0.814660E+03   -0.396931E+04    0.239198E+04
    3.3000    0.103902E+04   -0.395080E+04    0.249491E+04
    3.3050    0.126785E+04   -0.393234E+04    0.260009E+04
    3.3100    0.150106E+04   -0.391303E+04    0.270704E+04
    3.3150    0.173850E+04   -0.389196E+04    0.281523E+04
    3.3200    0.197998E+04   -0.386825E+04    0.292412E+04
    3.3250    0.222523E+04   -0.384108E+04    0.303315E+04
    3.3300    0.247390E+04   -0.380968E+04    0.314179E+04
    3.3350    0.272559E+04   -0.377342E+04    0.324950E+04
    3.3400    0.297977E+04   -0.373177E+04    0.335577E+04
    3.3450    0.323585E+04   -0.368436E+04    0.346010E+04
    3.3500    0.349314E+04   -0.363093E+04    0.356204E+04
    3.3550    0.375087E+04   -0.357140E+04    0.366113E+04
    3.3600    0.400823E+04   -0.350576E+04    0.375699E+04
    3.3650    0.426434E+04   -0.343414E+04    0.384924E+04
    3.3700    0.451833E+04   -0.335673E+04    0.393753E+04
    3.3750    0.476932E+04   -0.327378E+04    0.402155E+04
    3.3800    0.501651E+04   -0.318552E+04    0.410102E+04
    3.3850    0.525915E+04   -0.309216E+04    0.417566E+04
    3.3900    0.549664E+04   -0.299383E+04    0.424524E+04
    3.3950    0.572850E+04   -0.289062E+04    0.430956E+04
    3.4000    0.595441E+04   -0.278252E+04    0.436847E+04
    3.4050    0.617421E+04   -0.266956E+04    0.442189E+04
    3.4100    0.638791E+04   -0.255187E+04    0.446989E+04
    3.4150    0.659564E+04   -0.242989E+04    0.451276E+04
    3.4200    0.679763E+04   -0.230453E+04    0.455108E+04
    3.4250    0.699421E+04   -0.217727E+04    0.458574E+04
    3.4300    0.718569E+04   -0.205017E+04    0.461793E+04
    3.4350    0.737234E+04   -0.192552E+04    0.464893E+04
    3.4400    0.755444E+04   -0.180579E+04    0.468011E+04
    3.4450    0.773203E+04   -0.169268E+04    0.471235E+04
    3.4500    0.790509E+04   -0.158759E+04    0.474634E+04
    3.4550    0.807344E+04   -0.149121E+04    0.478233E+04
    3.4600    0.823678E+04   -0.140368E+04    0.482023E+04
    3.4650    0.839470E+04   -0.132471E+04    0.485970E+04
    3.4700    0.854674E+04   -0.125381E+04    0.490027E+04
    3.4750    0.869251E+04   -0.119020E+04    0.494135E+04
    3.4800    0.883168E+04   -0.113335E+04    0.498252E+04
    3.4850    0.896409E+04   -0.108253E+04    0.502331E+04
    3.4900    0.908981E+04   -0.103712E+04    0.506346E+04
    3.4950    0.920907E+04   -0.996608E+03    0.510284E+04
    3.5000    0.932225E+04   -0.960377E+03    0.514132E+04
    3.5050    0.942947E+04   -0.928044E+03    0.517876E+04
    3.5100    0.953022E+04   -0.899231E+03    0.521473E+04
    3.5150    0.962300E+04   -0.873603E+03    0.524830E+04
    3.5200    0.970522E+04   -0.850880E+03    0.527805E+04
    3.5250    0.977373E+04   -0.830843E+03    0.530229E+04
    3.5300    0.982581E+04   -0.813332E+03    0.531957E+04
    3.5350    0.986003E+04   -0.798244E+03    0.532914E+04
    3.5400    0.987659E+04   -0.785545E+03    0.533107E+04
    3.5450    0.987707E+04   -0.775263E+03    0.532617E+04
    3.5500    0.986385E+04   -0.767479E+03    0.531567E+04
    3.5550    0.983959E+04   -0.762332E+03    0.530096E+04
    3.5600    0.980676E+04   -0.760000E+03    0.528338E+04
    3.5650    0.976748E+04   -0.760692E+03    0.526409E+04
    3.5700    0.972337E+04   -0.764633E+03    0.524400E+04
    3.5750    0.967551E+04   -0.772060E+03    0.522379E+04
    3.5800    0.962461E+04   -0.783192E+03    0.520390E+04
    3.5850    0.957095E+04   -0.798242E+03    0.518460E+04
    3.5900    0.951481E+04   -0.817329E+03    0.516607E+04
    3.5950    0.945579E+04   -0.840622E+03    0.514820E+04
    3.6000    0.939394E+04   -0.868170E+03    0.513105E+04
    3.6050    0.932904E+04   -0.899997E+03    0.511452E+04
    3.6100    0.926098E+04   -0.936069E+03    0.509853E+04
    3.6150    0.918978E+04   -0.976296E+03    0.508304E+04
    3.6200    0.911556E+04   -0.102054E+04    0.506805E+04
    3.6250    0.903857E+04   -0.106861E+04    0.505359E+04
    3.6300    0.895917E+04   -0.112027E+04    0.503972E+04
    3.6350    0.887783E+04   -0.117526E+04    0.502654E+04
    3.6400    0.879502E+04   -0.123323E+04    0.501412E+04
    3.6450    0.871129E+04   -0.129382E+04    0.500256E+04
    3.6500    0.862716E+04   -0.135665E+04    0.499191E+04
    3.6550    0.854309E+04   -0.142126E+04    0.498218E+04
    3.6600    0.845946E+04   -0.148715E+04    0.497331E+04
    3.6650    0.837653E+04   -0.155378E+04    0.496516E+04
    3.6700    0.829439E+04   -0.162051E+04    0.495745E+04
    3.6750    0.821286E+04   -0.168658E+04    0.494972E+04
    3.6800    0.813135E+04   -0.175106E+04    0.494121E+04
    3.6850    0.804837E+04   -0.181283E+04    0.493060E+04
    3.6900    0.796023E+04   -0.187143E+04    0.491583E+04
    3.6950    0.786071E+04   -0.194488E+04    0.490280E+04
    3.7000    0.785721E+04   -0.219303E+04    0.502512E+04
    3.7050    0.788082E+04   -0.236104E+04    0.512093E+04
    3.7100    0.785155E+04   -0.245679E+04    0.515417E+04
    3.7150    0.780031E+04   -0.252828E+04    0.516430E+04
    3.7200    0.773889E+04   -0.258836E+04    0.516363E+04
    3.7250    0.767260E+04   -0.264237E+04    0.515748E+04
    3.7300    0.760417E+04   -0.269318E+04    0.514867E+04
    3.7350    0.753515E+04   -0.274255E+04    0.513885E+04
    3.7400    0.746643E+04   -0.279165E+04    0.512904E+04
    3.7450    0.739844E+04   -0.284126E+04    0.511985E+04
    3.7500    0.733144E+04   -0.289187E+04    0.511166E+04
    3.7550    0.726553E+04   -0.294377E+04    0.510465E+04
    3.7600    0.720069E+04   -0.299705E+04    0.509887E+04
    3.7650    0.713682E+04   -0.305165E+04    0.509423E+04
    3.7700    0.707381E+04   -0.310737E+04    0.509059E+04
    3.7750    0.701150E+04   -0.316392E+04    0.508771E+04
    3.7800    0.694974E+04   -0.322085E+04    0.508530E+04
    3.7850    0.688838E+04   -0.327765E+04    0.508302E+04
    3.7900    0.682727E+04   -0.333374E+04    0.508051E+04
    3.7950    0.676627E+04   -0.338847E+04    0.507737E+04
    3.8000    0.670529E+04   -0.344116E+04    0.507323E+04
    3.8050    0.664423E+04   -0.349113E+04    0.506768E+04
    3.8100    0.658303E+04   -0.353770E+04    0.506037E+04
    3.8150    0.652166E+04   -0.358026E+04    0.505096E+04
    3.8200    0.646009E+04   -0.361826E+04    0.503917E+04
    3.8250    0.639833E+04   -0.365125E+04    0.502479E+04
    3.8300    0.633640E+04   -0.367887E+04    0.500764E+04
    3.8350    0.627434E+04   -0.370092E+04    0.498763E+04
    3.8400    0.621216E+04   -0.371730E+04    0.496473E+04
    3.8450    0.614991E+04   -0.372805E+04    0.493898E+04
    3.8500    0.608759E+04   -0.373333E+04    0.491046E+04
    3.8550    0.602523E+04   -0.373341E+04    0.487932E+04
    3.8600    0.596280E+04   -0.372866E+04    0.484573E+04
    3.8650    0.590027E+04   -0.371953E+04    0.480990E+04
    3.8700    0.583754E+04   -0.370653E+04    0.477203E+04
    3.8750    0.577458E+04   -0.369020E+04    0.473239E+04
    3.8800    0.571125E+04   -0.367112E+04    0.469119E+04
    3.8850    0.564746E+04   -0.364985E+04    0.464866E+04
    3.8900    0.558310E+04   -0.362693E+04    0.460502E+04
    3.8950    0.551809E+04   -0.360287E+04    0.456048E+04
    3.9000    0.545239E+04   -0.357811E+04    0.451525E+04
    3.9050    0.538599E+04   -0.355305E+04    0.446952E+04
    3.9100    0.531893E+04   -0.352798E+04    0.442346E+04
    3.9150    0.525131E+04   -0.350316E+04    0.437724E+04
    3.9200    0.518326E+04   -0.347873E+04    0.433100E+04
    3.9250    0.511495E+04   -0.345477E+04    0.428486E+04
    3.9300    0.504656E+04   -0.343130E+04    0.423893E+04
    3.9350    0.497828E+04   -0.340826E+04    0.419327E+04
    3.9400    0.491027E+04   -0.338557E+04    0.414792E+04
    3.9450    0.484265E+04   -0.336311E+04    0.410288E+04
    3.9500    0.477546E+04   -0.334074E+04    0.405810E+04
    3.9550    0.470866E+04   -0.331834E+04    0.401350E+04
    3.9600    0.464213E+04   -0.329576E+04    0.396895E+04
    3.9650    0.457565E+04   -0.327290E+04    0.392427E+04
    3.9700    0.450891E+04   -0.324965E+04    0.387928E+04
    3.9750    0.444152E+04   -0.322595E+04    0.383374E+04
    3.9800    0.437308E+04   -0.320174E+04    0.378741E+04
    3.9850    0.430320E+04   -0.317700E+04    0.374010E+04
    3.9900    0.423150E+04   -0.315175E+04    0.369162E+04
    3.9950    0.415768E+04   -0.312602E+04    0.364185E+04
    4.0000    0.408154E+04   -0.309989E+04    0.359072E+04
    4.0050    0.400302E+04   -0.307348E+04    0.353825E+04
    4.0100    0.392214E+04   -0.304694E+04    0.348454E+04
    4.0150    0.383922E+04   -0.302050E+04    0.342986E+04
    4.0200    0.375458E+04   -0.299440E+04    0.337449E+04
    4.0250    0.366885E+04   -0.296895E+04    0.331890E+04
    4.0300    0.358263E+04   -0.294450E+04    0.326356E+04
    4.0350    0.349668E+04   -0.292140E+04    0.320904E+04
    4.0400    0.341188E+04   -0.290006E+04    0.315597E+04
    4.0450    0.332916E+04   -0.288083E+04    0.310500E+04
    4.0500    0.324944E+04   -0.286409E+04    0.305677E+04
    4.0550    0.317357E+04   -0.285015E+04    0.301186E+04
    4.0600    0.310216E+04   -0.283927E+04    0.297071E+04
    4.0650    0.303538E+04   -0.283164E+04    0.293351E+04
    4.0700    0.297305E+04   -0.282740E+04    0.290022E+04
    4.0750    0.291451E+04   -0.282658E+04    0.287055E+04
    4.0800    0.285880E+04   -0.282917E+04    0.284399E+04
    4.0850    0.280482E+04   -0.283509E+04    0.281996E+04
    4.0900    0.275159E+04   -0.284422E+04    0.279790E+04
    4.0950    0.269838E+04   -0.285638E+04    0.277738E+04
    4.1000    0.264477E+04   -0.287139E+04    0.275808E+04
    4.1050    0.259071E+04   -0.288907E+04    0.273989E+04
    4.1100    0.253642E+04   -0.290922E+04    0.272282E+04
    4.1150    0.248237E+04   -0.293169E+04    0.270703E+04
    4.1200    0.242912E+04   -0.295632E+04    0.269272E+04
    4.1250    0.237732E+04   -0.298298E+04    0.268015E+04
    4.1300    0.232753E+04   -0.301158E+04    0.266955E+04
    4.1350    0.228023E+04   -0.304205E+04    0.266114E+04
    4.1400    0.223574E+04   -0.307434E+04    0.265504E+04
    4.1450    0.219418E+04   -0.310844E+04    0.265131E+04
    4.1500    0.215549E+04   -0.314435E+04    0.264992E+04
    4.1550    0.211940E+04   -0.318208E+04    0.265074E+04
    4.1600    0.208554E+04   -0.322166E+04    0.265360E+04
    4.1650    0.205342E+04   -0.326313E+04    0.265828E+04
    4.1700    0.202253E+04   -0.330651E+04    0.266452E+04
    4.1750    0.199237E+04   -0.335182E+04    0.267210E+04
    4.1800    0.196253E+04   -0.339907E+04    0.268080E+04
    4.1850    0.193272E+04   -0.344824E+04    0.269048E+04
    4.1900    0.190284E+04   -0.349928E+04    0.270106E+04
    4.1950    0.187295E+04   -0.355214E+04    0.271254E+04
    4.2000    0.184326E+04   -0.360672E+04    0.272499E+04
    4.2050    0.181416E+04   -0.366293E+04    0.273854E+04
    4.2100    0.178616E+04   -0.372063E+04    0.275339E+04
    4.2150    0.175979E+04   -0.377969E+04    0.276974E+04
    4.2200    0.173563E+04   -0.383999E+04    0.278781E+04
    4.2250    0.171419E+04   -0.390139E+04    0.280779E+04
    4.2300    0.169586E+04   -0.396376E+04    0.282981E+04
    4.2350    0.168092E+04   -0.402698E+04    0.285395E+04
    4.2400    0.166948E+04   -0.409094E+04    0.288021E+04
    4.2450    0.166147E+04   -0.415552E+04    0.290849E+04
    4.2500    0.165668E+04   -0.422061E+04    0.293865E+04
    4.2550    0.165480E+04   -0.428608E+04    0.297044E+04
    4.2600    0.165541E+04   -0.435182E+04    0.300361E+04
    4.2650    0.165808E+04   -0.441769E+04    0.303789E+04
    4.2700    0.166244E+04   -0.448356E+04    0.307300E+04
    4.2750    0.166817E+04   -0.454931E+04    0.310874E+04
    4.2800    0.167511E+04   -0.461481E+04    0.314496E+04
    4.2850    0.168322E+04   -0.467994E+04    0.318158E+04
    4.2900    0.169268E+04   -0.474461E+04    0.321865E+04
    4.2950    0.170380E+04   -0.480873E+04    0.325626E+04
    4.3000    0.171704E+04   -0.487224E+04    0.329464E+04
    4.3050    0.173299E+04   -0.493507E+04    0.333403E+04
    4.3100    0.175228E+04   -0.499719E+04    0.337473E+04
    4.3150    0.177552E+04   -0.505855E+04    0.341704E+04
    4.3200    0.180336E+04   -0.511907E+04    0.346122E+04
    4.3250    0.183629E+04   -0.517867E+04    0.350748E+04
    4.3300    0.187468E+04   -0.523724E+04    0.355596E+04
    4.3350    0.191872E+04   -0.529468E+04    0.360670E+04
    4.3400    0.196848E+04   -0.535081E+04    0.365964E+04
    4.3450    0.202386E+04   -0.540547E+04    0.371466E+04
    4.3500    0.208462E+04   -0.545849E+04    0.377155E+04
    4.3550    0.215042E+04   -0.550970E+04    0.383006E+04
    4.3600    0.222087E+04   -0.555894E+04    0.388990E+04
    4.3650    0.229554E+04   -0.560609E+04    0.395081E+04
    4.3700    0.237404E+04   -0.565107E+04    0.401255E+04
    4.3750    0.245598E+04   -0.569383E+04    0.407490E+04
    4.3800    0.254110E+04   -0.573437E+04    0.413773E+04
    4.3850    0.262920E+04   -0.577271E+04    0.420095E+04
    4.3900    0.272017E+04   -0.580889E+04    0.426453E+04
    4.3950    0.281396E+04   -0.584298E+04    0.432847E+04
    4.4000    0.291057E+04   -0.587502E+04    0.439279E+04
    4.4050    0.301001E+04   -0.590505E+04    0.445753E+04
    4.4100    0.311230E+04   -0.593308E+04    0.452269E+04
    4.4150    0.321742E+04   -0.595907E+04    0.458824E+04
    4.4200    0.332531E+04   -0.598295E+04    0.465413E+04
    4.4250    0.343584E+04   -0.600465E+04    0.472025E+04
    4.4300    0.354889E+04   -0.602400E+04    0.478645E+04
    4.4350    0.366419E+04   -0.604088E+04    0.485254E+04
    4.4400    0.378157E+04   -0.605514E+04    0.491835E+04
    4.4450    0.390085E+04   -0.606662E+04    0.498374E+04
    4.4500    0.402196E+04   -0.607521E+04    0.504858E+04
    4.4550    0.414496E+04   -0.608080E+04    0.511288E+04
    4.4600    0.427014E+04   -0.608332E+04    0.517673E+04
    4.4650    0.439813E+04   -0.608276E+04    0.524044E+04
    4.4700    0.452994E+04   -0.607913E+04    0.530454E+04
    4.4750    0.466725E+04   -0.607246E+04    0.536986E+04
    4.4800    0.481232E+04   -0.606284E+04    0.543758E+04
    4.4850    0.496804E+04   -0.605035E+04    0.550919E+04
    4.4900    0.513727E+04   -0.603512E+04    0.558619E+04
    4.4950    0.532113E+04   -0.601725E+04    0.566919E+04
    4.5000    0.551610E+04   -0.599685E+04    0.575648E+04
    4.5050    0.571181E+04   -0.597402E+04    0.584291E+04
    4.5100    0.589329E+04   -0.594882E+04    0.592106E+04
    4.5150    0.604718E+04   -0.592131E+04    0.598425E+04
    4.5200    0.616713E+04   -0.589149E+04    0.602931E+04
    4.5250    0.625394E+04   -0.585934E+04    0.605664E+04
    4.5300    0.631268E+04   -0.582481E+04    0.606875E+04
    4.5350    0.634980E+04   -0.578785E+04    0.606883E+04
    4.5400    0.637148E+04   -0.574836E+04    0.605992E+04
    4.5450    0.638297E+04   -0.570627E+04    0.604462E+04
    4.5500    0.638849E+04   -0.566148E+04    0.602498E+04
    4.5550    0.639139E+04   -0.561397E+04    0.600268E+04
    4.5600    0.639422E+04   -0.556365E+04    0.597894E+04
    4.5650    0.639898E+04   -0.551055E+04    0.595477E+04
    4.5700    0.640717E+04   -0.545470E+04    0.593094E+04
    4.5750    0.641988E+04   -0.539617E+04    0.590803E+04
    4.5800    0.643784E+04   -0.533507E+04    0.588646E+04
    4.5850    0.646148E+04   -0.527151E+04    0.586649E+04
    4.5900    0.649086E+04   -0.520562E+04    0.584824E+04
    4.5950    0.652570E+04   -0.513753E+04    0.583162E+04
    4.6000    0.656544E+04   -0.506736E+04    0.581640E+04
    4.6050    0.660886E+04   -0.499519E+04    0.580203E+04
    4.6100    0.665444E+04   -0.492107E+04    0.578776E+04
    4.6150    0.670013E+04   -0.484502E+04    0.577258E+04
    4.6200    0.674353E+04   -0.476704E+04    0.575528E+04
    4.6250    0.678205E+04   -0.468708E+04    0.573456E+04
    4.6300    0.681349E+04   -0.460508E+04    0.570929E+04
    4.6350    0.683575E+04   -0.452100E+04    0.567838E+04
    4.6400    0.684735E+04   -0.443479E+04    0.564107E+04
    4.6450    0.684736E+04   -0.434641E+04    0.559689E+04
    4.6500    0.683547E+04   -0.425590E+04    0.554569E+04
    4.6550    0.681177E+04   -0.416329E+04    0.548753E+04
    4.6600    0.677671E+04   -0.406868E+04    0.542269E+04
    4.6650    0.673102E+04   -0.397220E+04    0.535161E+04
    4.6700    0.667555E+04   -0.387403E+04    0.527479E+04
    4.6750    0.661124E+04   -0.377435E+04    0.519279E+04
    4.6800    0.653897E+04   -0.367339E+04    0.510618E+04
    4.6850    0.645958E+04   -0.357138E+04    0.501548E+04
    4.6900    0.637375E+04   -0.346853E+04    0.492114E+04
    4.6950    0.628207E+04   -0.336506E+04    0.482357E+04
    4.7000    0.618483E+04   -0.326118E+04    0.472300E+04
    4.7050    0.608228E+04   -0.315705E+04    0.461966E+04
    4.7100    0.597464E+04   -0.305283E+04    0.451373E+04
    4.7150    0.586179E+04   -0.294865E+04    0.440522E+04
    4.7200    0.574373E+04   -0.284460E+04    0.429416E+04
    4.7250    0.562039E+04   -0.274077E+04    0.418058E+04
    4.7300    0.549176E+04   -0.263719E+04    0.406448E+04
    4.7350    0.535788E+04   -0.253392E+04    0.394590E+04
    4.7400    0.521890E+04   -0.243096E+04    0.382493E+04
    4.7450    0.507506E+04   -0.232832E+04    0.370169E+04
    4.7500    0.492675E+04   -0.222597E+04    0.357636E+04
    4.7550    0.477446E+04   -0.212390E+04    0.344918E+04
    4.7600    0.461875E+04   -0.202210E+04    0.332042E+04
    4.7650    0.446024E+04   -0.192053E+04    0.319038E+04
    4.7700    0.429959E+04   -0.181919E+04    0.305939E+04
    4.7750    0.413746E+04   -0.171808E+04    0.292777E+04
    4.7800    0.397437E+04   -0.161724E+04    0.279580E+04
    4.7850    0.381088E+04   -0.151670E+04    0.266379E+04
    4.7900    0.364738E+04   -0.141653E+04    0.253196E+04
    4.7950    0.348421E+04   -0.131685E+04    0.240053E+04
    4.8000    0.332157E+04   -0.121776E+04    0.226966E+04
    4.8050    0.315958E+04   -0.111941E+04    0.213950E+04
    4.8100    0.299832E+04   -0.102195E+04    0.201014E+04
    4.8150    0.283780E+04   -0.925576E+03    0.188169E+04
    4.8200    0.267805E+04   -0.830453E+03    0.175425E+04
    4.8250    0.251911E+04   -0.736767E+03    0.162794E+04
    4.8300    0.236110E+04   -0.644695E+03    0.150290E+04
    4.8350    0.220418E+04   -0.554407E+03    0.137929E+04
    4.8400    0.204862E+04   -0.466057E+03    0.125734E+04
    4.8450    0.189478E+04   -0.379778E+03    0.113728E+04
    4.8500    0.174309E+04   -0.295682E+03    0.101939E+04
    4.8550    0.159409E+04   -0.213856E+03    0.903971E+03
    4.8600    0.144828E+04   -0.134357E+03    0.791317E+03
    4.8650    0.130627E+04   -0.572131E+02    0.681744E+03
    4.8700    0.116860E+04    0.175731E+02    0.575513E+03
    4.8750    0.103574E+04    0.900229E+02    0.472860E+03
    4.8800    0.908132E+03    0.160176E+03    0.373978E+03
    4.8850    0.786088E+03    0.228087E+03    0.279001E+03
    4.8900    0.669827E+03    0.293811E+03    0.188008E+03
    4.8950    0.559443E+03    0.357403E+03    0.101020E+03
    4.9000    0.454914E+03    0.418905E+03    0.180042E+02
    4.9050    0.356112E+03    0.478343E+03   -0.611157E+02
    4.9100    0.262808E+03    0.535718E+03   -0.136455E+03
    4.9150    0.174717E+03    0.591009E+03   -0.208146E+03
    4.9200    0.914517E+02    0.644170E+03   -0.276359E+03
    4.9250    0.126475E+02    0.695135E+03   -0.341244E+03
    4.9300   -0.620815E+02    0.743828E+03   -0.402955E+03
    4.9350   -0.133134E+03    0.790172E+03   -0.461653E+03
    4.9400   -0.200796E+03    0.834074E+03   -0.517435E+03
    4.9450   -0.265401E+03    0.875469E+03   -0.570435E+03
    4.9500   -0.327135E+03    0.914313E+03   -0.620724E+03
    4.9550   -0.386196E+03    0.950575E+03   -0.668386E+03
    4.9600   -0.442754E+03    0.984251E+03   -0.713503E+03
    4.9650   -0.496862E+03    0.101536E+04   -0.756113E+03
    4.9700   -0.548585E+03    0.104395E+04   -0.796268E+03
    4.9750   -0.597900E+03    0.107007E+04   -0.833983E+03
    4.9800   -0.644770E+03    0.109377E+04   -0.869270E+03
    4.9850   -0.689157E+03    0.111513E+04   -0.902144E+03
    4.9900   -0.730965E+03    0.113418E+04   -0.932574E+03
    4.9950   -0.770147E+03    0.115097E+04   -0.960560E+03
    5.0000   -0.806655E+03    0.116553E+04   -0.986090E+03
    5.0050   -0.840456E+03    0.117785E+04   -0.100915E+04
    5.0100   -0.871543E+03    0.118794E+04   -0.102974E+04
    5.0150   -0.899943E+03    0.119578E+04   -0.104786E+04
    5.0200   -0.925745E+03    0.120136E+04   -0.106355E+04
    5.0250   -0.949018E+03    0.120466E+04   -0.107684E+04
    5.0300   -0.969942E+03    0.120568E+04   -0.108781E+04
    5.0350   -0.988739E+03    0.120443E+04   -0.109658E+04
    5.0400   -0.100568E+04    0.120092E+04   -0.110330E+04
    5.0450   -0.102110E+04    0.119519E+04   -0.110815E+04
    5.0500   -0.103537E+04    0.118731E+04   -0.111134E+04
    5.0550   -0.104892E+04    0.117732E+04   -0.111312E+04
    5.0600   -0.106228E+04    0.116532E+04   -0.111380E+04
    5.0650   -0.107593E+04    0.115137E+04   -0.111365E+04
    5.0700   -0.109039E+04    0.113555E+04   -0.111297E+04
    5.0750   -0.110620E+04    0.111794E+04   -0.111207E+04
    5.0800   -0.112385E+04    0.109858E+04   -0.111121E+04
    5.0850   -0.114382E+04    0.107753E+04   -0.111068E+04
    5.0900   -0.116651E+04    0.105480E+04   -0.111065E+04
    5.0950   -0.119228E+04    0.103041E+04   -0.111134E+04
    5.1000   -0.122137E+04    0.100438E+04   -0.111287E+04
    5.1050   -0.125393E+04    0.976697E+03   -0.111531E+04
    5.1100   -0.129001E+04    0.947358E+03   -0.111868E+04
    5.1150   -0.132955E+04    0.916362E+03   -0.112296E+04
    5.1200   -0.137239E+04    0.883711E+03   -0.112805E+04
    5.1250   -0.141830E+04    0.849409E+03   -0.113385E+04
    5.1300   -0.146697E+04    0.813501E+03   -0.114024E+04
    5.1350   -0.151807E+04    0.776024E+03   -0.114705E+04
    5.1400   -0.157127E+04    0.737038E+03   -0.115416E+04
    5.1450   -0.162627E+04    0.696622E+03   -0.116144E+04
    5.1500   -0.168281E+04    0.654869E+03   -0.116884E+04
    5.1550   -0.174074E+04    0.611888E+03   -0.117631E+04
    5.1600   -0.180001E+04    0.567796E+03   -0.118390E+04
    5.1650   -0.186071E+04    0.522715E+03   -0.119171E+04
    5.1700   -0.192306E+04    0.476768E+03   -0.119991E+04
    5.1750   -0.198739E+04    0.430076E+03   -0.120873E+04
    5.1800   -0.205417E+04    0.382748E+03   -0.121846E+04
    5.1850   -0.212401E+04    0.334884E+03   -0.122945E+04
    5.1900   -0.219745E+04    0.286564E+03   -0.124201E+04
    5.1950   -0.227521E+04    0.237852E+03   -0.125653E+04
    5.2000   -0.235793E+04    0.188798E+03   -0.127336E+04
    5.2050   -0.244625E+04    0.139432E+03   -0.129284E+04
    5.2100   -0.254069E+04    0.897696E+02   -0.131523E+04
    5.2150   -0.264163E+04    0.398109E+02   -0.134072E+04
    5.2200   -0.274926E+04   -0.104568E+02   -0.136940E+04
    5.2250   -0.286367E+04   -0.610448E+02   -0.140131E+04
    5.2300   -0.298449E+04   -0.111980E+03   -0.143626E+04
    5.2350   -0.311109E+04   -0.163297E+03   -0.147390E+04
    5.2400   -0.324206E+04   -0.215027E+03   -0.151351E+04
    5.2450   -0.337558E+04   -0.267204E+03   -0.155419E+04
    5.2500   -0.350897E+04   -0.319864E+03   -0.159455E+04
    5.2550   -0.363892E+04   -0.373038E+03   -0.163294E+04
    5.2600   -0.376217E+04   -0.426752E+03   -0.166771E+04
