    0.0000   -0.108921E-08   -0.126392E-09   -0.481411E-09
    0.0050    0.133509E+04    0.154299E+03    0.590393E+03
    0.0100    0.133740E+04   -0.576312E+02    0.697516E+03
    0.0150    0.130903E+04   -0.249469E+03    0.779248E+03
    0.0200    0.126085E+04   -0.417656E+03    0.839253E+03
    0.0250    0.119795E+04   -0.558277E+03    0.878113E+03
    0.0300    0.112283E+04   -0.668870E+03    0.895850E+03
    0.0350    0.103862E+04   -0.750015E+03    0.894318E+03
    0.0400    0.950341E+03   -0.805735E+03    0.878038E+03
    0.0450    0.864083E+03   -0.842369E+03    0.853226E+03
    0.0500    0.785189E+03   -0.866470E+03    0.825829E+03
    0.0550    0.716774E+03   -0.882766E+03    0.799770E+03
    0.0600    0.659420E+03   -0.893121E+03    0.776271E+03
    0.0650    0.612054E+03   -0.896858E+03    0.754456E+03
    0.0700    0.573315E+03   -0.892170E+03    0.732742E+03
    0.0750    0.542563E+03   -0.877835E+03    0.710199E+03
    0.0800    0.520099E+03   -0.854449E+03    0.687274E+03
    0.0850    0.506872E+03   -0.824569E+03    0.665720E+03
    0.0900    0.504042E+03   -0.791853E+03    0.647947E+03
    0.0950    0.512447E+03   -0.759837E+03    0.636142E+03
    0.1000    0.532131E+03   -0.730973E+03    0.631552E+03
    0.1050    0.562185E+03   -0.706192E+03    0.634189E+03
    0.1100    0.600886E+03   -0.685019E+03    0.642953E+03
    0.1150    0.646008E+03   -0.666070E+03    0.656039E+03
    0.1200    0.695141E+03   -0.647691E+03    0.671416E+03
    0.1250    0.745961E+03   -0.628544E+03    0.687252E+03
    0.1300    0.796420E+03   -0.608001E+03    0.702211E+03
    0.1350    0.844880E+03   -0.586309E+03    0.715595E+03
    0.1400    0.890174E+03   -0.564486E+03    0.727330E+03
    0.1450    0.931619E+03   -0.544008E+03    0.737813E+03
    0.1500    0.968979E+03   -0.526367E+03    0.747673E+03
    0.1550    0.100239E+04   -0.512624E+03    0.757507E+03
    0.1600    0.103228E+04   -0.503121E+03    0.767701E+03
    0.1650    0.105928E+04   -0.497431E+03    0.778354E+03
    0.1700    0.108414E+04   -0.494580E+03    0.789359E+03
    0.1750    0.110769E+04   -0.493433E+03    0.800560E+03
    0.1800    0.113075E+04   -0.493120E+03    0.811933E+03
    0.1850    0.115407E+04   -0.493312E+03    0.823690E+03
    0.1900    0.117827E+04   -0.494279E+03    0.836274E+03
    0.1950    0.120378E+04   -0.496694E+03    0.850238E+03
    0.2000    0.123083E+04   -0.501282E+03    0.866057E+03
    0.2050    0.125943E+04   -0.508437E+03    0.883936E+03
    0.2100    0.128942E+04   -0.517949E+03    0.903686E+03
    0.2150    0.132047E+04   -0.528937E+03    0.924705E+03
    0.2200    0.135216E+04   -0.539998E+03    0.946079E+03
    0.2250    0.138401E+04   -0.549520E+03    0.966766E+03
    0.2300    0.141556E+04   -0.556065E+03    0.985813E+03
    0.2350    0.144640E+04   -0.558690E+03    0.100255E+04
    0.2400    0.147622E+04   -0.557143E+03    0.101668E+04
    0.2450    0.150481E+04   -0.551876E+03    0.102834E+04
    0.2500    0.153210E+04   -0.543897E+03    0.103800E+04
    0.2550    0.155806E+04   -0.534497E+03    0.104628E+04
    0.2600    0.158266E+04   -0.524860E+03    0.105376E+04
    0.2650    0.160566E+04   -0.515672E+03    0.106067E+04
    0.2700    0.162670E+04   -0.506985E+03    0.106684E+04
    0.2750    0.164545E+04   -0.498465E+03    0.107196E+04
    0.2800    0.166176E+04   -0.489717E+03    0.107574E+04
    0.2850    0.167566E+04   -0.480526E+03    0.107809E+04
    0.2900    0.168729E+04   -0.470942E+03    0.107911E+04
    0.2950    0.169684E+04   -0.461249E+03    0.107904E+04
    0.3000    0.170456E+04   -0.451743E+03    0.107815E+04
    0.3050    0.171072E+04   -0.442029E+03    0.107637E+04
    0.3100    0.171555E+04   -0.425859E+03    0.107070E+04
    0.3150    0.171927E+04   -0.331799E+03    0.102554E+04
    0.3200    0.172203E+04   -0.338329E+03    0.103018E+04
    0.3250    0.172400E+04   -0.345312E+03    0.103466E+04
    0.3300    0.172524E+04   -0.347304E+03    0.103627E+04
    0.3350    0.172580E+04   -0.346430E+03    0.103612E+04
    0.3400    0.172569E+04   -0.343956E+03    0.103482E+04
    0.3450    0.172491E+04   -0.340909E+03    0.103291E+04
    0.3500    0.172347E+04   -0.338264E+03    0.103087E+04
    0.3550    0.172141E+04   -0.336895E+03    0.102915E+04
    0.3600    0.171882E+04   -0.337476E+03    0.102815E+04
    0.3650    0.171583E+04   -0.340392E+03    0.102811E+04
    0.3700    0.171262E+04   -0.345707E+03    0.102916E+04
    0.3750    0.170939E+04   -0.353208E+03    0.103130E+04
    0.3800    0.170635E+04   -0.362478E+03    0.103442E+04
    0.3850    0.170370E+04   -0.373034E+03    0.103837E+04
    0.3900    0.170159E+04   -0.384397E+03    0.104299E+04
    0.3950    0.170010E+04   -0.396159E+03    0.104813E+04
    0.4000    0.169922E+04   -0.407978E+03    0.105360E+04
    0.4050    0.169885E+04   -0.419544E+03    0.105920E+04
    0.4100    0.169879E+04   -0.430515E+03    0.106465E+04
    0.4150    0.169874E+04   -0.440489E+03    0.106962E+04
    0.4200    0.169836E+04   -0.449005E+03    0.107368E+04
    0.4250    0.169727E+04   -0.455620E+03    0.107644E+04
    0.4300    0.169512E+04   -0.460014E+03    0.107756E+04
    0.4350    0.169163E+04   -0.462116E+03    0.107687E+04
    0.4400    0.168663E+04   -0.462113E+03    0.107437E+04
    0.4450    0.167999E+04   -0.460211E+03    0.107010E+04
    0.4500    0.167157E+04   -0.456298E+03    0.106393E+04
    0.4550    0.166128E+04   -0.449963E+03    0.105562E+04
    0.4600    0.164916E+04   -0.440837E+03    0.104500E+04
    0.4650    0.163547E+04   -0.428774E+03    0.103212E+04
    0.4700    0.162059E+04   -0.413821E+03    0.101720E+04
    0.4750    0.160495E+04   -0.396142E+03    0.100055E+04
    0.4800    0.158902E+04   -0.375977E+03    0.982499E+03
    0.4850    0.157319E+04   -0.353640E+03    0.963414E+03
    0.4900    0.155778E+04   -0.329524E+03    0.943652E+03
    0.4950    0.154302E+04   -0.304102E+03    0.923560E+03
    0.5000    0.152901E+04   -0.277913E+03    0.903463E+03
    0.5050    0.151577E+04   -0.251518E+03    0.883644E+03
    0.5100    0.150321E+04   -0.225465E+03    0.864336E+03
    0.5150    0.149118E+04   -0.200235E+03    0.845708E+03
    0.5200    0.147951E+04   -0.176216E+03    0.827862E+03
    0.5250    0.146799E+04   -0.153692E+03    0.810844E+03
    0.5300    0.145646E+04   -0.132817E+03    0.794639E+03
    0.5350    0.144478E+04   -0.113707E+03    0.779241E+03
    0.5400    0.143286E+04   -0.963344E+02    0.764596E+03
    0.5450    0.142070E+04   -0.806114E+02    0.750654E+03
    0.5500    0.140835E+04   -0.663643E+02    0.737356E+03
    0.5550    0.139591E+04   -0.533286E+02    0.724619E+03
    0.5600    0.138350E+04   -0.411445E+02    0.712324E+03
    0.5650    0.137126E+04   -0.293568E+02    0.700306E+03
    0.5700    0.135927E+04   -0.174427E+02    0.688357E+03
    0.5750    0.134761E+04   -0.485417E+01    0.676231E+03
    0.5800    0.133627E+04    0.892733E+01    0.663669E+03
    0.5850    0.132517E+04    0.243337E+02    0.650418E+03
    0.5900    0.131416E+04    0.416610E+02    0.636250E+03
    0.5950    0.130300E+04    0.610440E+02    0.620980E+03
    0.6000    0.129141E+04    0.824464E+02    0.604484E+03
    0.6050    0.127907E+04    0.105675E+03    0.586699E+03
    0.6100    0.126567E+04    0.130406E+03    0.567635E+03
    0.6150    0.125096E+04    0.156214E+03    0.547373E+03
    0.6200    0.123475E+04    0.182614E+03    0.526068E+03
    0.6250    0.121697E+04    0.209132E+03    0.503919E+03
    0.6300    0.119761E+04    0.235428E+03    0.481092E+03
    0.6350    0.117671E+04    0.261394E+03    0.457657E+03
    0.6400    0.115436E+04    0.287075E+03    0.433643E+03
    0.6450    0.113083E+04    0.312516E+03    0.409155E+03
    0.6500    0.110650E+04    0.337690E+03    0.384405E+03
    0.6550    0.108187E+04    0.362501E+03    0.359684E+03
    0.6600    0.105745E+04    0.386811E+03    0.335322E+03
    0.6650    0.103376E+04    0.410462E+03    0.311650E+03
    0.6700    0.101124E+04    0.433287E+03    0.288975E+03
    0.6750    0.990234E+03    0.455114E+03    0.267560E+03
    0.6800    0.970987E+03    0.475759E+03    0.247614E+03
    0.6850    0.953589E+03    0.495031E+03    0.229279E+03
    0.6900    0.937984E+03    0.512727E+03    0.212629E+03
    0.6950    0.923977E+03    0.528646E+03    0.197666E+03
    0.7000    0.911246E+03    0.542598E+03    0.184324E+03
    0.7050    0.899375E+03    0.554427E+03    0.172474E+03
    0.7100    0.887884E+03    0.564029E+03    0.161927E+03
    0.7150    0.876263E+03    0.571358E+03    0.152453E+03
    0.7200    0.864017E+03    0.576427E+03    0.143795E+03
    0.7250    0.850705E+03    0.579296E+03    0.135705E+03
    0.7300    0.835982E+03    0.580048E+03    0.127967E+03
    0.7350    0.819623E+03    0.578754E+03    0.120435E+03
    0.7400    0.801545E+03    0.575437E+03    0.113054E+03
    0.7450    0.781806E+03    0.570032E+03    0.105887E+03
    0.7500    0.760597E+03    0.562339E+03    0.991294E+02
    0.7550    0.738222E+03    0.551968E+03    0.931270E+02
    0.7600    0.715068E+03    0.538274E+03    0.883970E+02
    0.7650    0.691569E+03    0.520253E+03    0.856581E+02
    0.7700    0.668171E+03    0.496414E+03    0.858786E+02
    0.7750    0.645282E+03    0.464597E+03    0.903423E+02
    0.7800    0.623237E+03    0.421762E+03    0.100738E+03
    0.7850    0.602273E+03    0.363833E+03    0.119220E+03
    0.7900    0.582508E+03    0.285817E+03    0.148345E+03
    0.7950    0.563949E+03    0.182880E+03    0.190534E+03
    0.8000    0.546504E+03    0.539501E+02    0.246277E+03
    0.8050    0.530022E+03   -0.897964E+02    0.309909E+03
    0.8100    0.514298E+03   -0.213239E+03    0.363769E+03
    0.8150    0.499045E+03   -0.264860E+03    0.381952E+03
    0.8200    0.483848E+03   -0.228703E+03    0.356276E+03
    0.8250    0.468229E+03   -0.142960E+03    0.305594E+03
    0.8300    0.451759E+03   -0.458348E+02    0.248797E+03
    0.8350    0.434104E+03    0.466835E+02    0.193710E+03
    0.8400    0.415027E+03    0.130513E+03    0.142257E+03
    0.8450    0.394361E+03    0.205411E+03    0.944748E+02
    0.8500    0.372012E+03    0.272086E+03    0.499630E+02
    0.8550    0.347950E+03    0.331418E+03    0.826584E+01
    0.8600    0.322197E+03    0.384221E+03   -0.310120E+02
    0.8650    0.294809E+03    0.431135E+03   -0.681633E+02
    0.8700    0.265850E+03    0.472717E+03   -0.103434E+03
    0.8750    0.235352E+03    0.509436E+03   -0.137042E+03
    0.8800    0.203264E+03    0.541645E+03   -0.169190E+03
    0.8850    0.169384E+03    0.569662E+03   -0.200139E+03
    0.8900    0.133256E+03    0.593758E+03   -0.230251E+03
    0.8950    0.939995E+02    0.614180E+03   -0.260090E+03
    0.9000    0.499928E+02    0.631177E+03   -0.290592E+03
    0.9050   -0.182315E+01    0.645026E+03   -0.323425E+03
    0.9100   -0.676227E+02    0.656050E+03   -0.361837E+03
    0.9150   -0.161011E+03    0.664609E+03   -0.412810E+03
    0.9200   -0.285380E+03    0.671116E+03   -0.478248E+03
    0.9250   -0.101699E+03    0.676039E+03   -0.388869E+03
    0.9300    0.944096E+02    0.680018E+03   -0.292804E+03
    0.9350    0.194850E+03    0.683506E+03   -0.244328E+03
    0.9400    0.246429E+03    0.686906E+03   -0.220239E+03
    0.9450    0.269011E+03    0.690599E+03   -0.210794E+03
    0.9500    0.272303E+03    0.694909E+03   -0.211303E+03
    0.9550    0.261949E+03    0.700074E+03   -0.219063E+03
    0.9600    0.241635E+03    0.706230E+03   -0.232297E+03
    0.9650    0.214088E+03    0.713375E+03   -0.249644E+03
    0.9700    0.181454E+03    0.721347E+03   -0.269946E+03
    0.9750    0.145609E+03    0.729746E+03   -0.292068E+03
    0.9800    0.108348E+03    0.737761E+03   -0.314707E+03
    0.9850    0.714843E+02    0.743713E+03   -0.336115E+03
    0.9900    0.372431E+02    0.743508E+03   -0.353132E+03
    0.9950    0.885557E+01    0.724872E+03   -0.358008E+03
    1.0000   -0.130853E+02    0.662290E+03   -0.337688E+03
    1.0050   -0.438334E+02    0.601518E+03   -0.322676E+03
    1.0100   -0.800231E+02    0.582781E+03   -0.331402E+03
    1.0150   -0.113018E+03    0.581982E+03   -0.347500E+03
    1.0200   -0.141067E+03    0.587742E+03   -0.364405E+03
    1.0250   -0.164061E+03    0.596142E+03   -0.380101E+03
    1.0300   -0.182326E+03    0.605625E+03   -0.393976E+03
    1.0350   -0.196314E+03    0.615488E+03   -0.405901E+03
    1.0400   -0.206526E+03    0.625385E+03   -0.415956E+03
    1.0450   -0.213530E+03    0.635124E+03   -0.424327E+03
    1.0500   -0.217887E+03    0.644592E+03   -0.431240E+03
    1.0550   -0.220086E+03    0.653702E+03   -0.436894E+03
    1.0600   -0.220603E+03    0.662391E+03   -0.441497E+03
    1.0650   -0.219820E+03    0.670603E+03   -0.445211E+03
    1.0700   -0.217984E+03    0.678302E+03   -0.448143E+03
    1.0750   -0.215279E+03    0.685473E+03   -0.450376E+03
    1.0800   -0.211763E+03    0.692116E+03   -0.451940E+03
    1.0850   -0.207404E+03    0.698262E+03   -0.452833E+03
    1.0900   -0.202083E+03    0.703956E+03   -0.453020E+03
    1.0950   -0.195657E+03    0.709269E+03   -0.452463E+03
    1.1000   -0.187966E+03    0.714278E+03   -0.451122E+03
    1.1050   -0.178853E+03    0.719075E+03   -0.448964E+03
    1.1100   -0.168234E+03    0.723745E+03   -0.445989E+03
    1.1150   -0.156096E+03    0.728374E+03   -0.442235E+03
    1.1200   -0.142500E+03    0.733025E+03   -0.437762E+03
    1.1250   -0.127640E+03    0.737745E+03   -0.432693E+03
    1.1300   -0.111805E+03    0.742541E+03   -0.427173E+03
    1.1350   -0.953712E+02    0.747394E+03   -0.421383E+03
    1.1400   -0.788080E+02    0.752230E+03   -0.415519E+03
    1.1450   -0.625956E+02    0.756952E+03   -0.409774E+03
    1.1500   -0.472460E+02    0.761412E+03   -0.404329E+03
    1.1550   -0.332358E+02    0.765446E+03   -0.399341E+03
    1.1600   -0.209417E+02    0.768869E+03   -0.394905E+03
    1.1650   -0.106624E+02    0.771484E+03   -0.391073E+03
    1.1700   -0.252870E+01    0.773077E+03   -0.387803E+03
    1.1750    0.351061E+01    0.773449E+03   -0.384969E+03
    1.1800    0.764252E+01    0.772445E+03   -0.382401E+03
    1.1850    0.101329E+02    0.770099E+03   -0.379983E+03
    1.1900    0.112982E+02    0.766684E+03   -0.377693E+03
    1.1950    0.114969E+02    0.762617E+03   -0.375560E+03
    1.2000    0.111805E+02    0.758312E+03   -0.373566E+03
    1.2050    0.108383E+02    0.754137E+03   -0.371649E+03
    1.2100    0.109104E+02    0.750376E+03   -0.369733E+03
    1.2150    0.117278E+02    0.747268E+03   -0.367770E+03
    1.2200    0.135089E+02    0.744978E+03   -0.365734E+03
    1.2250    0.162682E+02    0.743651E+03   -0.363692E+03
    1.2300    0.199026E+02    0.743347E+03   -0.361722E+03
    1.2350    0.241590E+02    0.744094E+03   -0.359968E+03
    1.2400    0.286732E+02    0.745856E+03   -0.358592E+03
    1.2450    0.330016E+02    0.748565E+03   -0.357782E+03
    1.2500    0.366932E+02    0.752087E+03   -0.357697E+03
    1.2550    0.392743E+02    0.756270E+03   -0.358498E+03
    1.2600    0.403442E+02    0.760924E+03   -0.360290E+03
    1.2650    0.395719E+02    0.765844E+03   -0.363136E+03
    1.2700    0.367444E+02    0.770809E+03   -0.367032E+03
    1.2750    0.317743E+02    0.775617E+03   -0.371921E+03
    1.2800    0.246959E+02    0.780069E+03   -0.377686E+03
    1.2850    0.156520E+02    0.783998E+03   -0.384173E+03
    1.2900    0.488120E+01    0.787269E+03   -0.391194E+03
    1.2950   -0.733427E+01    0.789776E+03   -0.398555E+03
    1.3000   -0.206686E+02    0.791471E+03   -0.406070E+03
    1.3050   -0.348377E+02    0.792325E+03   -0.413582E+03
    1.3100   -0.495896E+02    0.792346E+03   -0.420968E+03
    1.3150   -0.647792E+02    0.791604E+03   -0.428191E+03
    1.3200   -0.803469E+02    0.790165E+03   -0.435256E+03
    1.3250   -0.963436E+02    0.788125E+03   -0.442234E+03
    1.3300   -0.112866E+03    0.785564E+03   -0.449215E+03
    1.3350   -0.130197E+03    0.782585E+03   -0.456391E+03
    1.3400   -0.148620E+03    0.779266E+03   -0.463943E+03
    1.3450   -0.168445E+03    0.775646E+03   -0.472045E+03
    1.3500   -0.189952E+03    0.771736E+03   -0.480844E+03
    1.3550   -0.213373E+03    0.767506E+03   -0.490439E+03
    1.3600   -0.238803E+03    0.762892E+03   -0.500848E+03
    1.3650   -0.266237E+03    0.757829E+03   -0.512033E+03
    1.3700   -0.295588E+03    0.752301E+03   -0.523944E+03
    1.3750   -0.326711E+03    0.746342E+03   -0.536527E+03
    1.3800   -0.359372E+03    0.740003E+03   -0.549688E+03
    1.3850   -0.393239E+03    0.733286E+03   -0.563262E+03
    1.3900   -0.427930E+03    0.726152E+03   -0.577041E+03
    1.3950   -0.463085E+03    0.718522E+03   -0.590804E+03
    1.4000   -0.498405E+03    0.710274E+03   -0.604339E+03
    1.4050   -0.533692E+03    0.701269E+03   -0.617480E+03
    1.4100   -0.568865E+03    0.691333E+03   -0.630099E+03
    1.4150   -0.603963E+03    0.680287E+03   -0.642125E+03
    1.4200   -0.639142E+03    0.667940E+03   -0.653541E+03
    1.4250   -0.674648E+03    0.654098E+03   -0.664373E+03
    1.4300   -0.710802E+03    0.638583E+03   -0.674692E+03
    1.4350   -0.747950E+03    0.621227E+03   -0.684589E+03
    1.4400   -0.786437E+03    0.601897E+03   -0.694167E+03
    1.4450   -0.826573E+03    0.580489E+03   -0.703531E+03
    1.4500   -0.868589E+03    0.556942E+03   -0.712766E+03
    1.4550   -0.912632E+03    0.531245E+03   -0.721938E+03
    1.4600   -0.958730E+03    0.503425E+03   -0.731077E+03
    1.4650   -0.100679E+04    0.473566E+03   -0.740178E+03
    1.4700   -0.105667E+04    0.441777E+03   -0.749224E+03
    1.4750   -0.110808E+04    0.408213E+03   -0.758147E+03
    1.4800   -0.116072E+04    0.373049E+03   -0.766882E+03
    1.4850   -0.121423E+04    0.336472E+03   -0.775354E+03
    1.4900   -0.126833E+04    0.298674E+03   -0.783500E+03
    1.4950   -0.132272E+04    0.259819E+03   -0.791270E+03
    1.5000   -0.137724E+04    0.220057E+03   -0.798647E+03
    1.5050   -0.143178E+04    0.179509E+03   -0.805643E+03
    1.5100   -0.148636E+04    0.138260E+03   -0.812309E+03
    1.5150   -0.154109E+04    0.963591E+02   -0.818726E+03
    1.5200   -0.159617E+04    0.538227E+02   -0.824998E+03
    1.5250   -0.165184E+04    0.106520E+02   -0.831248E+03
    1.5300   -0.170841E+04   -0.331855E+02   -0.837613E+03
    1.5350   -0.176615E+04   -0.777200E+02   -0.844215E+03
    1.5400   -0.182527E+04   -0.122975E+03   -0.851146E+03
    1.5450   -0.188591E+04   -0.168971E+03   -0.858470E+03
    1.5500   -0.194815E+04   -0.215717E+03   -0.866216E+03
    1.5550   -0.201198E+04   -0.263227E+03   -0.874375E+03
    1.5600   -0.207731E+04   -0.311503E+03   -0.882905E+03
    1.5650   -0.214397E+04   -0.360553E+03   -0.891706E+03
    1.5700   -0.221164E+04   -0.410355E+03   -0.900642E+03
    1.5750   -0.227996E+04   -0.460878E+03   -0.909542E+03
    1.5800   -0.234853E+04   -0.512073E+03   -0.918229E+03
    1.5850   -0.241695E+04   -0.563871E+03   -0.926541E+03
    1.5900   -0.248485E+04   -0.616189E+03   -0.934328E+03
    1.5950   -0.255195E+04   -0.668969E+03   -0.941488E+03
    1.6000   -0.261799E+04   -0.722102E+03   -0.947943E+03
    1.6050   -0.268281E+04   -0.775480E+03   -0.953664E+03
    1.6100   -0.274634E+04   -0.828970E+03   -0.958685E+03
    1.6150   -0.280859E+04   -0.882447E+03   -0.963070E+03
    1.6200   -0.286964E+04   -0.935747E+03   -0.966947E+03
    1.6250   -0.292970E+04   -0.988708E+03   -0.970494E+03
    1.6300   -0.298897E+04   -0.104120E+04   -0.973883E+03
    1.6350   -0.304784E+04   -0.109306E+04   -0.977394E+03
    1.6400   -0.310670E+04   -0.114415E+04   -0.981278E+03
    1.6450   -0.316609E+04   -0.119435E+04   -0.985870E+03
    1.6500   -0.322660E+04   -0.124357E+04   -0.991513E+03
    1.6550   -0.328886E+04   -0.129177E+04   -0.998548E+03
    1.6600   -0.335348E+04   -0.133891E+04   -0.100729E+04
    1.6650   -0.342090E+04   -0.138500E+04   -0.101795E+04
    1.6700   -0.349135E+04   -0.143008E+04   -0.103064E+04
    1.6750   -0.356476E+04   -0.147422E+04   -0.104527E+04
    1.6800   -0.364072E+04   -0.151748E+04   -0.106162E+04
    1.6850   -0.371845E+04   -0.155992E+04   -0.107927E+04
    1.6900   -0.379731E+04   -0.160159E+04   -0.109786E+04
    1.6950   -0.387565E+04   -0.164254E+04   -0.111655E+04
    1.7000   -0.395238E+04   -0.168278E+04   -0.113480E+04
    1.7050   -0.402619E+04   -0.172228E+04   -0.115196E+04
    1.7100   -0.409579E+04   -0.176100E+04   -0.116739E+04
    1.7150   -0.415986E+04   -0.179888E+04   -0.118049E+04
    1.7200   -0.421745E+04   -0.183580E+04   -0.119082E+04
    1.7250   -0.426766E+04   -0.187169E+04   -0.119798E+04
    1.7300   -0.430988E+04   -0.190644E+04   -0.120172E+04
    1.7350   -0.434391E+04   -0.193998E+04   -0.120196E+04
    1.7400   -0.437010E+04   -0.197222E+04   -0.119894E+04
    1.7450   -0.438932E+04   -0.200303E+04   -0.119315E+04
    1.7500   -0.440263E+04   -0.203232E+04   -0.118515E+04
    1.7550   -0.441095E+04   -0.206002E+04   -0.117547E+04
    1.7600   -0.441505E+04   -0.208610E+04   -0.116447E+04
    1.7650   -0.441558E+04   -0.211058E+04   -0.115250E+04
    1.7700   -0.441313E+04   -0.213349E+04   -0.113982E+04
    1.7750   -0.440830E+04   -0.215491E+04   -0.112670E+04
    1.7800   -0.440169E+04   -0.217491E+04   -0.111339E+04
    1.7850   -0.439388E+04   -0.219360E+04   -0.110014E+04
    1.7900   -0.438546E+04   -0.221107E+04   -0.108719E+04
    1.7950   -0.437697E+04   -0.222744E+04   -0.107477E+04
    1.8000   -0.436890E+04   -0.224280E+04   -0.106305E+04
    1.8050   -0.436163E+04   -0.225725E+04   -0.105219E+04
    1.8100   -0.435546E+04   -0.227091E+04   -0.104228E+04
    1.8150   -0.435054E+04   -0.228387E+04   -0.103333E+04
    1.8200   -0.434691E+04   -0.229627E+04   -0.102532E+04
    1.8250   -0.434449E+04   -0.230824E+04   -0.101813E+04
    1.8300   -0.434310E+04   -0.231993E+04   -0.101158E+04
    1.8350   -0.434247E+04   -0.233154E+04   -0.100546E+04
    1.8400   -0.434228E+04   -0.234328E+04   -0.999497E+03
    1.8450   -0.434219E+04   -0.235544E+04   -0.993374E+03
    1.8500   -0.434178E+04   -0.236825E+04   -0.986764E+03
    1.8550   -0.434087E+04   -0.238232E+04   -0.979276E+03
    1.8600   -0.433923E+04   -0.239825E+04   -0.970486E+03
    1.8650   -0.433660E+04   -0.241672E+04   -0.959940E+03
    1.8700   -0.433292E+04   -0.243877E+04   -0.947076E+03
    1.8750   -0.432820E+04   -0.246577E+04   -0.931215E+03
    1.8800   -0.432252E+04   -0.249963E+04   -0.911442E+03
    1.8850   -0.431614E+04   -0.254284E+04   -0.886651E+03
    1.8900   -0.430932E+04   -0.259859E+04   -0.855369E+03
    1.8950   -0.430235E+04   -0.267063E+04   -0.815860E+03
    1.9000   -0.429568E+04   -0.276201E+04   -0.766831E+03
    1.9050   -0.428966E+04   -0.287263E+04   -0.708517E+03
    1.9100   -0.428468E+04   -0.299471E+04   -0.644981E+03
    1.9150   -0.428108E+04   -0.311114E+04   -0.584968E+03
    1.9200   -0.427906E+04   -0.320279E+04   -0.538136E+03
    1.9250   -0.427874E+04   -0.325977E+04   -0.509489E+03
    1.9300   -0.427991E+04   -0.328457E+04   -0.497671E+03
    1.9350   -0.428212E+04   -0.328602E+04   -0.498052E+03
    1.9400   -0.428479E+04   -0.327340E+04   -0.505699E+03
    1.9450   -0.428731E+04   -0.325417E+04   -0.516572E+03
    1.9500   -0.428904E+04   -0.323375E+04   -0.527647E+03
    1.9550   -0.428946E+04   -0.321596E+04   -0.536753E+03
    1.9600   -0.428810E+04   -0.320335E+04   -0.542377E+03
    1.9650   -0.428462E+04   -0.319752E+04   -0.543551E+03
    1.9700   -0.427872E+04   -0.319913E+04   -0.539795E+03
    1.9750   -0.427008E+04   -0.320797E+04   -0.531055E+03
    1.9800   -0.425834E+04   -0.322306E+04   -0.517639E+03
    1.9850   -0.424313E+04   -0.324283E+04   -0.500148E+03
    1.9900   -0.422414E+04   -0.326538E+04   -0.479381E+03
    1.9950   -0.420135E+04   -0.328883E+04   -0.456261E+03
    2.0000   -0.417509E+04   -0.331152E+04   -0.431786E+03
    2.0050   -0.414605E+04   -0.333210E+04   -0.406976E+03
    2.0100   -0.411508E+04   -0.334939E+04   -0.382845E+03
    2.0150   -0.408296E+04   -0.336226E+04   -0.360350E+03
    2.0200   -0.404983E+04   -0.336944E+04   -0.340199E+03
    2.0250   -0.401580E+04   -0.336996E+04   -0.322922E+03
    2.0300   -0.398076E+04   -0.336336E+04   -0.308696E+03
    2.0350   -0.394476E+04   -0.334997E+04   -0.297399E+03
    2.0400   -0.390806E+04   -0.333072E+04   -0.288667E+03
    2.0450   -0.387075E+04   -0.330682E+04   -0.281968E+03
    2.0500   -0.383267E+04   -0.327936E+04   -0.276655E+03
    2.0550   -0.379330E+04   -0.324928E+04   -0.272012E+03
    2.0600   -0.375221E+04   -0.321761E+04   -0.267298E+03
    2.0650   -0.370936E+04   -0.318577E+04   -0.261798E+03
    2.0700   -0.366477E+04   -0.315537E+04   -0.254703E+03
    2.0750   -0.361817E+04   -0.312808E+04   -0.245049E+03
    2.0800   -0.356884E+04   -0.310542E+04   -0.231711E+03
    2.0850   -0.351606E+04   -0.308852E+04   -0.213769E+03
    2.0900   -0.346041E+04   -0.307826E+04   -0.191071E+03
    2.0950   -0.340297E+04   -0.307470E+04   -0.164137E+03
    2.1000   -0.334449E+04   -0.307799E+04   -0.133251E+03
    2.1050   -0.328428E+04   -0.308893E+04   -0.976775E+02
    2.1100   -0.322117E+04   -0.310868E+04   -0.562434E+02
    2.1150   -0.315538E+04   -0.313741E+04   -0.898541E+01
    2.1200   -0.308901E+04   -0.317353E+04    0.422604E+02
    2.1250   -0.302381E+04   -0.321495E+04    0.955663E+02
    2.1300   -0.295885E+04   -0.326132E+04    0.151233E+03
    2.1350   -0.289159E+04   -0.331382E+04    0.211114E+03
    2.1400   -0.282180E+04   -0.337174E+04    0.274972E+03
    2.1450   -0.275173E+04   -0.343242E+04    0.340345E+03
    2.1500   -0.268381E+04   -0.349254E+04    0.404367E+03
    2.1550   -0.261739E+04   -0.355129E+04    0.466950E+03
    2.1600   -0.254913E+04   -0.361030E+04    0.530582E+03
    2.1650   -0.247705E+04   -0.367095E+04    0.596948E+03
    2.1700   -0.240267E+04   -0.373171E+04    0.664519E+03
    2.1750   -0.232930E+04   -0.378947E+04    0.730085E+03
    2.1800   -0.225807E+04   -0.384287E+04    0.792400E+03
    2.1850   -0.218672E+04   -0.389373E+04    0.853504E+03
    2.1900   -0.211247E+04   -0.394496E+04    0.916245E+03
    2.1950   -0.203528E+04   -0.399764E+04    0.981183E+03
    2.2000   -0.195827E+04   -0.405015E+04    0.104594E+04
    2.2050   -0.188486E+04   -0.410025E+04    0.110769E+04
    2.2100   -0.181602E+04   -0.414764E+04    0.116581E+04
    2.2150   -0.174986E+04   -0.419466E+04    0.122240E+04
    2.2200   -0.168392E+04   -0.424442E+04    0.128025E+04
    2.2250   -0.161718E+04   -0.429910E+04    0.134096E+04
    2.2300   -0.155093E+04   -0.435835E+04    0.140371E+04
    2.2350   -0.148741E+04   -0.442061E+04    0.146660E+04
    2.2400   -0.142797E+04   -0.448460E+04    0.152832E+04
    2.2450   -0.137225E+04   -0.455025E+04    0.158900E+04
    2.2500   -0.131845E+04   -0.461883E+04    0.165019E+04
    2.2550   -0.126442E+04   -0.469203E+04    0.171381E+04
    2.2600   -0.120885E+04   -0.477095E+04    0.178105E+04
    2.2650   -0.115150E+04   -0.485562E+04    0.185206E+04
    2.2700   -0.109323E+04   -0.494489E+04    0.192583E+04
    2.2750   -0.103519E+04   -0.503732E+04    0.200106E+04
    2.2800   -0.978563E+03   -0.513131E+04    0.207637E+04
    2.2850   -0.923826E+03   -0.522589E+04    0.215103E+04
    2.2900   -0.120601E+04   -0.476444E+04    0.177921E+04
    2.2950   -0.505892E+04   -0.434540E+04   -0.356762E+03
