    0.0000    0.119884E-08   -0.459606E-09    0.829224E-09
    0.0050    0.133505E+04    0.145745E+03    0.594653E+03
    0.0100    0.133813E+04   -0.655396E+02    0.701836E+03
    0.0150    0.131071E+04   -0.256907E+03    0.783810E+03
    0.0200    0.126351E+04   -0.424781E+03    0.844144E+03
    0.0250    0.120146E+04   -0.565226E+03    0.883344E+03
    0.0300    0.112702E+04   -0.675754E+03    0.901386E+03
    0.0350    0.104328E+04   -0.756935E+03    0.900108E+03
    0.0400    0.955284E+03   -0.812793E+03    0.884038E+03
    0.0450    0.869135E+03   -0.849686E+03    0.859411E+03
    0.0500    0.790189E+03   -0.874197E+03    0.832193E+03
    0.0550    0.721540E+03   -0.891093E+03    0.806316E+03
    0.0600    0.663725E+03   -0.902274E+03    0.783000E+03
    0.0650    0.615669E+03   -0.907059E+03    0.761364E+03
    0.0700    0.576362E+03   -0.903413E+03    0.739887E+03
    0.0750    0.546433E+03   -0.889364E+03    0.717898E+03
    0.0800    0.526461E+03   -0.865254E+03    0.695858E+03
    0.0850    0.515560E+03   -0.834569E+03    0.675064E+03
    0.0900    0.514238E+03   -0.801399E+03    0.657818E+03
    0.0950    0.523543E+03   -0.769287E+03    0.646415E+03
    0.1000    0.543810E+03   -0.740608E+03    0.642209E+03
    0.1050    0.574329E+03   -0.716217E+03    0.645273E+03
    0.1100    0.613491E+03   -0.695568E+03    0.654530E+03
    0.1150    0.659122E+03   -0.677219E+03    0.668171E+03
    0.1200    0.708829E+03   -0.659462E+03    0.684145E+03
    0.1250    0.760280E+03   -0.640914E+03    0.700597E+03
    0.1300    0.811414E+03   -0.620921E+03    0.716168E+03
    0.1350    0.860573E+03   -0.599710E+03    0.730142E+03
    0.1400    0.906573E+03   -0.578295E+03    0.742434E+03
    0.1450    0.948718E+03   -0.558155E+03    0.753437E+03
    0.1500    0.986763E+03   -0.540788E+03    0.763776E+03
    0.1550    0.102084E+04   -0.527264E+03    0.774053E+03
    0.1600    0.105138E+04   -0.517929E+03    0.784654E+03
    0.1650    0.107901E+04   -0.512359E+03    0.795683E+03
    0.1700    0.110448E+04   -0.509580E+03    0.807031E+03
    0.1750    0.112864E+04   -0.508459E+03    0.818549E+03
    0.1800    0.115230E+04   -0.508127E+03    0.830213E+03
    0.1850    0.117622E+04   -0.508258E+03    0.842241E+03
    0.1900    0.120103E+04   -0.509129E+03    0.855079E+03
    0.1950    0.122715E+04   -0.511424E+03    0.869288E+03
    0.2000    0.125482E+04   -0.515873E+03    0.885344E+03
    0.2050    0.128403E+04   -0.522875E+03    0.903454E+03
    0.2100    0.131463E+04   -0.532217E+03    0.923423E+03
    0.2150    0.134627E+04   -0.543008E+03    0.944640E+03
    0.2200    0.137852E+04   -0.553827E+03    0.966175E+03
    0.2250    0.141089E+04   -0.563039E+03    0.986963E+03
    0.2300    0.144287E+04   -0.569172E+03    0.100602E+04
    0.2350    0.147404E+04   -0.571246E+03    0.102264E+04
    0.2400    0.150404E+04   -0.568952E+03    0.103650E+04
    0.2450    0.153255E+04   -0.562619E+03    0.104759E+04
    0.2500    0.155963E+04   -0.553334E+03    0.105648E+04
    0.2550    0.158548E+04   -0.542609E+03    0.106404E+04
    0.2600    0.161096E+04   -0.532687E+03    0.107182E+04
    0.2650    0.163582E+04   -0.524585E+03    0.108020E+04
    0.2700    0.165846E+04   -0.517191E+03    0.108782E+04
    0.2750    0.167825E+04   -0.509571E+03    0.109391E+04
    0.2800    0.169523E+04   -0.501212E+03    0.109822E+04
    0.2850    0.170961E+04   -0.491881E+03    0.110074E+04
    0.2900    0.172164E+04   -0.481623E+03    0.110163E+04
    0.2950    0.173161E+04   -0.470732E+03    0.110117E+04
    0.3000    0.173980E+04   -0.459649E+03    0.109972E+04
    0.3050    0.174648E+04   -0.448812E+03    0.109765E+04
    0.3100    0.175190E+04   -0.438850E+03    0.109537E+04
    0.3150    0.175625E+04   -0.429236E+03    0.109274E+04
    0.3200    0.175971E+04   -0.420144E+03    0.108992E+04
    0.3250    0.176237E+04   -0.411385E+03    0.108688E+04
    0.3300    0.176430E+04   -0.402827E+03    0.108356E+04
    0.3350    0.176553E+04   -0.394524E+03    0.108002E+04
    0.3400    0.176605E+04   -0.386787E+03    0.107642E+04
    0.3450    0.176587E+04   -0.380164E+03    0.107302E+04
    0.3500    0.176498E+04   -0.375338E+03    0.107016E+04
    0.3550    0.176343E+04   -0.372974E+03    0.106820E+04
    0.3600    0.176130E+04   -0.373567E+03    0.106743E+04
    0.3650    0.175873E+04   -0.377325E+03    0.106803E+04
    0.3700    0.175591E+04   -0.384138E+03    0.107003E+04
    0.3750    0.175305E+04   -0.393609E+03    0.107333E+04
    0.3800    0.175037E+04   -0.405155E+03    0.107776E+04
    0.3850    0.174807E+04   -0.418112E+03    0.108309E+04
    0.3900    0.174630E+04   -0.431847E+03    0.108908E+04
    0.3950    0.174515E+04   -0.445810E+03    0.109548E+04
    0.4000    0.174461E+04   -0.459536E+03    0.110207E+04
    0.4050    0.174455E+04   -0.472610E+03    0.110858E+04
    0.4100    0.174476E+04   -0.484595E+03    0.111468E+04
    0.4150    0.174491E+04   -0.495001E+03    0.111995E+04
    0.4200    0.174462E+04   -0.503273E+03    0.112395E+04
    0.4250    0.174348E+04   -0.508845E+03    0.112616E+04
    0.4300    0.174109E+04   -0.511265E+03    0.112618E+04
    0.4350    0.173717E+04   -0.510415E+03    0.112379E+04
    0.4400    0.173177E+04   -0.507029E+03    0.111940E+04
    0.4450    0.172540E+04   -0.502969E+03    0.111418E+04
    0.4500    0.171774E+04   -0.498173E+03    0.110796E+04
    0.4550    0.170794E+04   -0.490722E+03    0.109933E+04
    0.4600    0.169598E+04   -0.479873E+03    0.108792E+04
    0.4650    0.168224E+04   -0.465645E+03    0.107394E+04
    0.4700    0.166728E+04   -0.448295E+03    0.105779E+04
    0.4750    0.165162E+04   -0.428146E+03    0.103988E+04
    0.4800    0.163575E+04   -0.405560E+03    0.102066E+04
    0.4850    0.162010E+04   -0.380947E+03    0.100052E+04
    0.4900    0.160497E+04   -0.354781E+03    0.979875E+03
    0.4950    0.159057E+04   -0.327609E+03    0.959088E+03
    0.5000    0.157698E+04   -0.300029E+03    0.938502E+03
    0.5050    0.156417E+04   -0.272653E+03    0.918411E+03
    0.5100    0.155203E+04   -0.246060E+03    0.899047E+03
    0.5150    0.154040E+04   -0.220744E+03    0.880571E+03
    0.5200    0.152906E+04   -0.197087E+03    0.863073E+03
    0.5250    0.151781E+04   -0.175339E+03    0.846573E+03
    0.5300    0.150646E+04   -0.155623E+03    0.831040E+03
    0.5350    0.149488E+04   -0.137946E+03    0.816412E+03
    0.5400    0.148300E+04   -0.122213E+03    0.802608E+03
    0.5450    0.147083E+04   -0.108241E+03    0.789538E+03
    0.5500    0.145845E+04   -0.957545E+02    0.777101E+03
    0.5550    0.144596E+04   -0.843879E+02    0.765175E+03
    0.5600    0.143352E+04   -0.736813E+02    0.753599E+03
    0.5650    0.142125E+04   -0.630937E+02    0.742173E+03
    0.5700    0.140928E+04   -0.520294E+02    0.730654E+03
    0.5750    0.139766E+04   -0.398836E+02    0.718771E+03
    0.5800    0.138638E+04   -0.260994E+02    0.706242E+03
    0.5850    0.137537E+04   -0.102258E+02    0.692796E+03
    0.5900    0.136443E+04    0.803748E+01    0.678194E+03
    0.5950    0.135331E+04    0.288151E+02    0.662245E+03
    0.6000    0.134169E+04    0.520536E+02    0.644816E+03
    0.6050    0.132922E+04    0.775406E+02    0.625839E+03
    0.6100    0.131556E+04    0.104935E+03    0.605312E+03
    0.6150    0.130041E+04    0.133783E+03    0.583311E+03
    0.6200    0.128358E+04    0.163459E+03    0.560059E+03
    0.6250    0.126516E+04    0.192915E+03    0.536122E+03
    0.6300    0.124552E+04    0.220710E+03    0.512403E+03
    0.6350    0.122450E+04    0.246986E+03    0.488755E+03
    0.6400    0.120186E+04    0.272796E+03    0.464532E+03
    0.6450    0.117791E+04    0.298503E+03    0.439705E+03
    0.6500    0.115321E+04    0.324095E+03    0.414555E+03
    0.6550    0.112833E+04    0.349439E+03    0.389444E+03
    0.6600    0.110385E+04    0.374362E+03    0.364745E+03
    0.6650    0.108029E+04    0.398684E+03    0.340805E+03
    0.6700    0.105808E+04    0.422220E+03    0.317932E+03
    0.6750    0.103754E+04    0.444786E+03    0.296379E+03
    0.6800    0.101887E+04    0.466198E+03    0.276334E+03
    0.6850    0.100210E+04    0.486266E+03    0.257919E+03
    0.6900    0.987159E+03    0.504801E+03    0.241179E+03
    0.6950    0.973800E+03    0.521626E+03    0.226087E+03
    0.7000    0.961682E+03    0.536592E+03    0.212545E+03
    0.7050    0.950374E+03    0.549600E+03    0.200387E+03
    0.7100    0.939393E+03    0.560623E+03    0.189385E+03
    0.7150    0.928238E+03    0.569715E+03    0.179261E+03
    0.7200    0.916432E+03    0.577016E+03    0.169708E+03
    0.7250    0.903561E+03    0.582736E+03    0.160413E+03
    0.7300    0.889310E+03    0.587157E+03    0.151077E+03
    0.7350    0.873489E+03    0.590572E+03    0.141459E+03
    0.7400    0.856045E+03    0.593289E+03    0.131378E+03
    0.7450    0.837060E+03    0.595601E+03    0.120729E+03
    0.7500    0.816753E+03    0.597775E+03    0.109489E+03
    0.7550    0.795436E+03    0.600032E+03    0.977018E+02
    0.7600    0.773503E+03    0.602550E+03    0.854765E+02
    0.7650    0.751389E+03    0.605452E+03    0.729686E+02
    0.7700    0.729532E+03    0.608809E+03    0.603616E+02
    0.7750    0.708330E+03    0.612638E+03    0.478461E+02
    0.7800    0.688105E+03    0.616890E+03    0.356078E+02
    0.7850    0.669077E+03    0.621464E+03    0.238067E+02
    0.7900    0.651346E+03    0.626212E+03    0.125669E+02
    0.7950    0.634880E+03    0.630938E+03    0.197113E+01
    0.8000    0.619533E+03    0.635414E+03   -0.794055E+01
    0.8050    0.605048E+03    0.639297E+03   -0.171245E+02
    0.8100    0.591081E+03    0.641894E+03   -0.254061E+02
    0.8150    0.577224E+03    0.642291E+03   -0.325334E+02
    0.8200    0.563149E+03    0.640985E+03   -0.389181E+02
    0.8250    0.548717E+03    0.639079E+03   -0.451813E+02
    0.8300    0.533851E+03    0.637192E+03   -0.516704E+02
    0.8350    0.518466E+03    0.635695E+03   -0.586143E+02
    0.8400    0.502468E+03    0.634848E+03   -0.661898E+02
    0.8450    0.485779E+03    0.634912E+03   -0.745661E+02
    0.8500    0.468362E+03    0.637810E+03   -0.847240E+02
    0.8550    0.450230E+03    0.685292E+03   -0.117531E+03
    0.8600    0.431448E+03    0.703977E+03   -0.136265E+03
    0.8650    0.412168E+03    0.707685E+03   -0.147759E+03
    0.8700    0.392580E+03    0.708662E+03   -0.158041E+03
    0.8750    0.372907E+03    0.708480E+03   -0.167787E+03
    0.8800    0.353391E+03    0.707458E+03   -0.177034E+03
    0.8850    0.334277E+03    0.705601E+03   -0.185662E+03
    0.8900    0.315779E+03    0.702798E+03   -0.193510E+03
    0.8950    0.298072E+03    0.698931E+03   -0.200429E+03
    0.9000    0.281266E+03    0.693907E+03   -0.206321E+03
    0.9050    0.265372E+03    0.687684E+03   -0.211156E+03
    0.9100    0.250297E+03    0.680302E+03   -0.215002E+03
    0.9150    0.235810E+03    0.671878E+03   -0.218034E+03
    0.9200    0.221534E+03    0.662635E+03   -0.220551E+03
    0.9250    0.206914E+03    0.652858E+03   -0.222972E+03
    0.9300    0.191182E+03    0.642878E+03   -0.225848E+03
    0.9350    0.173279E+03    0.633078E+03   -0.229900E+03
    0.9400    0.151628E+03    0.623841E+03   -0.236107E+03
    0.9450    0.123294E+03    0.615517E+03   -0.246111E+03
    0.9500    0.791487E+02    0.608434E+03   -0.264643E+03
    0.9550    0.380805E+02    0.602849E+03   -0.282384E+03
    0.9600    0.319993E+02    0.598946E+03   -0.283473E+03
    0.9650    0.368625E+02    0.596821E+03   -0.279979E+03
    0.9700    0.435021E+02    0.596474E+03   -0.276486E+03
    0.9750    0.480949E+02    0.597780E+03   -0.274843E+03
    0.9800    0.487216E+02    0.600512E+03   -0.275895E+03
    0.9850    0.445905E+02    0.604287E+03   -0.279848E+03
    0.9900    0.356052E+02    0.608486E+03   -0.286440E+03
    0.9950    0.221169E+02    0.612054E+03   -0.294968E+03
    1.0000    0.514720E+01    0.613462E+03   -0.304157E+03
    1.0050   -0.137121E+02    0.611172E+03   -0.312442E+03
    1.0100   -0.332808E+02    0.602296E+03   -0.317789E+03
    1.0150   -0.525645E+02    0.579573E+03   -0.316069E+03
    1.0200   -0.694534E+02    0.525933E+03   -0.297693E+03
    1.0250   -0.784685E+02    0.428810E+03   -0.253639E+03
    1.0300   -0.798760E+02    0.350515E+03   -0.215195E+03
    1.0350   -0.831116E+02    0.324308E+03   -0.203710E+03
    1.0400   -0.898066E+02    0.325007E+03   -0.207407E+03
    1.0450   -0.987590E+02    0.337048E+03   -0.217904E+03
    1.0500   -0.109101E+03    0.354022E+03   -0.231562E+03
    1.0550   -0.120327E+03    0.373150E+03   -0.246739E+03
    1.0600   -0.132026E+03    0.392964E+03   -0.262495E+03
    1.0650   -0.143924E+03    0.412666E+03   -0.278295E+03
    1.0700   -0.155732E+03    0.431767E+03   -0.293749E+03
    1.0750   -0.167103E+03    0.449975E+03   -0.308539E+03
    1.0800   -0.177699E+03    0.467128E+03   -0.322413E+03
    1.0850   -0.187080E+03    0.483145E+03   -0.335112E+03
    1.0900   -0.194871E+03    0.498036E+03   -0.346453E+03
    1.0950   -0.200682E+03    0.511857E+03   -0.356269E+03
    1.1000   -0.204120E+03    0.524694E+03   -0.364407E+03
    1.1050   -0.204934E+03    0.536667E+03   -0.370800E+03
    1.1100   -0.202945E+03    0.547905E+03   -0.375425E+03
    1.1150   -0.198080E+03    0.558521E+03   -0.378301E+03
    1.1200   -0.190440E+03    0.568632E+03   -0.379536E+03
    1.1250   -0.180210E+03    0.578297E+03   -0.379254E+03
    1.1300   -0.167763E+03    0.587568E+03   -0.377666E+03
    1.1350   -0.153579E+03    0.596445E+03   -0.375012E+03
    1.1400   -0.138179E+03    0.604875E+03   -0.371527E+03
    1.1450   -0.122187E+03    0.612783E+03   -0.367485E+03
    1.1500   -0.106214E+03    0.620050E+03   -0.363132E+03
    1.1550   -0.908202E+02    0.626548E+03   -0.358684E+03
    1.1600   -0.765227E+02    0.632142E+03   -0.354332E+03
    1.1650   -0.636607E+02    0.636693E+03   -0.350177E+03
    1.1700   -0.524375E+02    0.640054E+03   -0.346246E+03
    1.1750   -0.427052E+02    0.641981E+03   -0.342343E+03
    1.1800   -0.336491E+02    0.641884E+03   -0.337767E+03
    1.1850   -0.245472E+02    0.639348E+03   -0.331948E+03
    1.1900   -0.161650E+02    0.635245E+03   -0.325705E+03
    1.1950   -0.885377E+01    0.630529E+03   -0.319691E+03
    1.2000   -0.219857E+01    0.625743E+03   -0.313971E+03
    1.2050    0.441671E+01    0.621238E+03   -0.308411E+03
    1.2100    0.115074E+02    0.617286E+03   -0.302889E+03
    1.2150    0.194386E+02    0.614089E+03   -0.297325E+03
    1.2200    0.284135E+02    0.611787E+03   -0.291687E+03
    1.2250    0.384183E+02    0.610475E+03   -0.286029E+03
    1.2300    0.493021E+02    0.610185E+03   -0.280442E+03
    1.2350    0.607313E+02    0.610905E+03   -0.275087E+03
    1.2400    0.722799E+02    0.612587E+03   -0.270153E+03
    1.2450    0.834566E+02    0.615135E+03   -0.265839E+03
    1.2500    0.937336E+02    0.618439E+03   -0.262353E+03
    1.2550    0.102626E+03    0.622356E+03   -0.259865E+03
    1.2600    0.109697E+03    0.626741E+03   -0.258522E+03
    1.2650    0.114618E+03    0.631438E+03   -0.258410E+03
    1.2700    0.117195E+03    0.636302E+03   -0.259553E+03
    1.2750    0.117369E+03    0.641190E+03   -0.261911E+03
    1.2800    0.115182E+03    0.646007E+03   -0.265413E+03
    1.2850    0.110821E+03    0.650651E+03   -0.269915E+03
    1.2900    0.104560E+03    0.655059E+03   -0.275250E+03
    1.2950    0.966968E+02    0.659188E+03   -0.281246E+03
    1.3000    0.875540E+02    0.663031E+03   -0.287738E+03
    1.3050    0.774200E+02    0.666594E+03   -0.294587E+03
    1.3100    0.665056E+02    0.669919E+03   -0.301707E+03
    1.3150    0.549391E+02    0.673058E+03   -0.309060E+03
    1.3200    0.427257E+02    0.676088E+03   -0.316681E+03
    1.3250    0.297507E+02    0.679087E+03   -0.324668E+03
    1.3300    0.158020E+02    0.682138E+03   -0.333168E+03
    1.3350    0.568122E+00    0.685314E+03   -0.342373E+03
    1.3400   -0.163061E+02    0.688676E+03   -0.352491E+03
    1.3450   -0.351942E+02    0.692250E+03   -0.363722E+03
    1.3500   -0.564327E+02    0.696033E+03   -0.376233E+03
    1.3550   -0.802517E+02    0.699952E+03   -0.390102E+03
    1.3600   -0.106624E+03    0.703828E+03   -0.405226E+03
    1.3650   -0.135008E+03    0.707250E+03   -0.421129E+03
    1.3700   -0.164975E+03    0.709984E+03   -0.437480E+03
    1.3750   -0.197113E+03    0.712468E+03   -0.454791E+03
    1.3800   -0.231534E+03    0.715046E+03   -0.473290E+03
    1.3850   -0.267838E+03    0.717800E+03   -0.492819E+03
    1.3900   -0.305461E+03    0.720682E+03   -0.513071E+03
    1.3950   -0.343927E+03    0.723583E+03   -0.533755E+03
    1.4000   -0.382889E+03    0.726330E+03   -0.554609E+03
    1.4050   -0.422140E+03    0.728715E+03   -0.575428E+03
    1.4100   -0.461634E+03    0.730495E+03   -0.596064E+03
    1.4150   -0.501457E+03    0.731408E+03   -0.616432E+03
    1.4200   -0.541837E+03    0.731183E+03   -0.636510E+03
    1.4250   -0.583105E+03    0.729568E+03   -0.656337E+03
    1.4300   -0.625680E+03    0.726336E+03   -0.676008E+03
    1.4350   -0.669851E+03    0.721216E+03   -0.695533E+03
    1.4400   -0.716084E+03    0.714074E+03   -0.715079E+03
    1.4450   -0.764736E+03    0.704810E+03   -0.734773E+03
    1.4500   -0.816049E+03    0.693364E+03   -0.754707E+03
    1.4550   -0.870173E+03    0.679739E+03   -0.774956E+03
    1.4600   -0.927128E+03    0.663996E+03   -0.795562E+03
    1.4650   -0.986828E+03    0.646243E+03   -0.816536E+03
    1.4700   -0.104907E+04    0.626632E+03   -0.837852E+03
    1.4750   -0.111360E+04    0.605343E+03   -0.859473E+03
    1.4800   -0.118010E+04    0.582572E+03   -0.881338E+03
    1.4850   -0.124827E+04    0.558521E+03   -0.903397E+03
    1.4900   -0.131783E+04    0.533378E+03   -0.925606E+03
    1.4950   -0.138859E+04    0.507315E+03   -0.947952E+03
    1.5000   -0.146042E+04    0.480466E+03   -0.970443E+03
    1.5050   -0.153333E+04    0.452941E+03   -0.993137E+03
    1.5100   -0.160738E+04    0.424811E+03   -0.101610E+04
    1.5150   -0.168287E+04    0.396100E+03   -0.103949E+04
    1.5200   -0.176001E+04    0.366816E+03   -0.106341E+04
    1.5250   -0.183911E+04    0.336955E+03   -0.108803E+04
    1.5300   -0.192047E+04    0.306482E+03   -0.111348E+04
    1.5350   -0.200432E+04    0.275376E+03   -0.113985E+04
    1.5400   -0.209073E+04    0.243606E+03   -0.116717E+04
    1.5450   -0.217953E+04    0.211168E+03   -0.119535E+04
    1.5500   -0.227011E+04    0.178078E+03   -0.122410E+04
    1.5550   -0.236206E+04    0.144402E+03   -0.125323E+04
    1.5600   -0.245547E+04    0.110181E+03   -0.128283E+04
    1.5650   -0.254969E+04    0.754803E+02   -0.131259E+04
    1.5700   -0.264314E+04    0.403616E+02   -0.134175E+04
    1.5750   -0.273347E+04    0.489923E+01   -0.136918E+04
    1.5800   -0.281761E+04   -0.308510E+02   -0.139338E+04
    1.5850   -0.289269E+04   -0.668283E+02   -0.141293E+04
    1.5900   -0.295926E+04   -0.102982E+03   -0.142814E+04
    1.5950   -0.302678E+04   -0.139224E+03   -0.144378E+04
    1.6000   -0.311199E+04   -0.175490E+03   -0.146825E+04
    1.6050   -0.322639E+04   -0.211706E+03   -0.150734E+04
    1.6100   -0.337034E+04   -0.247762E+03   -0.156129E+04
    1.6150   -0.353707E+04   -0.283528E+03   -0.162677E+04
    1.6200   -0.371861E+04   -0.318857E+03   -0.169988E+04
    1.6250   -0.390825E+04   -0.353583E+03   -0.177734E+04
    1.6300   -0.410092E+04   -0.387539E+03   -0.185669E+04
    1.6350   -0.429293E+04   -0.420542E+03   -0.193620E+04
    1.6400   -0.448165E+04   -0.452434E+03   -0.201461E+04
    1.6450   -0.466517E+04   -0.483067E+03   -0.209105E+04
    1.6500   -0.484217E+04   -0.512325E+03   -0.216492E+04
    1.6550   -0.501172E+04   -0.540129E+03   -0.223580E+04
    1.6600   -0.517324E+04   -0.566440E+03   -0.230340E+04
    1.6650   -0.532641E+04   -0.591255E+03   -0.236758E+04
    1.6700   -0.547115E+04   -0.614605E+03   -0.242827E+04
    1.6750   -0.560754E+04   -0.636553E+03   -0.248549E+04
    1.6800   -0.573588E+04   -0.657173E+03   -0.253935E+04
    1.6850   -0.585646E+04   -0.676533E+03   -0.258996E+04
    1.6900   -0.596975E+04   -0.694710E+03   -0.263752E+04
    1.6950   -0.607625E+04   -0.711756E+03   -0.268225E+04
    1.7000   -0.617635E+04   -0.727675E+03   -0.272434E+04
    1.7050   -0.627066E+04   -0.742511E+03   -0.276408E+04
    1.7100   -0.635946E+04   -0.756204E+03   -0.280163E+04
    1.7150   -0.644303E+04   -0.768687E+03   -0.283717E+04
    1.7200   -0.652152E+04   -0.779876E+03   -0.287082E+04
    1.7250   -0.659506E+04   -0.789670E+03   -0.290270E+04
    1.7300   -0.666376E+04   -0.797989E+03   -0.293288E+04
    1.7350   -0.672798E+04   -0.804807E+03   -0.296159E+04
    1.7400   -0.678807E+04   -0.810140E+03   -0.298896E+04
    1.7450   -0.684328E+04   -0.813909E+03   -0.301468E+04
    1.7500   -0.689270E+04   -0.816037E+03   -0.303833E+04
    1.7550   -0.693588E+04   -0.816521E+03   -0.305968E+04
    1.7600   -0.697258E+04   -0.815411E+03   -0.307858E+04
    1.7650   -0.700277E+04   -0.812788E+03   -0.309499E+04
    1.7700   -0.702656E+04   -0.808760E+03   -0.310890E+04
    1.7750   -0.704419E+04   -0.803442E+03   -0.312037E+04
    1.7800   -0.705601E+04   -0.796954E+03   -0.312953E+04
    1.7850   -0.706246E+04   -0.789416E+03   -0.313652E+04
    1.7900   -0.706399E+04   -0.780933E+03   -0.314153E+04
    1.7950   -0.706105E+04   -0.771604E+03   -0.314472E+04
    1.8000   -0.705402E+04   -0.761513E+03   -0.314625E+04
    1.8050   -0.704312E+04   -0.750728E+03   -0.314620E+04
    1.8100   -0.702842E+04   -0.739315E+03   -0.314455E+04
    1.8150   -0.700976E+04   -0.727334E+03   -0.314122E+04
    1.8200   -0.698678E+04   -0.714846E+03   -0.313596E+04
    1.8250   -0.695883E+04   -0.701919E+03   -0.312846E+04
    1.8300   -0.692512E+04   -0.688628E+03   -0.311825E+04
    1.8350   -0.688465E+04   -0.675064E+03   -0.310479E+04
    1.8400   -0.683633E+04   -0.661322E+03   -0.308751E+04
    1.8450   -0.677904E+04   -0.647508E+03   -0.306577E+04
    1.8500   -0.671168E+04   -0.633731E+03   -0.303897E+04
    1.8550   -0.663324E+04   -0.620093E+03   -0.300657E+04
    1.8600   -0.654287E+04   -0.606689E+03   -0.296809E+04
    1.8650   -0.643990E+04   -0.593596E+03   -0.292315E+04
    1.8700   -0.632388E+04   -0.580870E+03   -0.287150E+04
    1.8750   -0.619455E+04   -0.568544E+03   -0.281300E+04
    1.8800   -0.605188E+04   -0.556629E+03   -0.274762E+04
    1.8850   -0.589598E+04   -0.545120E+03   -0.267543E+04
    1.8900   -0.572713E+04   -0.533996E+03   -0.259657E+04
    1.8950   -0.554573E+04   -0.523241E+03   -0.251124E+04
    1.9000   -0.535224E+04   -0.512845E+03   -0.241970E+04
    1.9050   -0.514719E+04   -0.502815E+03   -0.232219E+04
    1.9100   -0.493138E+04   -0.493225E+03   -0.221908E+04
    1.9150   -0.470566E+04   -0.484174E+03   -0.211074E+04
    1.9200   -0.447148E+04   -0.475862E+03   -0.199781E+04
    1.9250   -0.423105E+04   -0.468610E+03   -0.188122E+04
    1.9300   -0.398426E+04   -0.462559E+03   -0.176085E+04
    1.9350   -0.372980E+04   -0.457752E+03   -0.163602E+04
    1.9400   -0.346803E+04   -0.454382E+03   -0.150682E+04
    1.9450   -0.320009E+04   -0.452637E+03   -0.137373E+04
    1.9500   -0.292776E+04   -0.452685E+03   -0.123754E+04
    1.9550   -0.265321E+04   -0.454616E+03   -0.109930E+04
    1.9600   -0.237887E+04   -0.458428E+03   -0.960220E+03
    1.9650   -0.210738E+04   -0.464007E+03   -0.821685E+03
    1.9700   -0.184153E+04   -0.471136E+03   -0.685198E+03
    1.9750   -0.158414E+04   -0.479495E+03   -0.552324E+03
    1.9800   -0.133786E+04   -0.488677E+03   -0.424593E+03
    1.9850   -0.110546E+04   -0.498269E+03   -0.303596E+03
    1.9900   -0.889020E+03   -0.507795E+03   -0.190613E+03
    1.9950   -0.690273E+03   -0.516817E+03   -0.867281E+02
    2.0000   -0.510430E+03   -0.524972E+03    0.727091E+01
    2.0050   -0.349761E+03   -0.531965E+03    0.911018E+02
    2.0100   -0.208007E+03   -0.537661E+03    0.164827E+03
    2.0150   -0.840041E+02   -0.542064E+03    0.229030E+03
    2.0200    0.242198E+02   -0.545337E+03    0.284778E+03
    2.0250    0.119384E+03   -0.547792E+03    0.333588E+03
    2.0300    0.204802E+03   -0.549878E+03    0.377340E+03
    2.0350    0.284186E+03   -0.552142E+03    0.418164E+03
    2.0400    0.361272E+03   -0.555192E+03    0.458232E+03
    2.0450    0.439851E+03   -0.559573E+03    0.499712E+03
    2.0500    0.522558E+03   -0.565866E+03    0.544212E+03
    2.0550    0.611293E+03   -0.574421E+03    0.592857E+03
    2.0600    0.706417E+03   -0.585403E+03    0.645910E+03
    2.0650    0.806555E+03   -0.598726E+03    0.702641E+03
    2.0700    0.908498E+03   -0.614031E+03    0.761264E+03
    2.0750    0.100762E+04   -0.630655E+03    0.819135E+03
    2.0800    0.109782E+04   -0.647801E+03    0.872811E+03
    2.0850    0.117287E+04   -0.664527E+03    0.918697E+03
    2.0900    0.122715E+04   -0.679929E+03    0.953538E+03
    2.0950    0.125681E+04   -0.693286E+03    0.975050E+03
    2.1000    0.126092E+04   -0.704198E+03    0.982558E+03
    2.1050    0.124217E+04   -0.712701E+03    0.977434E+03
    2.1100    0.120717E+04   -0.719358E+03    0.963263E+03
    2.1150    0.116667E+04   -0.725205E+03    0.945940E+03
    2.1200    0.113609E+04   -0.731483E+03    0.933785E+03
    2.1250    0.113235E+04   -0.739631E+03    0.935990E+03
    2.1300    0.116957E+04   -0.751320E+03    0.960444E+03
    2.1350    0.125658E+04   -0.768046E+03    0.101231E+04
    2.1400    0.139449E+04   -0.790770E+03    0.109263E+04
    2.1450    0.157524E+04   -0.819487E+03    0.119736E+04
    2.1500    0.178129E+04   -0.853101E+03    0.131720E+04
    2.1550    0.198788E+04   -0.889604E+03    0.143874E+04
    2.1600    0.216833E+04   -0.926532E+03    0.154743E+04
    2.1650    0.230117E+04   -0.961539E+03    0.163136E+04
    2.1700    0.237638E+04   -0.992880E+03    0.168463E+04
    2.1750    0.239800E+04   -0.101971E+04    0.170885E+04
    2.1800    0.238194E+04   -0.104214E+04    0.171204E+04
    2.1850    0.234950E+04   -0.106119E+04    0.170535E+04
    2.1900    0.232142E+04   -0.107837E+04    0.169990E+04
    2.1950    0.232654E+04   -0.109529E+04    0.171092E+04
    2.2000    0.240191E+04   -0.111326E+04    0.175758E+04
    2.2050    0.253465E+04   -0.113329E+04    0.183397E+04
    2.2100    0.267769E+04   -0.115636E+04    0.191703E+04
    2.2150    0.280083E+04   -0.118368E+04    0.199226E+04
    2.2200    0.290057E+04   -0.121648E+04    0.205853E+04
    2.2250    0.299270E+04   -0.125549E+04    0.212410E+04
    2.2300    0.309802E+04   -0.130044E+04    0.219923E+04
    2.2350    0.322645E+04   -0.135014E+04    0.228830E+04
    2.2400    0.336701E+04   -0.140331E+04    0.238516E+04
    2.2450    0.349025E+04   -0.145950E+04    0.247487E+04
    2.2500    0.356343E+04   -0.151975E+04    0.254159E+04
    2.2550    0.357068E+04   -0.158658E+04    0.257863E+04
    2.2600    0.352479E+04   -0.166279E+04    0.259379E+04
    2.2650    0.346091E+04   -0.174922E+04    0.260507E+04
    2.2700    0.341399E+04   -0.184342E+04    0.262871E+04
    2.2750    0.339440E+04   -0.194261E+04    0.266851E+04
    2.2800    0.337846E+04   -0.204959E+04    0.271402E+04
    2.2850    0.332291E+04   -0.217546E+04    0.274919E+04
    2.2900    0.319628E+04   -0.232876E+04    0.276252E+04
    2.2950    0.300622E+04   -0.249002E+04    0.274812E+04
    2.3000    0.280088E+04   -0.260397E+04    0.270242E+04
    2.3050    0.263926E+04   -0.264221E+04    0.264074E+04
    2.3100    0.255031E+04   -0.263539E+04    0.259285E+04
    2.3150    0.251062E+04   -0.262043E+04    0.256552E+04
    2.3200    0.245845E+04   -0.261025E+04    0.253435E+04
    2.3250    0.233682E+04   -0.260080E+04    0.246881E+04
    2.3300    0.213504E+04   -0.258599E+04    0.236052E+04
    2.3350    0.189630E+04   -0.256776E+04    0.223203E+04
    2.3400    0.168287E+04   -0.255668E+04    0.211977E+04
    2.3450    0.152661E+04   -0.256284E+04    0.204473E+04
    2.3500    0.140440E+04   -0.258578E+04    0.199509E+04
    2.3550    0.125725E+04   -0.261300E+04    0.193513E+04
    2.3600    0.103730E+04   -0.262785E+04    0.183258E+04
    2.3650    0.744956E+03   -0.261996E+04    0.168246E+04
    2.3700    0.427079E+03   -0.259076E+04    0.150892E+04
    2.3750    0.139623E+03   -0.255084E+04    0.134523E+04
    2.3800   -0.928079E+02   -0.251135E+04    0.120927E+04
    2.3850   -0.289077E+03   -0.247520E+04    0.109306E+04
    2.3900   -0.490702E+03   -0.243563E+04    0.972462E+03
    2.3950   -0.728435E+03   -0.238188E+04    0.826725E+03
    2.4000   -0.100194E+04   -0.230727E+04    0.652662E+03
    2.4050   -0.128448E+04   -0.221407E+04    0.464795E+03
    2.4100   -0.154486E+04   -0.211253E+04    0.283836E+03
    2.4150   -0.176917E+04   -0.201432E+04    0.122574E+03
    2.4200   -0.196895E+04   -0.192470E+04   -0.221240E+02
    2.4250   -0.217355E+04   -0.183911E+04   -0.167217E+03
    2.4300   -0.241270E+04   -0.174688E+04   -0.332907E+03
    2.4350   -0.269864E+04   -0.163898E+04   -0.529829E+03
    2.4400   -0.301742E+04   -0.151410E+04   -0.751661E+03
    2.4450   -0.333549E+04   -0.137966E+04   -0.977915E+03
    2.4500   -0.361929E+04   -0.124717E+04   -0.118606E+04
    2.4550   -0.385648E+04   -0.112557E+04   -0.136545E+04
    2.4600   -0.406426E+04   -0.101620E+04   -0.152403E+04
    2.4650   -0.427776E+04   -0.913093E+03   -0.168233E+04
    2.4700   -0.452507E+04   -0.808915E+03   -0.185808E+04
    2.4750   -0.480519E+04   -0.700148E+03   -0.205252E+04
    2.4800   -0.508472E+04   -0.589679E+03   -0.224752E+04
    2.4850   -0.531715E+04   -0.486815E+03   -0.241517E+04
    2.4900   -0.547227E+04   -0.403698E+03   -0.253429E+04
    2.4950   -0.555634E+04   -0.348204E+03   -0.260407E+04
    2.5000   -0.561018E+04   -0.319464E+03   -0.264536E+04
    2.5050   -0.568733E+04   -0.312488E+03   -0.268742E+04
    2.5100   -0.582528E+04   -0.326444E+03   -0.274942E+04
    2.5150   -0.602673E+04   -0.374143E+03   -0.282630E+04
    2.5200   -0.626031E+04   -0.486948E+03   -0.288668E+04
    2.5250   -0.647895E+04   -0.685195E+03   -0.289688E+04
    2.5300   -0.664469E+04   -0.912204E+03   -0.286625E+04
    2.5350   -0.674630E+04   -0.108102E+04   -0.283264E+04
    2.5400   -0.680192E+04   -0.117237E+04   -0.281477E+04
    2.5450   -0.684764E+04   -0.121770E+04   -0.281497E+04
    2.5500   -0.691925E+04   -0.125350E+04   -0.283287E+04
    2.5550   -0.703608E+04   -0.129918E+04   -0.286845E+04
    2.5600   -0.719368E+04   -0.135353E+04   -0.292008E+04
    2.5650   -0.736694E+04   -0.140457E+04   -0.298119E+04
    2.5700   -0.752113E+04   -0.144267E+04   -0.303923E+04
    2.5750   -0.762532E+04   -0.146680E+04   -0.307926E+04
    2.5800   -0.766288E+04   -0.148326E+04   -0.308981E+04
    2.5850   -0.763583E+04   -0.150143E+04   -0.306720E+04
    2.5900   -0.756230E+04   -0.153034E+04   -0.301598E+04
    2.5950   -0.746941E+04   -0.157699E+04   -0.294621E+04
    2.6000   -0.738441E+04   -0.164568E+04   -0.286936E+04
    2.6050   -0.732712E+04   -0.173799E+04   -0.279457E+04
    2.6100   -0.730556E+04   -0.185296E+04   -0.272630E+04
    2.6150   -0.731550E+04   -0.198782E+04   -0.266384E+04
    2.6200   -0.734332E+04   -0.213875E+04   -0.260229E+04
    2.6250   -0.737093E+04   -0.230183E+04   -0.253455E+04
    2.6300   -0.738088E+04   -0.247359E+04   -0.245364E+04
    2.6350   -0.736044E+04   -0.265117E+04   -0.235464E+04
    2.6400   -0.730386E+04   -0.283213E+04   -0.223587E+04
    2.6450   -0.721283E+04   -0.301431E+04   -0.209926E+04
    2.6500   -0.709511E+04   -0.319550E+04   -0.194980E+04
    2.6550   -0.696212E+04   -0.337331E+04   -0.179440E+04
    2.6600   -0.682653E+04   -0.354519E+04   -0.164067E+04
    2.6650   -0.669983E+04   -0.370844E+04   -0.149569E+04
    2.6700   -0.659065E+04   -0.386032E+04   -0.136516E+04
    2.6750   -0.650383E+04   -0.399820E+04   -0.125282E+04
    2.6800   -0.644032E+04   -0.411969E+04   -0.116032E+04
    2.6850   -0.639765E+04   -0.422284E+04   -0.108740E+04
    2.6900   -0.637082E+04   -0.430633E+04   -0.103225E+04
    2.6950   -0.635342E+04   -0.436952E+04   -0.991947E+03
    2.7000   -0.633861E+04   -0.441261E+04   -0.963004E+03
    2.7050   -0.632015E+04   -0.443658E+04   -0.941785E+03
    2.7100   -0.629299E+04   -0.444323E+04   -0.924878E+03
    2.7150   -0.625371E+04   -0.443502E+04   -0.909347E+03
    2.7200   -0.620075E+04   -0.441495E+04   -0.892904E+03
    2.7250   -0.613438E+04   -0.438642E+04   -0.873976E+03
    2.7300   -0.605657E+04   -0.435305E+04   -0.851760E+03
    2.7350   -0.597076E+04   -0.431843E+04   -0.826165E+03
    2.7400   -0.588154E+04   -0.428597E+04   -0.797785E+03
    2.7450   -0.579428E+04   -0.425872E+04   -0.767783E+03
    2.7500   -0.571476E+04   -0.423918E+04   -0.737787E+03
    2.7550   -0.564861E+04   -0.422925E+04   -0.709680E+03
    2.7600   -0.560100E+04   -0.423009E+04   -0.685456E+03
    2.7650   -0.557612E+04   -0.424218E+04   -0.666973E+03
    2.7700   -0.557683E+04   -0.426533E+04   -0.655748E+03
    2.7750   -0.560432E+04   -0.429883E+04   -0.652748E+03
    2.7800   -0.565796E+04   -0.434152E+04   -0.658219E+03
    2.7850   -0.573537E+04   -0.439203E+04   -0.671668E+03
    2.7900   -0.583238E+04   -0.444891E+04   -0.691736E+03
    2.7950   -0.594350E+04   -0.451079E+04   -0.716358E+03
    2.8000   -0.606233E+04   -0.457649E+04   -0.742922E+03
    2.8050   -0.618209E+04   -0.464513E+04   -0.768479E+03
    2.8100   -0.629620E+04   -0.471611E+04   -0.790047E+03
    2.8150   -0.639885E+04   -0.478909E+04   -0.804877E+03
    2.8200   -0.648546E+04   -0.486393E+04   -0.810764E+03
    2.8250   -0.655314E+04   -0.494053E+04   -0.806308E+03
    2.8300   -0.660080E+04   -0.501872E+04   -0.791040E+03
    2.8350   -0.662916E+04   -0.509814E+04   -0.765515E+03
    2.8400   -0.664074E+04   -0.517810E+04   -0.731322E+03
    2.8450   -0.663936E+04   -0.525755E+04   -0.690908E+03
    2.8500   -0.662975E+04   -0.533500E+04   -0.647373E+03
    2.8550   -0.661695E+04   -0.540861E+04   -0.604172E+03
    2.8600   -0.660559E+04   -0.547620E+04   -0.564692E+03
    2.8650   -0.659957E+04   -0.553549E+04   -0.532039E+03
    2.8700   -0.660143E+04   -0.558419E+04   -0.508617E+03
    2.8750   -0.661213E+04   -0.562024E+04   -0.495943E+03
    2.8800   -0.663093E+04   -0.564197E+04   -0.494477E+03
    2.8850   -0.665557E+04   -0.564832E+04   -0.503624E+03
    2.8900   -0.668252E+04   -0.563889E+04   -0.521815E+03
    2.8950   -0.670750E+04   -0.561409E+04   -0.546706E+03
    2.9000   -0.672594E+04   -0.557505E+04   -0.575448E+03
    2.9050   -0.673357E+04   -0.552360E+04   -0.604986E+03
    2.9100   -0.672695E+04   -0.546213E+04   -0.632412E+03
    2.9150   -0.670379E+04   -0.539335E+04   -0.655221E+03
    2.9200   -0.666327E+04   -0.532013E+04   -0.671570E+03
    2.9250   -0.660605E+04   -0.524522E+04   -0.680416E+03
    2.9300   -0.653417E+04   -0.517106E+04   -0.681554E+03
    2.9350   -0.645078E+04   -0.509960E+04   -0.675589E+03
    2.9400   -0.635964E+04   -0.503214E+04   -0.663749E+03
    2.9450   -0.626469E+04   -0.496931E+04   -0.647689E+03
    2.9500   -0.616945E+04   -0.491105E+04   -0.629200E+03
    2.9550   -0.607654E+04   -0.485666E+04   -0.609939E+03
    2.9600   -0.598737E+04   -0.480497E+04   -0.591201E+03
    2.9650   -0.590187E+04   -0.475446E+04   -0.573703E+03
    2.9700   -0.581852E+04   -0.470350E+04   -0.557511E+03
    2.9750   -0.573454E+04   -0.465048E+04   -0.542026E+03
    2.9800   -0.564619E+04   -0.459404E+04   -0.526076E+03
    2.9850   -0.554937E+04   -0.453313E+04   -0.508118E+03
    2.9900   -0.543998E+04   -0.446714E+04   -0.486421E+03
    2.9950   -0.531460E+04   -0.439588E+04   -0.459361E+03
    3.0000   -0.517078E+04   -0.431952E+04   -0.425629E+03
    3.0050   -0.500739E+04   -0.423853E+04   -0.384432E+03
    3.0100   -0.482479E+04   -0.415352E+04   -0.335634E+03
    3.0150   -0.462466E+04   -0.406512E+04   -0.279767E+03
    3.0200   -0.440980E+04   -0.397383E+04   -0.217987E+03
    3.0250   -0.418379E+04   -0.387991E+04   -0.151941E+03
    3.0300   -0.395032E+04   -0.378331E+04   -0.835073E+02
    3.0350   -0.371278E+04   -0.368367E+04   -0.145548E+02
    3.0400   -0.347368E+04   -0.358032E+04    0.533183E+02
    3.0450   -0.323422E+04   -0.347239E+04    0.119086E+03
    3.0500   -0.299406E+04   -0.335890E+04    0.182419E+03
    3.0550   -0.275126E+04   -0.323891E+04    0.243825E+03
    3.0600   -0.250245E+04   -0.311168E+04    0.304618E+03
    3.0650   -0.224333E+04   -0.297674E+04    0.366703E+03
    3.0700   -0.196900E+04   -0.283406E+04    0.432530E+03
    3.0750   -0.167476E+04   -0.268408E+04    0.504660E+03
    3.0800   -0.135670E+04   -0.252769E+04    0.585493E+03
    3.0850   -0.101233E+04   -0.236618E+04    0.676924E+03
    3.0900   -0.640924E+03   -0.220117E+04    0.780122E+03
    3.0950   -0.244033E+03   -0.203427E+04    0.895117E+03
    3.1000    0.174816E+03   -0.186718E+04    0.102100E+04
    3.1050    0.610184E+03   -0.170132E+04    0.115575E+04
    3.1100    0.105513E+04   -0.153772E+04    0.129642E+04
    3.1150    0.150217E+04   -0.137685E+04    0.143951E+04
    3.1200    0.194423E+04   -0.121857E+04    0.158140E+04
    3.1250    0.237616E+04   -0.106210E+04    0.171913E+04
    3.1300    0.279673E+04   -0.906030E+03    0.185138E+04
    3.1350    0.321071E+04   -0.748445E+03    0.197958E+04
    3.1400    0.363043E+04   -0.587062E+03    0.210874E+04
    3.1450    0.407494E+04   -0.419429E+03    0.224719E+04
    3.1500    0.456531E+04   -0.243169E+03    0.240424E+04
    3.1550    0.511697E+04   -0.562880E+02    0.258663E+04
    3.1600    0.573456E+04    0.142466E+03    0.279605E+04
    3.1650    0.641200E+04    0.353183E+03    0.302941E+04
    3.1700    0.713711E+04    0.574284E+03    0.328141E+04
    3.1750    0.789685E+04    0.802072E+03    0.354739E+04
    3.1800    0.868060E+04    0.103041E+04    0.382509E+04
    3.1850    0.948121E+04    0.125080E+04    0.411521E+04
    3.1900    0.102941E+05    0.145319E+04    0.442045E+04
    3.1950    0.111154E+05    0.162703E+04    0.474417E+04
    3.2000    0.119395E+05    0.176400E+04    0.508776E+04
    3.2050    0.127578E+05    0.185982E+04    0.544899E+04
    3.2100    0.135581E+05    0.191571E+04    0.582122E+04
    3.2150    0.143261E+05    0.193826E+04    0.619394E+04
    3.2200    0.150475E+05    0.193787E+04    0.655479E+04
    3.2250    0.157097E+05    0.192623E+04    0.689176E+04
    3.2300    0.163045E+05    0.191406E+04    0.719522E+04
    3.2350    0.168277E+05    0.190955E+04    0.745908E+04
    3.2400    0.172799E+05    0.191779E+04    0.768107E+04
    3.2450    0.176655E+05    0.194071E+04    0.786238E+04
    3.2500    0.179916E+05    0.197763E+04    0.800698E+04
    3.2550    0.182673E+05    0.202577E+04    0.812075E+04
    3.2600    0.185022E+05    0.208093E+04    0.821062E+04
    3.2650    0.187056E+05    0.213801E+04    0.828379E+04
    3.2700    0.188857E+05    0.219153E+04    0.834707E+04
    3.2750    0.190488E+05    0.223607E+04    0.840635E+04
    3.2800    0.191991E+05    0.226659E+04    0.846624E+04
    3.2850    0.193385E+05    0.227876E+04    0.852989E+04
    3.2900    0.194669E+05    0.226913E+04    0.859888E+04
    3.2950    0.195821E+05    0.223534E+04    0.867338E+04
    3.3000    0.196808E+05    0.217614E+04    0.875234E+04
    3.3050    0.197590E+05    0.209140E+04    0.883378E+04
    3.3100    0.198124E+05    0.198203E+04    0.891519E+04
    3.3150    0.198377E+05    0.184986E+04    0.899390E+04
    3.3200    0.198324E+05    0.169739E+04    0.906748E+04
    3.3250    0.197955E+05    0.152764E+04    0.913391E+04
    3.3300    0.197276E+05    0.134399E+04    0.919180E+04
    3.3350    0.196315E+05    0.114966E+04    0.924092E+04
    3.3400    0.195109E+05    0.948149E+03    0.928137E+04
    3.3450    0.193705E+05    0.742982E+03    0.931376E+04
    3.3500    0.192158E+05    0.537816E+03    0.933899E+04
    3.3550    0.190522E+05    0.336765E+03    0.935773E+04
    3.3600    0.188848E+05    0.144828E+03    0.936999E+04
    3.3650    0.187177E+05   -0.315385E+02    0.937460E+04
    3.3700    0.185537E+05   -0.184044E+03    0.936889E+04
    3.3750    0.183946E+05   -0.303202E+03    0.934889E+04
    3.3800    0.182404E+05   -0.381348E+03    0.931086E+04
    3.3850    0.180901E+05   -0.418038E+03    0.925405E+04
    3.3900    0.179417E+05   -0.423116E+03    0.918240E+04
    3.3950    0.177926E+05   -0.412389E+03    0.910248E+04
    3.4000    0.176399E+05   -0.399494E+03    0.901967E+04
    3.4050    0.174808E+05   -0.391848E+03    0.893631E+04
    3.4100    0.173130E+05   -0.391526E+03    0.885228E+04
    3.4150    0.171349E+05   -0.397730E+03    0.876632E+04
    3.4200    0.169456E+05   -0.408634E+03    0.867710E+04
    3.4250    0.167450E+05   -0.422427E+03    0.858369E+04
    3.4300    0.165338E+05   -0.437737E+03    0.848578E+04
    3.4350    0.163136E+05   -0.453794E+03    0.838367E+04
    3.4400    0.160860E+05   -0.470418E+03    0.827819E+04
    3.4450    0.158531E+05   -0.487978E+03    0.817055E+04
    3.4500    0.156171E+05   -0.507302E+03    0.806221E+04
    3.4550    0.153799E+05   -0.529557E+03    0.795473E+04
    3.4600    0.151432E+05   -0.556157E+03    0.784967E+04
    3.4650    0.149083E+05   -0.588605E+03    0.774845E+04
    3.4700    0.146762E+05   -0.628377E+03    0.765231E+04
    3.4750    0.144477E+05   -0.676763E+03    0.756222E+04
    3.4800    0.142230E+05   -0.734758E+03    0.747890E+04
    3.4850    0.140026E+05   -0.802947E+03    0.740277E+04
    3.4900    0.137865E+05   -0.881449E+03    0.733397E+04
    3.4950    0.135749E+05   -0.969894E+03    0.727241E+04
    3.5000    0.133680E+05   -0.106743E+04    0.721773E+04
    3.5050    0.131660E+05   -0.117276E+04    0.716936E+04
    3.5100    0.129688E+05   -0.128426E+04    0.712653E+04
    3.5150    0.127766E+05   -0.140000E+04    0.708827E+04
    3.5200    0.125891E+05   -0.151785E+04    0.705348E+04
    3.5250    0.124061E+05   -0.163561E+04    0.702087E+04
    3.5300    0.122272E+05   -0.175104E+04    0.698910E+04
    3.5350    0.120516E+05   -0.186194E+04    0.695677E+04
    3.5400    0.118788E+05   -0.196625E+04    0.692255E+04
    3.5450    0.117083E+05   -0.206204E+04    0.688515E+04
    3.5500    0.115395E+05   -0.214763E+04    0.684358E+04
    3.5550    0.113726E+05   -0.222161E+04    0.679708E+04
    3.5600    0.112077E+05   -0.228281E+04    0.674527E+04
    3.5650    0.110458E+05   -0.233044E+04    0.668813E+04
    3.5700    0.108880E+05   -0.236396E+04    0.662598E+04
    3.5750    0.107359E+05   -0.238325E+04    0.655957E+04
    3.5800    0.105912E+05   -0.238846E+04    0.648985E+04
    3.5850    0.104558E+05   -0.238009E+04    0.641792E+04
    3.5900    0.103310E+05   -0.235893E+04    0.634497E+04
    3.5950    0.102181E+05   -0.232601E+04    0.627207E+04
    3.6000    0.101176E+05   -0.228259E+04    0.620011E+04
    3.6050    0.100293E+05   -0.223007E+04    0.612967E+04
    3.6100    0.995207E+04   -0.216994E+04    0.606100E+04
    3.6150    0.988425E+04   -0.210369E+04    0.599397E+04
    3.6200    0.982344E+04   -0.203281E+04    0.592812E+04
    3.6250    0.976688E+04   -0.195867E+04    0.586277E+04
    3.6300    0.971175E+04   -0.188248E+04    0.579712E+04
    3.6350    0.965548E+04   -0.180532E+04    0.573040E+04
    3.6400    0.959611E+04   -0.172806E+04    0.566209E+04
    3.6450    0.953261E+04   -0.165143E+04    0.559202E+04
    3.6500    0.946505E+04   -0.157595E+04    0.552050E+04
    3.6550    0.939476E+04   -0.150207E+04    0.544842E+04
    3.6600    0.932420E+04   -0.143012E+04    0.537716E+04
    3.6650    0.925678E+04   -0.136036E+04    0.530857E+04
    3.6700    0.919644E+04   -0.129305E+04    0.524474E+04
    3.6750    0.914718E+04   -0.122841E+04    0.518780E+04
    3.6800    0.911255E+04   -0.116667E+04    0.513961E+04
    3.6850    0.909514E+04   -0.110800E+04    0.510157E+04
    3.6900    0.909617E+04   -0.105255E+04    0.507436E+04
    3.6950    0.911523E+04   -0.100035E+04    0.505779E+04
    3.7000    0.915022E+04   -0.951308E+03    0.505076E+04
    3.7050    0.919754E+04   -0.905191E+03    0.505137E+04
    3.7100    0.925238E+04   -0.861589E+03    0.505699E+04
    3.7150    0.930927E+04   -0.819926E+03    0.506460E+04
    3.7200    0.936260E+04   -0.779510E+03    0.507106E+04
    3.7250    0.940735E+04   -0.739579E+03    0.507347E+04
    3.7300    0.943961E+04   -0.699406E+03    0.506951E+04
    3.7350    0.945708E+04   -0.658419E+03    0.505775E+04
    3.7400    0.945942E+04   -0.616340E+03    0.503788E+04
    3.7450    0.944836E+04   -0.573382E+03    0.501087E+04
    3.7500    0.942754E+04   -0.530472E+03    0.497900E+04
    3.7550    0.940217E+04   -0.489605E+03    0.494589E+04
    3.7600    0.937842E+04   -0.454493E+03    0.491646E+04
    3.7650    0.936293E+04   -0.431777E+03    0.489735E+04
    3.7700    0.936186E+04   -0.434273E+03    0.489806E+04
    3.7750    0.938012E+04   -0.486645E+03    0.493338E+04
    3.7800    0.941700E+04   -0.595425E+03    0.500621E+04
    3.7850    0.946050E+04   -0.566392E+03    0.501344E+04
    3.7900    0.951923E+04   -0.389166E+03    0.495420E+04
    3.7950    0.959831E+04   -0.208406E+03    0.490336E+04
    3.8000    0.969158E+04   -0.564956E+02    0.487404E+04
    3.8050    0.979101E+04    0.636788E+02    0.486367E+04
    3.8100    0.988848E+04    0.154192E+03    0.486714E+04
    3.8150    0.997660E+04    0.218226E+03    0.487919E+04
    3.8200    0.100492E+05    0.259339E+03    0.489492E+04
    3.8250    0.101020E+05    0.281302E+03    0.491033E+04
    3.8300    0.101331E+05    0.287937E+03    0.492261E+04
    3.8350    0.101434E+05    0.282992E+03    0.493018E+04
    3.8400    0.101357E+05    0.269968E+03    0.493289E+04
    3.8450    0.101155E+05    0.251988E+03    0.493174E+04
    3.8500    0.100893E+05    0.231674E+03    0.492880E+04
    3.8550    0.100646E+05    0.211081E+03    0.492678E+04
    3.8600    0.100488E+05    0.191655E+03    0.492860E+04
    3.8650    0.100482E+05    0.174259E+03    0.493698E+04
    3.8700    0.100674E+05    0.159222E+03    0.495407E+04
    3.8750    0.101086E+05    0.146435E+03    0.498108E+04
    3.8800    0.101717E+05    0.135464E+03    0.501811E+04
    3.8850    0.102539E+05    0.125678E+03    0.506412E+04
    3.8900    0.103503E+05    0.116331E+03    0.511697E+04
    3.8950    0.104541E+05    0.106772E+03    0.517365E+04
    3.9000    0.105577E+05    0.963529E+02    0.523067E+04
    3.9050    0.106534E+05    0.845880E+02    0.528442E+04
    3.9100    0.107343E+05    0.711076E+02    0.533162E+04
    3.9150    0.107951E+05    0.556664E+02    0.536971E+04
    3.9200    0.108324E+05    0.380678E+02    0.539715E+04
    3.9250    0.108454E+05    0.181107E+02    0.541364E+04
    3.9300    0.108359E+05   -0.446671E+01    0.542019E+04
    3.9350    0.108080E+05   -0.300542E+02    0.541904E+04
    3.9400    0.107675E+05   -0.592069E+02    0.541338E+04
    3.9450    0.107215E+05   -0.926564E+02    0.540706E+04
    3.9500    0.106770E+05   -0.131305E+03    0.540416E+04
    3.9550    0.106409E+05   -0.176173E+03    0.540855E+04
    3.9600    0.106186E+05   -0.228337E+03    0.542348E+04
    3.9650    0.106136E+05   -0.288834E+03    0.545123E+04
    3.9700    0.106273E+05   -0.358570E+03    0.549293E+04
    3.9750    0.106586E+05   -0.438232E+03    0.554841E+04
    3.9800    0.107044E+05   -0.528203E+03    0.561631E+04
    3.9850    0.107599E+05   -0.628513E+03    0.569422E+04
    3.9900    0.108193E+05   -0.738825E+03    0.577905E+04
    3.9950    0.108762E+05   -0.858441E+03    0.586732E+04
    4.0000    0.109249E+05   -0.986353E+03    0.595564E+04
    4.0050    0.109607E+05   -0.112131E+04    0.604102E+04
    4.0100    0.109805E+05   -0.126193E+04    0.612124E+04
    4.0150    0.109833E+05   -0.140678E+04    0.619503E+04
    4.0200    0.109699E+05   -0.155446E+04    0.626219E+04
    4.0250    0.109432E+05   -0.170375E+04    0.632349E+04
    4.0300    0.109075E+05   -0.185358E+04    0.638055E+04
    4.0350    0.108680E+05   -0.200315E+04    0.643555E+04
    4.0400    0.108299E+05   -0.215186E+04    0.649087E+04
    4.0450    0.107982E+05   -0.229932E+04    0.654875E+04
    4.0500    0.107766E+05   -0.244528E+04    0.661094E+04
    4.0550    0.107674E+05   -0.258961E+04    0.667848E+04
    4.0600    0.107707E+05   -0.273212E+04    0.675142E+04
    4.0650    0.107852E+05   -0.287269E+04    0.682893E+04
    4.0700    0.108074E+05   -0.301104E+04    0.690920E+04
    4.0750    0.108327E+05   -0.314681E+04    0.698973E+04
    4.0800    0.108556E+05   -0.327957E+04    0.706759E+04
    4.0850    0.108707E+05   -0.340880E+04    0.713976E+04
    4.0900    0.108729E+05   -0.353401E+04    0.720346E+04
    4.0950    0.108583E+05   -0.365472E+04    0.725653E+04
    4.1000    0.108247E+05   -0.377059E+04    0.729762E+04
    4.1050    0.107714E+05   -0.388142E+04    0.732643E+04
    4.1100    0.107002E+05   -0.398726E+04    0.734371E+04
    4.1150    0.106141E+05   -0.408836E+04    0.735124E+04
    4.1200    0.105181E+05   -0.418521E+04    0.735164E+04
    4.1250    0.104176E+05   -0.427850E+04    0.734807E+04
    4.1300    0.103189E+05   -0.436905E+04    0.734399E+04
    4.1350    0.102277E+05   -0.445780E+04    0.734274E+04
    4.1400    0.101489E+05   -0.454565E+04    0.734728E+04
    4.1450    0.100863E+05   -0.463344E+04    0.735987E+04
    4.1500    0.100420E+05   -0.472186E+04    0.738192E+04
    4.1550    0.100164E+05   -0.481139E+04    0.741390E+04
    4.1600    0.100083E+05   -0.490229E+04    0.745531E+04
    4.1650    0.100151E+05   -0.499455E+04    0.750483E+04
    4.1700    0.100331E+05   -0.508793E+04    0.756049E+04
    4.1750    0.100578E+05   -0.518201E+04    0.761991E+04
    4.1800    0.100849E+05   -0.527621E+04    0.768057E+04
    4.1850    0.101103E+05   -0.536988E+04    0.774008E+04
    4.1900    0.101304E+05   -0.546235E+04    0.779636E+04
    4.1950    0.101428E+05   -0.555300E+04    0.784790E+04
    4.2000    0.101463E+05   -0.564128E+04    0.789378E+04
    4.2050    0.101407E+05   -0.572679E+04    0.793375E+04
    4.2100    0.101271E+05   -0.580926E+04    0.796819E+04
    4.2150    0.101074E+05   -0.588853E+04    0.799797E+04
    4.2200    0.100842E+05   -0.596463E+04    0.802440E+04
    4.2250    0.100603E+05   -0.603755E+04    0.804894E+04
    4.2300    0.100389E+05   -0.610737E+04    0.807312E+04
    4.2350    0.100227E+05   -0.617414E+04    0.809844E+04
    4.2400    0.100146E+05   -0.623782E+04    0.812620E+04
    4.2450    0.100167E+05   -0.629830E+04    0.815751E+04
    4.2500    0.100310E+05   -0.635533E+04    0.819315E+04
    4.2550    0.100587E+05   -0.640857E+04    0.823364E+04
    4.2600    0.101008E+05   -0.645761E+04    0.827923E+04
    4.2650    0.101579E+05   -0.650199E+04    0.832994E+04
    4.2700    0.102299E+05   -0.654130E+04    0.838561E+04
    4.2750    0.103168E+05   -0.657517E+04    0.844597E+04
    4.2800    0.104179E+05   -0.660336E+04    0.851060E+04
    4.2850    0.105323E+05   -0.662579E+04    0.857904E+04
    4.2900    0.106588E+05   -0.664255E+04    0.865067E+04
    4.2950    0.107957E+05   -0.665385E+04    0.872479E+04
    4.3000    0.109411E+05   -0.666006E+04    0.880057E+04
    4.3050    0.110924E+05   -0.666161E+04    0.887702E+04
    4.3100    0.112471E+05   -0.665896E+04    0.895302E+04
    4.3150    0.114022E+05   -0.665250E+04    0.902733E+04
    4.3200    0.115548E+05   -0.664254E+04    0.909869E+04
    4.3250    0.117024E+05   -0.662923E+04    0.916584E+04
    4.3300    0.118427E+05   -0.661255E+04    0.922765E+04
    4.3350    0.119741E+05   -0.659234E+04    0.928324E+04
    4.3400    0.120959E+05   -0.656827E+04    0.933206E+04
    4.3450    0.122080E+05   -0.653995E+04    0.937397E+04
    4.3500    0.123117E+05   -0.650694E+04    0.940930E+04
    4.3550    0.124088E+05   -0.646890E+04    0.943884E+04
    4.3600    0.125021E+05   -0.642556E+04    0.946383E+04
    4.3650    0.125947E+05   -0.637689E+04    0.948580E+04
    4.3700    0.126900E+05   -0.632302E+04    0.950649E+04
    4.3750    0.127909E+05   -0.626433E+04    0.952764E+04
    4.3800    0.129003E+05   -0.620140E+04    0.955085E+04
    4.3850    0.130199E+05   -0.613495E+04    0.957743E+04
    4.3900    0.131507E+05   -0.606579E+04    0.960823E+04
    4.3950    0.132927E+05   -0.599473E+04    0.964373E+04
    4.4000    0.134458E+05   -0.592249E+04    0.968417E+04
    4.4050    0.136106E+05   -0.584964E+04    0.973010E+04
    4.4100    0.137903E+05   -0.577654E+04    0.978341E+04
    4.4150    0.139941E+05   -0.570328E+04    0.984868E+04
    4.4200    0.142366E+05   -0.562974E+04    0.993319E+04
    4.4250    0.145286E+05   -0.555552E+04    0.100420E+05
    4.4300    0.148589E+05   -0.548009E+04    0.101695E+05
    4.4350    0.151957E+05   -0.540278E+04    0.102992E+05
    4.4400    0.155083E+05   -0.532288E+04    0.104156E+05
    4.4450    0.157821E+05   -0.523976E+04    0.105109E+05
    4.4500    0.160160E+05   -0.515289E+04    0.105845E+05
    4.4550    0.162147E+05   -0.506193E+04    0.106383E+05
    4.4600    0.163757E+05   -0.496675E+04    0.106712E+05
    4.4650    0.164765E+05   -0.486744E+04    0.106719E+05
    4.4700    0.164836E+05   -0.476432E+04    0.106240E+05
    4.4750    0.163876E+05   -0.465786E+04    0.105227E+05
    4.4800    0.162098E+05   -0.454867E+04    0.103792E+05
    4.4850    0.159803E+05   -0.443738E+04    0.102088E+05
    4.4900    0.157232E+05   -0.432465E+04    0.100239E+05
    4.4950    0.154545E+05   -0.421102E+04    0.983277E+04
    4.5000    0.151838E+05   -0.409699E+04    0.964038E+04
    4.5050    0.149163E+05   -0.398287E+04    0.944958E+04
    4.5100    0.146547E+05   -0.386887E+04    0.926176E+04
    4.5150    0.143998E+05   -0.375506E+04    0.907741E+04
    4.5200    0.141515E+05   -0.364143E+04    0.889646E+04
    4.5250    0.139092E+05   -0.352793E+04    0.871856E+04
    4.5300    0.136720E+05   -0.341452E+04    0.854325E+04
    4.5350    0.134389E+05   -0.330116E+04    0.837005E+04
    4.5400    0.132091E+05   -0.318793E+04    0.819853E+04
    4.5450    0.129817E+05   -0.307496E+04    0.802833E+04
    4.5500    0.127558E+05   -0.296248E+04    0.785915E+04
    4.5550    0.125306E+05   -0.285076E+04    0.769069E+04
    4.5600    0.123051E+05   -0.274012E+04    0.752262E+04
    4.5650    0.120782E+05   -0.263086E+04    0.735455E+04
    4.5700    0.118489E+05   -0.252320E+04    0.718606E+04
    4.5750    0.116160E+05   -0.241724E+04    0.701663E+04
    4.5800    0.113785E+05   -0.231296E+04    0.684575E+04
    4.5850    0.111357E+05   -0.221015E+04    0.667292E+04
    4.5900    0.108871E+05   -0.210845E+04    0.649777E+04
    4.5950    0.106327E+05   -0.200735E+04    0.632004E+04
    4.6000    0.103732E+05   -0.190628E+04    0.613974E+04
    4.6050    0.101096E+05   -0.180460E+04    0.595709E+04
    4.6100    0.984346E+04   -0.170175E+04    0.577260E+04
    4.6150    0.957675E+04   -0.159724E+04    0.558700E+04
    4.6200    0.931158E+04   -0.149080E+04    0.540119E+04
    4.6250    0.904996E+04   -0.138237E+04    0.521616E+04
    4.6300    0.879362E+04   -0.127213E+04    0.503287E+04
    4.6350    0.854373E+04   -0.116053E+04    0.485213E+04
    4.6400    0.830074E+04   -0.104822E+04    0.467448E+04
    4.6450    0.806426E+04   -0.936049E+03    0.450015E+04
    4.6500    0.783305E+04   -0.824936E+03    0.432899E+04
    4.6550    0.760514E+04   -0.715820E+03    0.416048E+04
    4.6600    0.737800E+04   -0.609565E+03    0.399378E+04
    4.6650    0.714885E+04   -0.506879E+03    0.382787E+04
    4.6700    0.691499E+04   -0.408261E+03    0.366162E+04
    4.6750    0.667413E+04   -0.313956E+03    0.349404E+04
    4.6800    0.642473E+04   -0.223975E+03    0.332435E+04
    4.6850    0.616626E+04   -0.138082E+03    0.315217E+04
    4.6900    0.589934E+04   -0.558848E+02    0.297761E+04
    4.6950    0.562574E+04    0.231626E+02    0.280129E+04
    4.7000    0.534828E+04    0.995943E+02    0.262434E+04
    4.7050    0.507057E+04    0.173920E+03    0.244832E+04
    4.7100    0.479666E+04    0.246540E+03    0.227506E+04
    4.7150    0.453061E+04    0.317696E+03    0.210646E+04
    4.7200    0.427606E+04    0.387455E+03    0.194430E+04
    4.7250    0.403578E+04    0.455709E+03    0.179004E+04
    4.7300    0.381147E+04    0.522231E+03    0.164462E+04
    4.7350    0.360337E+04    0.586698E+03    0.150833E+04
    4.7400    0.341034E+04    0.648780E+03    0.138078E+04
    4.7450    0.322993E+04    0.708212E+03    0.126086E+04
    4.7500    0.305865E+04    0.764854E+03    0.114690E+04
    4.7550    0.289235E+04    0.818739E+03    0.103681E+04
    4.7600    0.272669E+04    0.870099E+03    0.928295E+03
    4.7650    0.255763E+04    0.919356E+03    0.819135E+03
    4.7700    0.238189E+04    0.967088E+03    0.707400E+03
    4.7750    0.219735E+04    0.101396E+04    0.591694E+03
    4.7800    0.200331E+04    0.106067E+04    0.471321E+03
    4.7850    0.180050E+04    0.110782E+04    0.346341E+03
    4.7900    0.159113E+04    0.115587E+04    0.217631E+03
    4.7950    0.137859E+04    0.120507E+04    0.867562E+02
    4.8000    0.116701E+04    0.125539E+04   -0.441886E+02
    4.8050    0.960976E+03    0.130655E+04   -0.172789E+03
    4.8100    0.764770E+03    0.135801E+04   -0.296622E+03
    4.8150    0.582056E+03    0.140903E+04   -0.413489E+03
    4.8200    0.415417E+03    0.145877E+04   -0.521674E+03
    4.8250    0.266054E+03    0.150635E+04   -0.620148E+03
    4.8300    0.133744E+03    0.155101E+04   -0.708635E+03
    4.8350    0.167437E+02    0.159218E+04   -0.787717E+03
    4.8400   -0.879318E+02    0.162952E+04   -0.858727E+03
    4.8450   -0.184175E+03    0.166305E+04   -0.923612E+03
    4.8500   -0.276374E+03    0.169309E+04   -0.984731E+03
    4.8550   -0.368980E+03    0.172027E+04   -0.104462E+04
    4.8600   -0.465846E+03    0.174550E+04   -0.110567E+04
    4.8650   -0.570154E+03    0.176982E+04   -0.116999E+04
    4.8700   -0.683911E+03    0.179433E+04   -0.123912E+04
    4.8750   -0.807865E+03    0.182005E+04   -0.131396E+04
    4.8800   -0.941519E+03    0.184784E+04   -0.139468E+04
    4.8850   -0.108329E+04    0.187829E+04   -0.148079E+04
    4.8900   -0.123081E+04    0.191166E+04   -0.157123E+04
    4.8950   -0.138126E+04    0.194786E+04   -0.166456E+04
    4.9000   -0.153185E+04    0.198649E+04   -0.175917E+04
    4.9050   -0.168001E+04    0.202683E+04   -0.185342E+04
    4.9100   -0.182399E+04    0.206800E+04   -0.194599E+04
    4.9150   -0.196282E+04    0.210903E+04   -0.203593E+04
    4.9200   -0.209663E+04    0.214898E+04   -0.212280E+04
    4.9250   -0.222635E+04    0.218703E+04   -0.220669E+04
    4.9300   -0.235367E+04    0.222262E+04   -0.228815E+04
    4.9350   -0.248079E+04    0.225548E+04   -0.236813E+04
    4.9400   -0.261004E+04    0.228564E+04   -0.244784E+04
    4.9450   -0.274357E+04    0.231346E+04   -0.252852E+04
    4.9500   -0.288306E+04    0.233955E+04   -0.261130E+04
    4.9550   -0.302946E+04    0.236468E+04   -0.269707E+04
    4.9600   -0.318292E+04    0.238971E+04   -0.278632E+04
    4.9650   -0.334274E+04    0.241543E+04   -0.287908E+04
    4.9700   -0.350749E+04    0.244249E+04   -0.297499E+04
    4.9750   -0.367528E+04    0.247130E+04   -0.307329E+04
    4.9800   -0.384399E+04    0.250198E+04   -0.317298E+04
    4.9850   -0.401163E+04    0.253433E+04   -0.327298E+04
    4.9900   -0.417667E+04    0.256785E+04   -0.337226E+04
    4.9950   -0.433822E+04    0.260184E+04   -0.347003E+04
    5.0000   -0.449628E+04    0.263544E+04   -0.356586E+04
    5.0050   -0.465169E+04    0.266776E+04   -0.365972E+04
    5.0100   -0.480600E+04    0.269800E+04   -0.375200E+04
    5.0150   -0.496149E+04    0.272554E+04   -0.384351E+04
    5.0200   -0.512048E+04    0.275004E+04   -0.393526E+04
    5.0250   -0.528526E+04    0.277148E+04   -0.402837E+04
    5.0300   -0.545759E+04    0.279016E+04   -0.412387E+04
    5.0350   -0.563846E+04    0.280668E+04   -0.422257E+04
    5.0400   -0.582785E+04    0.282189E+04   -0.432487E+04
    5.0450   -0.602461E+04    0.283673E+04   -0.443067E+04
    5.0500   -0.622657E+04    0.285216E+04   -0.453936E+04
    5.0550   -0.643070E+04    0.286905E+04   -0.464987E+04
    5.0600   -0.663345E+04    0.288802E+04   -0.476074E+04
    5.0650   -0.683117E+04    0.290943E+04   -0.487030E+04
    5.0700   -0.702057E+04    0.293327E+04   -0.497692E+04
    5.0750   -0.719914E+04    0.295918E+04   -0.507916E+04
    5.0800   -0.736555E+04    0.298649E+04   -0.517602E+04
    5.0850   -0.751986E+04    0.301432E+04   -0.526709E+04
    5.0900   -0.766367E+04    0.304165E+04   -0.535266E+04
    5.0950   -0.779998E+04    0.306743E+04   -0.543370E+04
    5.1000   -0.793292E+04    0.309074E+04   -0.551183E+04
    5.1050   -0.806734E+04    0.311086E+04   -0.558910E+04
    5.1100   -0.820826E+04    0.312738E+04   -0.566782E+04
    5.1150   -0.836031E+04    0.314021E+04   -0.575026E+04
    5.1200   -0.852712E+04    0.314957E+04   -0.583835E+04
    5.1250   -0.871090E+04    0.315600E+04   -0.593345E+04
    5.1300   -0.891204E+04    0.316021E+04   -0.603613E+04
    5.1350   -0.912904E+04    0.316303E+04   -0.614604E+04
    5.1400   -0.935851E+04    0.316527E+04   -0.626189E+04
    5.1450   -0.959551E+04    0.316758E+04   -0.638155E+04
    5.1500   -0.983398E+04    0.317042E+04   -0.650220E+04
    5.1550   -0.100674E+05    0.317389E+04   -0.662064E+04
    5.1600   -0.102894E+05    0.317780E+04   -0.673361E+04
    5.1650   -0.104946E+05    0.318161E+04   -0.683810E+04
    5.1700   -0.106789E+05    0.318451E+04   -0.693173E+04
    5.1750   -0.108405E+05    0.318549E+04   -0.701297E+04
    5.1800   -0.109793E+05    0.318349E+04   -0.708138E+04
    5.1850   -0.110978E+05    0.317748E+04   -0.713764E+04
    5.1900   -0.112004E+05    0.316662E+04   -0.718350E+04
    5.1950   -0.112930E+05    0.315033E+04   -0.722165E+04
    5.2000   -0.113824E+05    0.312839E+04   -0.725540E+04
    5.2050   -0.114757E+05    0.310099E+04   -0.728836E+04
    5.2100   -0.115795E+05    0.306868E+04   -0.732408E+04
    5.2150   -0.116989E+05    0.303232E+04   -0.736560E+04
    5.2200   -0.118374E+05    0.299304E+04   -0.741520E+04
    5.2250   -0.119961E+05    0.295206E+04   -0.747408E+04
    5.2300   -0.121739E+05    0.291058E+04   -0.754226E+04
    5.2350   -0.123675E+05    0.286967E+04   -0.761857E+04
    5.2400   -0.125714E+05    0.283010E+04   -0.770076E+04
    5.2450   -0.127792E+05    0.279232E+04   -0.778574E+04
    5.2500   -0.129835E+05    0.275634E+04   -0.786991E+04
    5.2550   -0.131773E+05    0.272178E+04   -0.794954E+04
    5.2600   -0.133545E+05    0.268789E+04   -0.802120E+04
