    0.0000    0.111077E-08   -0.229803E-10    0.566875E-09
    0.0050    0.133568E+04    0.145572E+03    0.595053E+03
    0.0100    0.133910E+04   -0.653234E+02    0.702213E+03
    0.0150    0.131225E+04   -0.256167E+03    0.784209E+03
    0.0200    0.126580E+04   -0.423387E+03    0.844594E+03
    0.0250    0.120466E+04   -0.563059E+03    0.883861E+03
    0.0300    0.113123E+04   -0.672716E+03    0.901973E+03
    0.0350    0.104859E+04   -0.752942E+03    0.900766E+03
    0.0400    0.961771E+03   -0.807771E+03    0.884771E+03
    0.0450    0.876899E+03   -0.843561E+03    0.860230E+03
    0.0500    0.799345E+03   -0.866893E+03    0.833119E+03
    0.0550    0.732210E+03   -0.882542E+03    0.807376E+03
    0.0600    0.675986E+03   -0.892452E+03    0.784219E+03
    0.0650    0.629405E+03   -0.896071E+03    0.762738E+03
    0.0700    0.590840E+03   -0.891754E+03    0.741297E+03
    0.0750    0.559464E+03   -0.878403E+03    0.718934E+03
    0.0800    0.535697E+03   -0.856566E+03    0.696132E+03
    0.0850    0.520909E+03   -0.828573E+03    0.674741E+03
    0.0900    0.516695E+03   -0.797815E+03    0.657255E+03
    0.0950    0.524135E+03   -0.767644E+03    0.645889E+03
    0.1000    0.543331E+03   -0.740418E+03    0.641874E+03
    0.1050    0.573323E+03   -0.717037E+03    0.645180E+03
    0.1100    0.612296E+03   -0.697032E+03    0.654664E+03
    0.1150    0.657924E+03   -0.679038E+03    0.668481E+03
    0.1200    0.707710E+03   -0.661425E+03    0.684568E+03
    0.1250    0.759267E+03   -0.642874E+03    0.701070E+03
    0.1300    0.810504E+03   -0.622778E+03    0.716641E+03
    0.1350    0.859756E+03   -0.601400E+03    0.730578E+03
    0.1400    0.905843E+03   -0.579780E+03    0.742811E+03
    0.1450    0.948079E+03   -0.559417E+03    0.753748E+03
    0.1500    0.986232E+03   -0.541822E+03    0.764027E+03
    0.1550    0.102044E+04   -0.528078E+03    0.774260E+03
    0.1600    0.105114E+04   -0.518537E+03    0.784837E+03
    0.1650    0.107895E+04   -0.512778E+03    0.795866E+03
    0.1700    0.110465E+04   -0.509828E+03    0.807241E+03
    0.1750    0.112907E+04   -0.508557E+03    0.818812E+03
    0.1800    0.115302E+04   -0.508104E+03    0.830560E+03
    0.1850    0.117726E+04   -0.508159E+03    0.842711E+03
    0.1900    0.120243E+04   -0.509018E+03    0.855724E+03
    0.1950    0.122896E+04   -0.511388E+03    0.870172E+03
    0.2000    0.125708E+04   -0.516028E+03    0.886553E+03
    0.2050    0.128682E+04   -0.523367E+03    0.905093E+03
    0.2100    0.131802E+04   -0.533222E+03    0.925621E+03
    0.2150    0.135037E+04   -0.544736E+03    0.947552E+03
    0.2200    0.138344E+04   -0.556519E+03    0.969981E+03
    0.2250    0.141678E+04   -0.566967E+03    0.991872E+03
    0.2300    0.144990E+04   -0.574634E+03    0.101227E+04
    0.2350    0.148238E+04   -0.578555E+03    0.103047E+04
    0.2400    0.151386E+04   -0.578419E+03    0.104614E+04
    0.2450    0.154406E+04   -0.574560E+03    0.105931E+04
    0.2500    0.157273E+04   -0.567776E+03    0.107025E+04
    0.2550    0.159970E+04   -0.559046E+03    0.107937E+04
    0.2600    0.162478E+04   -0.549246E+03    0.108701E+04
    0.2650    0.164782E+04   -0.538949E+03    0.109338E+04
    0.2700    0.166870E+04   -0.528378E+03    0.109854E+04
    0.2750    0.168734E+04   -0.517486E+03    0.110241E+04
    0.2800    0.170368E+04   -0.506140E+03    0.110491E+04
    0.2850    0.171775E+04   -0.494285E+03    0.110602E+04
    0.2900    0.172962E+04   -0.482072E+03    0.110585E+04
    0.2950    0.173944E+04   -0.469848E+03    0.110464E+04
    0.3000    0.174740E+04   -0.457974E+03    0.110269E+04
    0.3050    0.175372E+04   -0.436078E+03    0.109490E+04
    0.3100    0.175864E+04   -0.429048E+03    0.109385E+04
    0.3150    0.176238E+04   -0.420999E+03    0.109169E+04
    0.3200    0.176512E+04   -0.413220E+03    0.108917E+04
    0.3250    0.176702E+04   -0.405670E+03    0.108635E+04
    0.3300    0.176818E+04   -0.398190E+03    0.108318E+04
    0.3350    0.176866E+04   -0.390779E+03    0.107972E+04
    0.3400    0.176852E+04   -0.383691E+03    0.107610E+04
    0.3450    0.176776E+04   -0.377436E+03    0.107260E+04
    0.3500    0.176642E+04   -0.372692E+03    0.106956E+04
    0.3550    0.176454E+04   -0.370150E+03    0.106735E+04
    0.3600    0.176221E+04   -0.370364E+03    0.106629E+04
    0.3650    0.175957E+04   -0.373629E+03    0.106660E+04
    0.3700    0.175677E+04   -0.379940E+03    0.106836E+04
    0.3750    0.175403E+04   -0.389014E+03    0.107152E+04
    0.3800    0.175154E+04   -0.400382E+03    0.107596E+04
    0.3850    0.174949E+04   -0.413487E+03    0.108149E+04
    0.3900    0.174804E+04   -0.427783E+03    0.108791E+04
    0.3950    0.174726E+04   -0.442784E+03    0.109502E+04
    0.4000    0.174716E+04   -0.458062E+03    0.110261E+04
    0.4050    0.174766E+04   -0.473205E+03    0.111043E+04
    0.4100    0.174854E+04   -0.487756E+03    0.111815E+04
    0.4150    0.174952E+04   -0.501171E+03    0.112535E+04
    0.4200    0.175026E+04   -0.512811E+03    0.113154E+04
    0.4250    0.175036E+04   -0.521990E+03    0.113617E+04
    0.4300    0.174940E+04   -0.528055E+03    0.113873E+04
    0.4350    0.174702E+04   -0.530491E+03    0.113875E+04
    0.4400    0.174289E+04   -0.528984E+03    0.113594E+04
    0.4450    0.173680E+04   -0.523471E+03    0.113014E+04
    0.4500    0.172866E+04   -0.514120E+03    0.112139E+04
    0.4550    0.171851E+04   -0.501271E+03    0.110989E+04
    0.4600    0.170651E+04   -0.485360E+03    0.109593E+04
    0.4650    0.169293E+04   -0.466844E+03    0.107989E+04
    0.4700    0.167811E+04   -0.446147E+03    0.106213E+04
    0.4750    0.166245E+04   -0.423641E+03    0.104304E+04
    0.4800    0.164634E+04   -0.399661E+03    0.102300E+04
    0.4850    0.163016E+04   -0.374529E+03    0.100235E+04
    0.4900    0.161424E+04   -0.348592E+03    0.981415E+03
    0.4950    0.159881E+04   -0.322231E+03    0.960519E+03
    0.5000    0.158401E+04   -0.295866E+03    0.939938E+03
    0.5050    0.156990E+04   -0.269924E+03    0.919912E+03
    0.5100    0.155645E+04   -0.244806E+03    0.900625E+03
    0.5150    0.154355E+04   -0.220856E+03    0.882201E+03
    0.5200    0.153107E+04   -0.198332E+03    0.864699E+03
    0.5250    0.151884E+04   -0.177403E+03    0.848122E+03
    0.5300    0.150672E+04   -0.158150E+03    0.832435E+03
    0.5350    0.149457E+04   -0.140581E+03    0.817578E+03
    0.5400    0.148233E+04   -0.124638E+03    0.803482E+03
    0.5450    0.146996E+04   -0.110206E+03    0.790082E+03
    0.5500    0.145750E+04   -0.971049E+02    0.777305E+03
    0.5550    0.144504E+04   -0.850741E+02    0.765059E+03
    0.5600    0.143268E+04   -0.737657E+02    0.753224E+03
    0.5650    0.142053E+04   -0.627431E+02    0.741635E+03
    0.5700    0.140867E+04   -0.515021E+02    0.730086E+03
    0.5750    0.139717E+04   -0.395078E+02    0.718339E+03
    0.5800    0.138604E+04   -0.262486E+02    0.706143E+03
    0.5850    0.137521E+04   -0.112890E+02    0.693250E+03
    0.5900    0.136456E+04    0.568242E+01    0.679438E+03
    0.5950    0.135388E+04    0.248265E+02    0.664525E+03
    0.6000    0.134290E+04    0.461507E+02    0.648376E+03
    0.6050    0.133134E+04    0.695257E+02    0.630909E+03
    0.6100    0.131889E+04    0.947160E+02    0.612088E+03
    0.6150    0.130526E+04    0.121419E+03    0.591920E+03
    0.6200    0.129020E+04    0.149300E+03    0.570451E+03
    0.6250    0.127354E+04    0.178016E+03    0.547760E+03
    0.6300    0.125518E+04    0.207228E+03    0.523975E+03
    0.6350    0.123514E+04    0.236613E+03    0.499265E+03
    0.6400    0.121357E+04    0.265859E+03    0.473854E+03
    0.6450    0.119070E+04    0.294671E+03    0.448017E+03
    0.6500    0.116690E+04    0.322776E+03    0.422061E+03
    0.6550    0.114257E+04    0.349935E+03    0.396318E+03
    0.6600    0.111818E+04    0.375946E+03    0.371119E+03
    0.6650    0.109421E+04    0.400651E+03    0.346781E+03
    0.6700    0.107111E+04    0.423938E+03    0.323588E+03
    0.6750    0.104927E+04    0.445724E+03    0.301775E+03
    0.6800    0.102899E+04    0.465954E+03    0.281519E+03
    0.6850    0.101044E+04    0.484579E+03    0.262930E+03
    0.6900    0.993649E+03    0.501561E+03    0.246044E+03
    0.6950    0.978510E+03    0.516854E+03    0.230828E+03
    0.7000    0.964778E+03    0.530421E+03    0.217179E+03
    0.7050    0.952100E+03    0.542252E+03    0.204924E+03
    0.7100    0.940036E+03    0.552375E+03    0.193830E+03
    0.7150    0.928102E+03    0.560869E+03    0.183617E+03
    0.7200    0.915802E+03    0.567850E+03    0.173976E+03
    0.7250    0.902682E+03    0.573485E+03    0.164598E+03
    0.7300    0.888366E+03    0.577975E+03    0.155195E+03
    0.7350    0.872593E+03    0.581531E+03    0.145531E+03
    0.7400    0.855242E+03    0.584363E+03    0.135440E+03
    0.7450    0.836339E+03    0.586666E+03    0.124837E+03
    0.7500    0.816053E+03    0.588608E+03    0.113723E+03
    0.7550    0.794680E+03    0.590327E+03    0.102177E+03
    0.7600    0.772617E+03    0.591926E+03    0.903459E+02
    0.7650    0.750330E+03    0.593471E+03    0.784298E+02
    0.7700    0.728304E+03    0.594982E+03    0.666614E+02
    0.7750    0.707008E+03    0.596425E+03    0.552911E+02
    0.7800    0.686840E+03    0.597709E+03    0.445658E+02
    0.7850    0.668101E+03    0.598670E+03    0.347156E+02
    0.7900    0.650957E+03    0.599076E+03    0.259407E+02
    0.7950    0.635442E+03    0.598630E+03    0.184062E+02
    0.8000    0.621447E+03    0.596978E+03    0.122343E+02
    0.8050    0.608730E+03    0.593687E+03    0.752164E+01
    0.8100    0.596943E+03    0.588234E+03    0.435422E+01
    0.8150    0.585657E+03    0.579928E+03    0.286482E+01
    0.8200    0.574405E+03    0.567719E+03    0.334343E+01
    0.8250    0.562715E+03    0.549782E+03    0.646646E+01
    0.8300    0.550160E+03    0.522496E+03    0.138322E+02
    0.8350    0.536392E+03    0.477568E+03    0.294117E+02
    0.8400    0.521155E+03    0.406193E+03    0.574811E+02
    0.8450    0.504312E+03    0.530360E+03   -0.130241E+02
    0.8500    0.485798E+03    0.598968E+03   -0.565850E+02
    0.8550    0.465746E+03    0.629186E+03   -0.817197E+02
    0.8600    0.444383E+03    0.646721E+03   -0.101169E+03
    0.8650    0.422019E+03    0.658343E+03   -0.118162E+03
    0.8700    0.399019E+03    0.666620E+03   -0.133801E+03
    0.8750    0.375778E+03    0.672728E+03   -0.148475E+03
    0.8800    0.352682E+03    0.677227E+03   -0.162273E+03
    0.8850    0.330073E+03    0.680380E+03   -0.175153E+03
    0.8900    0.308224E+03    0.682279E+03   -0.187028E+03
    0.8950    0.287309E+03    0.682954E+03   -0.197822E+03
    0.9000    0.267380E+03    0.682395E+03   -0.207508E+03
    0.9050    0.248335E+03    0.680599E+03   -0.216132E+03
    0.9100    0.229916E+03    0.677610E+03   -0.223847E+03
    0.9150    0.211674E+03    0.673530E+03   -0.230928E+03
    0.9200    0.192931E+03    0.668524E+03   -0.237796E+03
    0.9250    0.172691E+03    0.662814E+03   -0.245062E+03
    0.9300    0.149334E+03    0.656687E+03   -0.253676E+03
    0.9350    0.119269E+03    0.650454E+03   -0.265593E+03
    0.9400    0.685293E+02    0.644435E+03   -0.287953E+03
    0.9450    0.207391E+02    0.638944E+03   -0.309103E+03
    0.9500    0.133748E+02    0.634271E+03   -0.310448E+03
    0.9550    0.166364E+02    0.630636E+03   -0.307000E+03
    0.9600    0.224036E+02    0.628193E+03   -0.302895E+03
    0.9650    0.274574E+02    0.627009E+03   -0.299776E+03
    0.9700    0.302400E+02    0.627054E+03   -0.298407E+03
    0.9750    0.299596E+02    0.628184E+03   -0.299112E+03
    0.9800    0.263751E+02    0.630110E+03   -0.301867E+03
    0.9850    0.195934E+02    0.632327E+03   -0.306367E+03
    0.9900    0.100138E+02    0.634005E+03   -0.311995E+03
    0.9950   -0.190766E+01    0.633677E+03   -0.317792E+03
    1.0000   -0.156143E+02    0.628407E+03   -0.322011E+03
    1.0050   -0.303634E+02    0.611124E+03   -0.320744E+03
    1.0100   -0.444602E+02    0.562803E+03   -0.303632E+03
    1.0150   -0.521922E+02    0.463735E+03   -0.257963E+03
    1.0200   -0.541131E+02    0.392959E+03   -0.223536E+03
    1.0250   -0.590544E+02    0.376505E+03   -0.217779E+03
    1.0300   -0.669565E+02    0.381692E+03   -0.224324E+03
    1.0350   -0.763609E+02    0.394680E+03   -0.235520E+03
    1.0400   -0.864218E+02    0.410628E+03   -0.248525E+03
    1.0450   -0.966967E+02    0.427594E+03   -0.262145E+03
    1.0500   -0.106895E+03    0.444690E+03   -0.275793E+03
    1.0550   -0.116861E+03    0.461464E+03   -0.289162E+03
    1.0600   -0.126486E+03    0.477669E+03   -0.302077E+03
    1.0650   -0.135585E+03    0.493149E+03   -0.314367E+03
    1.0700   -0.144057E+03    0.507819E+03   -0.325938E+03
    1.0750   -0.151731E+03    0.521637E+03   -0.336684E+03
    1.0800   -0.158374E+03    0.534579E+03   -0.346477E+03
    1.0850   -0.163785E+03    0.546663E+03   -0.355224E+03
    1.0900   -0.167731E+03    0.557914E+03   -0.362822E+03
    1.0950   -0.169979E+03    0.568382E+03   -0.369181E+03
    1.1000   -0.170345E+03    0.578126E+03   -0.374235E+03
    1.1050   -0.168699E+03    0.587216E+03   -0.377957E+03
    1.1100   -0.164941E+03    0.595718E+03   -0.380330E+03
    1.1150   -0.159084E+03    0.603703E+03   -0.381393E+03
    1.1200   -0.151226E+03    0.611233E+03   -0.381230E+03
    1.1250   -0.141516E+03    0.618345E+03   -0.379930E+03
    1.1300   -0.130235E+03    0.625067E+03   -0.377651E+03
    1.1350   -0.117737E+03    0.631391E+03   -0.374564E+03
    1.1400   -0.104393E+03    0.637280E+03   -0.370837E+03
    1.1450   -0.906573E+02    0.642675E+03   -0.366666E+03
    1.1500   -0.769681E+02    0.647488E+03   -0.362228E+03
    1.1550   -0.637372E+02    0.651623E+03   -0.357680E+03
    1.1600   -0.513491E+02    0.654985E+03   -0.353167E+03
    1.1650   -0.401168E+02    0.657499E+03   -0.348808E+03
    1.1700   -0.302438E+02    0.659115E+03   -0.344679E+03
    1.1750   -0.218460E+02    0.659821E+03   -0.340834E+03
    1.1800   -0.149285E+02    0.659643E+03   -0.337286E+03
    1.1850   -0.938113E+01    0.658684E+03   -0.334033E+03
    1.1900   -0.501927E+01    0.657052E+03   -0.331036E+03
    1.1950   -0.157876E+01    0.654897E+03   -0.328238E+03
    1.2000    0.125060E+01    0.652400E+03   -0.325575E+03
    1.2050    0.378051E+01    0.649749E+03   -0.322984E+03
    1.2100    0.630513E+01    0.647149E+03   -0.320422E+03
    1.2150    0.908136E+01    0.644795E+03   -0.317857E+03
    1.2200    0.122778E+02    0.642877E+03   -0.315299E+03
    1.2250    0.159642E+02    0.641566E+03   -0.312801E+03
    1.2300    0.201250E+02    0.641011E+03   -0.310443E+03
    1.2350    0.246126E+02    0.641322E+03   -0.308355E+03
    1.2400    0.292086E+02    0.642581E+03   -0.306686E+03
    1.2450    0.335936E+02    0.644817E+03   -0.305612E+03
    1.2500    0.374168E+02    0.648013E+03   -0.305298E+03
    1.2550    0.403105E+02    0.652098E+03   -0.305894E+03
    1.2600    0.419075E+02    0.656966E+03   -0.307529E+03
    1.2650    0.418905E+02    0.662463E+03   -0.310286E+03
    1.2700    0.400194E+02    0.668419E+03   -0.314200E+03
    1.2750    0.361375E+02    0.674638E+03   -0.319250E+03
    1.2800    0.301914E+02    0.680935E+03   -0.325372E+03
    1.2850    0.222318E+02    0.687123E+03   -0.332446E+03
    1.2900    0.123884E+02    0.693048E+03   -0.340330E+03
    1.2950    0.860598E+00    0.698575E+03   -0.348857E+03
    1.3000   -0.121075E+02    0.703619E+03   -0.357863E+03
    1.3050   -0.262663E+02    0.708126E+03   -0.367196E+03
    1.3100   -0.413819E+02    0.712089E+03   -0.376736E+03
    1.3150   -0.572668E+02    0.715538E+03   -0.386402E+03
    1.3200   -0.738185E+02    0.718540E+03   -0.396179E+03
    1.3250   -0.910373E+02    0.721190E+03   -0.406114E+03
    1.3300   -0.108983E+03    0.723587E+03   -0.416285E+03
    1.3350   -0.127819E+03    0.725841E+03   -0.426830E+03
    1.3400   -0.147778E+03    0.728044E+03   -0.437911E+03
    1.3450   -0.169141E+03    0.730275E+03   -0.449708E+03
    1.3500   -0.192208E+03    0.732580E+03   -0.462394E+03
    1.3550   -0.217269E+03    0.734973E+03   -0.476121E+03
    1.3600   -0.244595E+03    0.737448E+03   -0.491022E+03
    1.3650   -0.274327E+03    0.739938E+03   -0.507132E+03
    1.3700   -0.306554E+03    0.742367E+03   -0.524461E+03
    1.3750   -0.341310E+03    0.744663E+03   -0.542986E+03
    1.3800   -0.378501E+03    0.746721E+03   -0.562611E+03
    1.3850   -0.417960E+03    0.748436E+03   -0.583198E+03
    1.3900   -0.459465E+03    0.749701E+03   -0.604583E+03
    1.3950   -0.502760E+03    0.750403E+03   -0.626581E+03
    1.4000   -0.547571E+03    0.750429E+03   -0.649000E+03
    1.4050   -0.593710E+03    0.749664E+03   -0.671687E+03
    1.4100   -0.640982E+03    0.747989E+03   -0.694485E+03
    1.4150   -0.689297E+03    0.745277E+03   -0.717287E+03
    1.4200   -0.738651E+03    0.741401E+03   -0.740026E+03
    1.4250   -0.789129E+03    0.736230E+03   -0.762679E+03
    1.4300   -0.840902E+03    0.729639E+03   -0.785270E+03
    1.4350   -0.894198E+03    0.721506E+03   -0.807852E+03
    1.4400   -0.949272E+03    0.711730E+03   -0.830501E+03
    1.4450   -0.100642E+04    0.700220E+03   -0.853322E+03
    1.4500   -0.106590E+04    0.686922E+03   -0.876412E+03
    1.4550   -0.112790E+04    0.671808E+03   -0.899856E+03
    1.4600   -0.119256E+04    0.654889E+03   -0.923724E+03
    1.4650   -0.125992E+04    0.636215E+03   -0.948068E+03
    1.4700   -0.132994E+04    0.615872E+03   -0.972906E+03
    1.4750   -0.140249E+04    0.593982E+03   -0.998237E+03
    1.4800   -0.147737E+04    0.570689E+03   -0.102403E+04
    1.4850   -0.155434E+04    0.546153E+03   -0.105025E+04
    1.4900   -0.163314E+04    0.520544E+03   -0.107684E+04
    1.4950   -0.171352E+04    0.494019E+03   -0.110377E+04
    1.5000   -0.179528E+04    0.466725E+03   -0.113100E+04
    1.5050   -0.187824E+04    0.438775E+03   -0.115851E+04
    1.5100   -0.196234E+04    0.410263E+03   -0.118630E+04
    1.5150   -0.204754E+04    0.381243E+03   -0.121439E+04
    1.5200   -0.213386E+04    0.351744E+03   -0.124280E+04
    1.5250   -0.222130E+04    0.321770E+03   -0.127153E+04
    1.5300   -0.230976E+04    0.291306E+03   -0.130053E+04
    1.5350   -0.239892E+04    0.260333E+03   -0.132962E+04
    1.5400   -0.248796E+04    0.228817E+03   -0.135839E+04
    1.5450   -0.257519E+04    0.196743E+03   -0.138597E+04
    1.5500   -0.265734E+04    0.164096E+03   -0.141072E+04
    1.5550   -0.272888E+04    0.130887E+03   -0.142988E+04
    1.5600   -0.278281E+04    0.971234E+02   -0.143996E+04
    1.5650   -0.281772E+04    0.628342E+02   -0.144028E+04
    1.5700   -0.284895E+04    0.280831E+02   -0.143852E+04
    1.5750   -0.290169E+04   -0.706454E+01   -0.144731E+04
    1.5800   -0.298885E+04   -0.425234E+02   -0.147316E+04
    1.5850   -0.310773E+04   -0.781993E+02   -0.151476E+04
    1.5900   -0.324965E+04   -0.113979E+03   -0.156784E+04
    1.5950   -0.340614E+04   -0.149743E+03   -0.162820E+04
    1.6000   -0.357052E+04   -0.185374E+03   -0.169257E+04
    1.6050   -0.373799E+04   -0.220734E+03   -0.175863E+04
    1.6100   -0.390516E+04   -0.255681E+03   -0.182474E+04
    1.6150   -0.406978E+04   -0.290071E+03   -0.188986E+04
    1.6200   -0.423039E+04   -0.323769E+03   -0.195331E+04
    1.6250   -0.438618E+04   -0.356631E+03   -0.201478E+04
    1.6300   -0.453680E+04   -0.388528E+03   -0.207413E+04
    1.6350   -0.468228E+04   -0.419349E+03   -0.213146E+04
    1.6400   -0.482288E+04   -0.448996E+03   -0.218694E+04
    1.6450   -0.495903E+04   -0.477391E+03   -0.224082E+04
    1.6500   -0.509125E+04   -0.504482E+03   -0.229339E+04
    1.6550   -0.522008E+04   -0.530253E+03   -0.234491E+04
    1.6600   -0.534600E+04   -0.554700E+03   -0.239565E+04
    1.6650   -0.546944E+04   -0.577872E+03   -0.244578E+04
    1.6700   -0.559071E+04   -0.599811E+03   -0.249545E+04
    1.6750   -0.571002E+04   -0.620590E+03   -0.254471E+04
    1.6800   -0.582745E+04   -0.640302E+03   -0.259357E+04
    1.6850   -0.594295E+04   -0.659005E+03   -0.264197E+04
    1.6900   -0.605641E+04   -0.676788E+03   -0.268981E+04
    1.6950   -0.616759E+04   -0.693702E+03   -0.273695E+04
    1.7000   -0.627624E+04   -0.709782E+03   -0.278323E+04
    1.7050   -0.638203E+04   -0.725043E+03   -0.282849E+04
    1.7100   -0.648465E+04   -0.739473E+03   -0.287259E+04
    1.7150   -0.658378E+04   -0.753043E+03   -0.291537E+04
    1.7200   -0.667913E+04   -0.765702E+03   -0.295671E+04
    1.7250   -0.677045E+04   -0.777385E+03   -0.299653E+04
    1.7300   -0.685752E+04   -0.788021E+03   -0.303475E+04
    1.7350   -0.694017E+04   -0.797530E+03   -0.307132E+04
    1.7400   -0.701830E+04   -0.805870E+03   -0.310621E+04
    1.7450   -0.709186E+04   -0.812993E+03   -0.313943E+04
    1.7500   -0.716087E+04   -0.818887E+03   -0.317099E+04
    1.7550   -0.722533E+04   -0.823551E+03   -0.320089E+04
    1.7600   -0.728526E+04   -0.827020E+03   -0.322912E+04
    1.7650   -0.734076E+04   -0.829359E+03   -0.325570E+04
    1.7700   -0.739189E+04   -0.830665E+03   -0.328061E+04
    1.7750   -0.743873E+04   -0.831060E+03   -0.330383E+04
    1.7800   -0.748129E+04   -0.830676E+03   -0.332531E+04
    1.7850   -0.751955E+04   -0.829669E+03   -0.334494E+04
    1.7900   -0.755341E+04   -0.828200E+03   -0.336261E+04
    1.7950   -0.758268E+04   -0.826424E+03   -0.337813E+04
    1.8000   -0.760705E+04   -0.824494E+03   -0.339128E+04
    1.8050   -0.762612E+04   -0.822556E+03   -0.340178E+04
    1.8100   -0.763934E+04   -0.820738E+03   -0.340930E+04
    1.8150   -0.764608E+04   -0.819151E+03   -0.341346E+04
    1.8200   -0.764559E+04   -0.817889E+03   -0.341385E+04
    1.8250   -0.763706E+04   -0.817027E+03   -0.341002E+04
    1.8300   -0.761965E+04   -0.816629E+03   -0.340151E+04
    1.8350   -0.759250E+04   -0.816731E+03   -0.338788E+04
    1.8400   -0.755481E+04   -0.817355E+03   -0.336873E+04
    1.8450   -0.750589E+04   -0.818508E+03   -0.334369E+04
    1.8500   -0.744520E+04   -0.820177E+03   -0.331251E+04
    1.8550   -0.737236E+04   -0.822339E+03   -0.327501E+04
    1.8600   -0.728725E+04   -0.824953E+03   -0.323115E+04
    1.8650   -0.719001E+04   -0.827956E+03   -0.318103E+04
    1.8700   -0.708105E+04   -0.831282E+03   -0.312488E+04
    1.8750   -0.696109E+04   -0.834843E+03   -0.306313E+04
    1.8800   -0.683114E+04   -0.838542E+03   -0.299630E+04
    1.8850   -0.669248E+04   -0.842273E+03   -0.292511E+04
    1.8900   -0.654667E+04   -0.845927E+03   -0.285037E+04
    1.8950   -0.639548E+04   -0.849396E+03   -0.277304E+04
    1.9000   -0.624083E+04   -0.852577E+03   -0.269413E+04
    1.9050   -0.608478E+04   -0.855384E+03   -0.261470E+04
    1.9100   -0.592938E+04   -0.857747E+03   -0.253582E+04
    1.9150   -0.577663E+04   -0.859622E+03   -0.245851E+04
    1.9200   -0.562836E+04   -0.860998E+03   -0.238368E+04
    1.9250   -0.548614E+04   -0.861900E+03   -0.231212E+04
    1.9300   -0.535111E+04   -0.862370E+03   -0.224437E+04
    1.9350   -0.522416E+04   -0.862510E+03   -0.218083E+04
    1.9400   -0.510612E+04   -0.862454E+03   -0.212183E+04
    1.9450   -0.499690E+04   -0.862371E+03   -0.206727E+04
    1.9500   -0.489612E+04   -0.862435E+03   -0.201684E+04
    1.9550   -0.480300E+04   -0.862862E+03   -0.197007E+04
    1.9600   -0.471596E+04   -0.863875E+03   -0.192604E+04
    1.9650   -0.463235E+04   -0.865694E+03   -0.188333E+04
    1.9700   -0.454808E+04   -0.868515E+03   -0.183978E+04
    1.9750   -0.445780E+04   -0.872498E+03   -0.179265E+04
    1.9800   -0.435577E+04   -0.877735E+03   -0.173902E+04
    1.9850   -0.423768E+04   -0.884228E+03   -0.167673E+04
    1.9900   -0.410228E+04   -0.891871E+03   -0.160520E+04
    1.9950   -0.395138E+04   -0.900479E+03   -0.152545E+04
    2.0000   -0.378984E+04   -0.909774E+03   -0.144003E+04
    2.0050   -0.362361E+04   -0.919458E+03   -0.135208E+04
    2.0100   -0.345810E+04   -0.929272E+03   -0.126441E+04
    2.0150   -0.329690E+04   -0.939064E+03   -0.117892E+04
    2.0200   -0.314114E+04   -0.948836E+03   -0.109615E+04
    2.0250   -0.299012E+04   -0.958795E+03   -0.101566E+04
    2.0300   -0.284272E+04   -0.969361E+03   -0.936682E+03
    2.0350   -0.269823E+04   -0.981142E+03   -0.858543E+03
    2.0400   -0.255594E+04   -0.994849E+03   -0.780546E+03
    2.0450   -0.241445E+04   -0.101112E+04   -0.701663E+03
    2.0500   -0.227159E+04   -0.103028E+04   -0.620656E+03
    2.0550   -0.212574E+04   -0.105214E+04   -0.536803E+03
    2.0600   -0.197754E+04   -0.107598E+04   -0.450778E+03
    2.0650   -0.183120E+04   -0.110102E+04   -0.365092E+03
    2.0700   -0.169434E+04   -0.112700E+04   -0.283671E+03
    2.0750   -0.157595E+04   -0.115473E+04   -0.210611E+03
    2.0800   -0.148306E+04   -0.118618E+04   -0.148441E+03
    2.0850   -0.141744E+04   -0.122416E+04   -0.966396E+02
    2.0900   -0.137400E+04   -0.127163E+04   -0.511833E+02
    2.0950   -0.134174E+04   -0.133091E+04   -0.541839E+01
    2.1000   -0.130740E+04   -0.140266E+04    0.476274E+02
    2.1050   -0.126120E+04   -0.148480E+04    0.111798E+03
    2.1100   -0.120146E+04   -0.157361E+04    0.186073E+03
    2.1150   -0.113576E+04   -0.166776E+04    0.265998E+03
    2.1200   -0.107708E+04   -0.177165E+04    0.347287E+03
    2.1250   -0.103596E+04   -0.189310E+04    0.428573E+03
    2.1300   -0.101314E+04   -0.203234E+04    0.509600E+03
    2.1350   -0.997217E+03   -0.216980E+04    0.586292E+03
    2.1400   -0.970005E+03   -0.227420E+04    0.652098E+03
    2.1450   -0.917339E+03   -0.233396E+04    0.708308E+03
    2.1500   -0.838800E+03   -0.236233E+04    0.761767E+03
    2.1550   -0.748483E+03   -0.237641E+04    0.813962E+03
    2.1600   -0.664703E+03   -0.238543E+04    0.860362E+03
    2.1650   -0.595657E+03   -0.239281E+04    0.898575E+03
    2.1700   -0.532111E+03   -0.240185E+04    0.934869E+03
    2.1750   -0.454912E+03   -0.241723E+04    0.981158E+03
    2.1800   -0.352579E+03   -0.244150E+04    0.104446E+04
    2.1850   -0.233666E+03   -0.247256E+04    0.111945E+04
    2.1900   -0.120427E+03   -0.250580E+04    0.119268E+04
    2.1950   -0.281401E+02   -0.253872E+04    0.125529E+04
    2.2000    0.502198E+02   -0.257326E+04    0.131174E+04
    2.2050    0.137206E+03   -0.261254E+04    0.137487E+04
    2.2100    0.245886E+03   -0.265575E+04    0.145082E+04
    2.2150    0.363213E+03   -0.269708E+04    0.153015E+04
    2.2200    0.463029E+03   -0.273045E+04    0.159674E+04
    2.2250    0.535955E+03   -0.275520E+04    0.164558E+04
    2.2300    0.602220E+03   -0.277606E+04    0.168914E+04
    2.2350    0.689763E+03   -0.279669E+04    0.174323E+04
    2.2400    0.799319E+03   -0.281532E+04    0.180732E+04
    2.2450    0.901171E+03   -0.282643E+04    0.186380E+04
    2.2500    0.970826E+03   -0.282742E+04    0.189912E+04
    2.2550    0.102079E+04   -0.282186E+04    0.192132E+04
    2.2600    0.108725E+04   -0.281522E+04    0.195123E+04
    2.2650    0.118367E+04   -0.280907E+04    0.199637E+04
    2.2700    0.128037E+04   -0.280088E+04    0.204063E+04
    2.2750    0.134122E+04   -0.278854E+04    0.206488E+04
    2.2800    0.137031E+04   -0.277445E+04    0.207238E+04
    2.2850    0.140739E+04   -0.276333E+04    0.208536E+04
    2.2900    0.147501E+04   -0.275756E+04    0.211629E+04
    2.2950    0.154594E+04   -0.275661E+04    0.215127E+04
    2.3000    0.157831E+04   -0.275991E+04    0.216911E+04
    2.3050    0.157098E+04   -0.276904E+04    0.217001E+04
    2.3100    0.156446E+04   -0.278604E+04    0.217525E+04
    2.3150    0.158550E+04   -0.281138E+04    0.219844E+04
    2.3200    0.160961E+04   -0.284468E+04    0.222715E+04
    2.3250    0.159458E+04   -0.288614E+04    0.224036E+04
    2.3300    0.153772E+04   -0.293598E+04    0.223685E+04
    2.3350    0.147834E+04   -0.299281E+04    0.223557E+04
    2.3400    0.144342E+04   -0.305440E+04    0.224891E+04
    2.3450    0.141117E+04   -0.311976E+04    0.226546E+04
    2.3500    0.134257E+04   -0.318958E+04    0.226607E+04
    2.3550    0.123536E+04   -0.326343E+04    0.224940E+04
    2.3600    0.112605E+04   -0.333805E+04    0.223205E+04
    2.3650    0.104008E+04   -0.340981E+04    0.222494E+04
    2.3700    0.958932E+03   -0.347819E+04    0.221856E+04
    2.3750    0.848204E+03   -0.354542E+04    0.219681E+04
    2.3800    0.705276E+03   -0.361223E+04    0.215875E+04
    2.3850    0.561805E+03   -0.367546E+04    0.211863E+04
    2.3900    0.441066E+03   -0.373161E+04    0.208634E+04
    2.3950    0.328669E+03   -0.378125E+04    0.205496E+04
    2.4000    0.194260E+03   -0.382853E+04    0.201139E+04
    2.4050    0.321413E+02   -0.387586E+04    0.195400E+04
    2.4100   -0.132968E+03   -0.392086E+04    0.189395E+04
    2.4150   -0.279120E+03   -0.395986E+04    0.184037E+04
    2.4200   -0.414732E+03   -0.399352E+04    0.178939E+04
    2.4250   -0.566145E+03   -0.402681E+04    0.173033E+04
    2.4300   -0.743820E+03   -0.406347E+04    0.165983E+04
    2.4350   -0.930634E+03   -0.410176E+04    0.158556E+04
    2.4400   -0.110421E+04   -0.413752E+04    0.151666E+04
    2.4450   -0.126388E+04   -0.417020E+04    0.145316E+04
    2.4500   -0.142976E+04   -0.420437E+04    0.138730E+04
    2.4550   -0.161690E+04   -0.424484E+04    0.131397E+04
    2.4600   -0.181725E+04   -0.429145E+04    0.123710E+04
    2.4650   -0.200929E+04   -0.433996E+04    0.116534E+04
    2.4700   -0.218227E+04   -0.438778E+04    0.110275E+04
    2.4750   -0.234681E+04   -0.443736E+04    0.104528E+04
    2.4800   -0.252080E+04   -0.449374E+04    0.986472E+03
    2.4850   -0.270859E+04   -0.455894E+04    0.925174E+03
    2.4900   -0.289660E+04   -0.462981E+04    0.866609E+03
    2.4950   -0.306835E+04   -0.470152E+04    0.816585E+03
    2.5000   -0.322182E+04   -0.477251E+04    0.775346E+03
    2.5050   -0.337047E+04   -0.484546E+04    0.737490E+03
    2.5100   -0.352885E+04   -0.492391E+04    0.697530E+03
    2.5150   -0.369839E+04   -0.500782E+04    0.654716E+03
    2.5200   -0.386745E+04   -0.509304E+04    0.612795E+03
    2.5250   -0.402347E+04   -0.517483E+04    0.575680E+03
    2.5300   -0.416467E+04   -0.525159E+04    0.543463E+03
    2.5350   -0.430048E+04   -0.532529E+04    0.512406E+03
    2.5400   -0.444213E+04   -0.539907E+04    0.478472E+03
    2.5450   -0.459248E+04   -0.547398E+04    0.440750E+03
    2.5500   -0.474409E+04   -0.554797E+04    0.401937E+03
    2.5550   -0.488546E+04   -0.561777E+04    0.366160E+03
    2.5600   -0.500945E+04   -0.568160E+04    0.336078E+03
    2.5650   -0.511722E+04   -0.574035E+04    0.311566E+03
    2.5700   -0.521555E+04   -0.579692E+04    0.290683E+03
    2.5750   -0.531064E+04   -0.585420E+04    0.271784E+03
    2.5800   -0.540348E+04   -0.591348E+04    0.255004E+03
    2.5850   -0.548949E+04   -0.597405E+04    0.242282E+03
    2.5900   -0.556175E+04   -0.603419E+04    0.236216E+03
    2.5950   -0.561522E+04   -0.609256E+04    0.238669E+03
    2.6000   -0.564923E+04   -0.614910E+04    0.249934E+03
    2.6050   -0.566722E+04   -0.620492E+04    0.268847E+03
    2.6100   -0.567442E+04   -0.626173E+04    0.293652E+03
    2.6150   -0.567505E+04   -0.632089E+04    0.322921E+03
    2.6200   -0.567073E+04   -0.638293E+04    0.356102E+03
    2.6250   -0.566029E+04   -0.644734E+04    0.393525E+03
    2.6300   -0.564096E+04   -0.651298E+04    0.436007E+03
    2.6350   -0.560990E+04   -0.657866E+04    0.484381E+03
    2.6400   -0.556555E+04   -0.664368E+04    0.539067E+03
    2.6450   -0.550811E+04   -0.670798E+04    0.599934E+03
    2.6500   -0.543937E+04   -0.677213E+04    0.666376E+03
    2.6550   -0.536198E+04   -0.683706E+04    0.737540E+03
    2.6600   -0.527860E+04   -0.690384E+04    0.812622E+03
    2.6650   -0.519138E+04   -0.697344E+04    0.891033E+03
    2.6700   -0.510158E+04   -0.704664E+04    0.972528E+03
    2.6750   -0.500971E+04   -0.712422E+04    0.105725E+04
    2.6800   -0.491573E+04   -0.720736E+04    0.114581E+04
    2.6850   -0.481944E+04   -0.729830E+04    0.123943E+04
    2.6900   -0.472084E+04   -0.740115E+04    0.134015E+04
    2.6950   -0.462028E+04   -0.752204E+04    0.145088E+04
    2.7000   -0.451846E+04   -0.766677E+04    0.157415E+04
    2.7050   -0.441646E+04   -0.783218E+04    0.170786E+04
    2.7100   -0.431559E+04   -0.799811E+04    0.184126E+04
    2.7150   -0.421705E+04   -0.813871E+04    0.196083E+04
    2.7200   -0.412192E+04   -0.824198E+04    0.206003E+04
    2.7250   -0.403102E+04   -0.831103E+04    0.214000E+04
    2.7300   -0.394480E+04   -0.835489E+04    0.220504E+04
    2.7350   -0.386350E+04   -0.838248E+04    0.225949E+04
    2.7400   -0.378705E+04   -0.840113E+04    0.230704E+04
    2.7450   -0.371531E+04   -0.841633E+04    0.235051E+04
    2.7500   -0.364810E+04   -0.843202E+04    0.239196E+04
    2.7550   -0.358532E+04   -0.845095E+04    0.243281E+04
    2.7600   -0.352702E+04   -0.847478E+04    0.247388E+04
    2.7650   -0.347361E+04   -0.850441E+04    0.251540E+04
    2.7700   -0.342503E+04   -0.854008E+04    0.255753E+04
    2.7750   -0.338160E+04   -0.858139E+04    0.259989E+04
    2.7800   -0.334386E+04   -0.862749E+04    0.264181E+04
    2.7850   -0.331205E+04   -0.867718E+04    0.268256E+04
    2.7900   -0.328619E+04   -0.872900E+04    0.272141E+04
    2.7950   -0.326603E+04   -0.878138E+04    0.275767E+04
    2.8000   -0.325104E+04   -0.883268E+04    0.279082E+04
    2.8050   -0.324030E+04   -0.888133E+04    0.282051E+04
    2.8100   -0.323259E+04   -0.892589E+04    0.284665E+04
    2.8150   -0.322644E+04   -0.896513E+04    0.286934E+04
    2.8200   -0.322022E+04   -0.899805E+04    0.288892E+04
    2.8250   -0.321222E+04   -0.902392E+04    0.290585E+04
    2.8300   -0.320080E+04   -0.904226E+04    0.292073E+04
    2.8350   -0.318451E+04   -0.905286E+04    0.293417E+04
    2.8400   -0.316213E+04   -0.905572E+04    0.294679E+04
    2.8450   -0.313281E+04   -0.905103E+04    0.295911E+04
    2.8500   -0.309604E+04   -0.903912E+04    0.297154E+04
    2.8550   -0.305168E+04   -0.902042E+04    0.298437E+04
    2.8600   -0.299991E+04   -0.899540E+04    0.299775E+04
    2.8650   -0.294114E+04   -0.896457E+04    0.301171E+04
    2.8700   -0.287596E+04   -0.892843E+04    0.302624E+04
    2.8750   -0.280497E+04   -0.888748E+04    0.304126E+04
    2.8800   -0.272875E+04   -0.884221E+04    0.305673E+04
    2.8850   -0.264773E+04   -0.879309E+04    0.307268E+04
    2.8900   -0.256218E+04   -0.874062E+04    0.308922E+04
    2.8950   -0.247214E+04   -0.868530E+04    0.310658E+04
    2.9000   -0.237748E+04   -0.862768E+04    0.312510E+04
    2.9050   -0.227791E+04   -0.856834E+04    0.314521E+04
    2.9100   -0.217310E+04   -0.850790E+04    0.316740E+04
    2.9150   -0.206274E+04   -0.844702E+04    0.319214E+04
    2.9200   -0.194653E+04   -0.838629E+04    0.321988E+04
    2.9250   -0.182455E+04   -0.832638E+04    0.325092E+04
    2.9300   -0.169699E+04   -0.826785E+04    0.328543E+04
    2.9350   -0.156439E+04   -0.821116E+04    0.332339E+04
    2.9400   -0.142753E+04   -0.815668E+04    0.336457E+04
    2.9450   -0.128736E+04   -0.810457E+04    0.340861E+04
    2.9500   -0.114501E+04   -0.805487E+04    0.345493E+04
    2.9550   -0.100162E+04   -0.800744E+04    0.350291E+04
    2.9600   -0.858232E+03   -0.796200E+04    0.355188E+04
    2.9650   -0.715641E+03   -0.791811E+04    0.360123E+04
    2.9700   -0.574257E+03   -0.787526E+04    0.365050E+04
    2.9750   -0.434170E+03   -0.783290E+04    0.369937E+04
    2.9800   -0.294967E+03   -0.779049E+04    0.374776E+04
    2.9850   -0.155838E+03   -0.774756E+04    0.379586E+04
    2.9900   -0.156536E+02   -0.770374E+04    0.384404E+04
    2.9950    0.126990E+03   -0.765878E+04    0.389289E+04
    3.0000    0.273595E+03   -0.761261E+04    0.394310E+04
    3.0050    0.425616E+03   -0.756528E+04    0.399545E+04
    3.0100    0.584270E+03   -0.751701E+04    0.405064E+04
    3.0150    0.750495E+03   -0.746806E+04    0.410928E+04
    3.0200    0.924691E+03   -0.741881E+04    0.417175E+04
    3.0250    0.110688E+04   -0.736965E+04    0.423827E+04
    3.0300    0.129665E+04   -0.732093E+04    0.430879E+04
    3.0350    0.149310E+04   -0.727293E+04    0.438302E+04
    3.0400    0.169504E+04   -0.722588E+04    0.446046E+04
    3.0450    0.190116E+04   -0.717988E+04    0.454052E+04
    3.0500    0.211021E+04   -0.713492E+04    0.462257E+04
    3.0550    0.232121E+04   -0.709094E+04    0.470607E+04
    3.0600    0.253343E+04   -0.704780E+04    0.479061E+04
    3.0650    0.274677E+04   -0.700533E+04    0.487605E+04
    3.0700    0.296162E+04   -0.696340E+04    0.496251E+04
    3.0750    0.317895E+04   -0.692187E+04    0.505041E+04
    3.0800    0.340021E+04   -0.688074E+04    0.514047E+04
    3.0850    0.362713E+04   -0.684008E+04    0.523361E+04
    3.0900    0.386175E+04   -0.680003E+04    0.533089E+04
    3.0950    0.410592E+04   -0.676087E+04    0.543340E+04
    3.1000    0.436130E+04   -0.672296E+04    0.554213E+04
    3.1050    0.462903E+04   -0.668669E+04    0.565786E+04
    3.1100    0.490964E+04   -0.665248E+04    0.578106E+04
    3.1150    0.520284E+04   -0.662074E+04    0.591179E+04
    3.1200    0.550758E+04   -0.659180E+04    0.604969E+04
    3.1250    0.582200E+04   -0.656585E+04    0.619393E+04
    3.1300    0.614350E+04   -0.654299E+04    0.634324E+04
    3.1350    0.646899E+04   -0.652301E+04    0.649600E+04
    3.1400    0.679494E+04   -0.650554E+04    0.665024E+04
    3.1450    0.711768E+04   -0.648988E+04    0.680378E+04
    3.1500    0.743354E+04   -0.647502E+04    0.695428E+04
    3.1550    0.773907E+04   -0.645958E+04    0.709932E+04
    3.1600    0.803112E+04   -0.644183E+04    0.723647E+04
    3.1650    0.830692E+04   -0.641973E+04    0.736333E+04
    3.1700    0.856415E+04   -0.639096E+04    0.747755E+04
    3.1750    0.880092E+04   -0.635301E+04    0.757697E+04
    3.1800    0.901595E+04   -0.630328E+04    0.765961E+04
    3.1850    0.920909E+04   -0.623915E+04    0.772412E+04
    3.1900    0.938351E+04   -0.615816E+04    0.777084E+04
    3.1950    0.955428E+04   -0.605843E+04    0.780636E+04
    3.2000    0.977348E+04   -0.593883E+04    0.785616E+04
    3.2050    0.101516E+05   -0.579988E+04    0.797575E+04
    3.2100    0.107635E+05   -0.564456E+04    0.820404E+04
    3.2150    0.115428E+05   -0.547931E+04    0.851107E+04
    3.2200    0.123800E+05   -0.531432E+04    0.884716E+04
    3.2250    0.132096E+05   -0.516278E+04    0.918620E+04
    3.2300    0.140050E+05   -0.503861E+04    0.952181E+04
    3.2350    0.147549E+05   -0.495228E+04    0.985358E+04
    3.2400    0.154511E+05   -0.490723E+04    0.101791E+05
    3.2450    0.160852E+05   -0.489862E+04    0.104919E+05
    3.2500    0.166500E+05   -0.491549E+04    0.107828E+05
    3.2550    0.171411E+05   -0.494459E+04    0.110428E+05
    3.2600    0.175576E+05   -0.497366E+04    0.112656E+05
    3.2650    0.179022E+05   -0.499343E+04    0.114478E+05
    3.2700    0.181801E+05   -0.499806E+04    0.115891E+05
    3.2750    0.183982E+05   -0.498494E+04    0.116916E+05
    3.2800    0.185640E+05   -0.495397E+04    0.117590E+05
    3.2850    0.186851E+05   -0.490699E+04    0.117960E+05
    3.2900    0.187687E+05   -0.484700E+04    0.118079E+05
    3.2950    0.188215E+05   -0.477791E+04    0.117997E+05
    3.3000    0.188489E+05   -0.470391E+04    0.117764E+05
    3.3050    0.188557E+05   -0.462928E+04    0.117425E+05
    3.3100    0.188458E+05   -0.455818E+04    0.117020E+05
    3.3150    0.188221E+05   -0.449431E+04    0.116582E+05
    3.3200    0.187867E+05   -0.444093E+04    0.116138E+05
    3.3250    0.187412E+05   -0.440067E+04    0.115709E+05
    3.3300    0.186867E+05   -0.437556E+04    0.115311E+05
    3.3350    0.186237E+05   -0.436709E+04    0.114954E+05
    3.3400    0.185524E+05   -0.437597E+04    0.114642E+05
    3.3450    0.184728E+05   -0.440238E+04    0.114376E+05
    3.3500    0.183851E+05   -0.444607E+04    0.114156E+05
    3.3550    0.182893E+05   -0.450619E+04    0.113977E+05
    3.3600    0.181855E+05   -0.458145E+04    0.113835E+05
    3.3650    0.180739E+05   -0.467017E+04    0.113720E+05
    3.3700    0.179546E+05   -0.477041E+04    0.113625E+05
    3.3750    0.178282E+05   -0.487989E+04    0.113540E+05
    3.3800    0.176949E+05   -0.499608E+04    0.113455E+05
    3.3850    0.175553E+05   -0.511625E+04    0.113358E+05
    3.3900    0.174097E+05   -0.523747E+04    0.113236E+05
    3.3950    0.172587E+05   -0.535671E+04    0.113077E+05
    3.4000    0.171026E+05   -0.547069E+04    0.112866E+05
    3.4050    0.169419E+05   -0.557589E+04    0.112589E+05
    3.4100    0.167770E+05   -0.566847E+04    0.112227E+05
    3.4150    0.166082E+05   -0.574402E+04    0.111761E+05
    3.4200    0.164359E+05   -0.579744E+04    0.111167E+05
    3.4250    0.162606E+05   -0.582270E+04    0.110416E+05
    3.4300    0.160825E+05   -0.581310E+04    0.109478E+05
    3.4350    0.159021E+05   -0.576260E+04    0.108323E+05
    3.4400    0.157196E+05   -0.566831E+04    0.106940E+05
    3.4450    0.155355E+05   -0.553351E+04    0.105345E+05
    3.4500    0.153500E+05   -0.536801E+04    0.103590E+05
    3.4550    0.151634E+05   -0.518480E+04    0.101741E+05
    3.4600    0.149759E+05   -0.499536E+04    0.998562E+04
    3.4650    0.147876E+05   -0.480754E+04    0.979755E+04
    3.4700    0.145986E+05   -0.462579E+04    0.961218E+04
    3.4750    0.144090E+05   -0.445240E+04    0.943069E+04
    3.4800    0.142188E+05   -0.428859E+04    0.925368E+04
    3.4850    0.140280E+05   -0.413511E+04    0.908156E+04
    3.4900    0.138368E+05   -0.399269E+04    0.891473E+04
    3.4950    0.136452E+05   -0.386187E+04    0.875352E+04
    3.5000    0.134533E+05   -0.374320E+04    0.859827E+04
    3.5050    0.132616E+05   -0.363716E+04    0.844936E+04
    3.5100    0.130701E+05   -0.354412E+04    0.830712E+04
    3.5150    0.128794E+05   -0.346428E+04    0.817184E+04
    3.5200    0.126898E+05   -0.339767E+04    0.804374E+04
    3.5250    0.125018E+05   -0.334410E+04    0.792294E+04
    3.5300    0.123157E+05   -0.330322E+04    0.780946E+04
    3.5350    0.121319E+05   -0.327441E+04    0.770317E+04
    3.5400    0.119509E+05   -0.325696E+04    0.760395E+04
    3.5450    0.117729E+05   -0.324986E+04    0.751136E+04
    3.5500    0.115981E+05   -0.325202E+04    0.742505E+04
    3.5550    0.114268E+05   -0.326217E+04    0.734449E+04
    3.5600    0.112593E+05   -0.327894E+04    0.726912E+04
    3.5650    0.110959E+05   -0.330089E+04    0.719837E+04
    3.5700    0.109368E+05   -0.332652E+04    0.713168E+04
    3.5750    0.107827E+05   -0.335434E+04    0.706854E+04
    3.5800    0.106342E+05   -0.338286E+04    0.700852E+04
    3.5850    0.104918E+05   -0.341073E+04    0.695124E+04
    3.5900    0.103563E+05   -0.343667E+04    0.689649E+04
    3.5950    0.102287E+05   -0.345959E+04    0.684414E+04
    3.6000    0.101098E+05   -0.347861E+04    0.679419E+04
    3.6050    0.100004E+05   -0.349304E+04    0.674673E+04
    3.6100    0.990143E+04   -0.350249E+04    0.670196E+04
    3.6150    0.981335E+04   -0.350677E+04    0.666006E+04
    3.6200    0.973666E+04   -0.350596E+04    0.662131E+04
    3.6250    0.967162E+04   -0.350039E+04    0.658600E+04
    3.6300    0.961821E+04   -0.349057E+04    0.655439E+04
    3.6350    0.957622E+04   -0.347717E+04    0.652670E+04
    3.6400    0.954525E+04   -0.346104E+04    0.650314E+04
    3.6450    0.952469E+04   -0.344305E+04    0.648387E+04
    3.6500    0.951405E+04   -0.342418E+04    0.646911E+04
    3.6550    0.951258E+04   -0.340538E+04    0.645898E+04
    3.6600    0.951965E+04   -0.338759E+04    0.645362E+04
    3.6650    0.953472E+04   -0.337173E+04    0.645322E+04
    3.6700    0.955734E+04   -0.335862E+04    0.645798E+04
    3.6750    0.958722E+04   -0.334904E+04    0.646813E+04
    3.6800    0.962417E+04   -0.334369E+04    0.648393E+04
    3.6850    0.966808E+04   -0.334319E+04    0.650564E+04
    3.6900    0.971890E+04   -0.334809E+04    0.653349E+04
    3.6950    0.977653E+04   -0.335882E+04    0.656767E+04
    3.7000    0.984082E+04   -0.337575E+04    0.660828E+04
    3.7050    0.991146E+04   -0.339913E+04    0.665529E+04
    3.7100    0.998797E+04   -0.342910E+04    0.670853E+04
    3.7150    0.100697E+05   -0.346570E+04    0.676768E+04
    3.7200    0.101556E+05   -0.350884E+04    0.683224E+04
    3.7250    0.102449E+05   -0.355829E+04    0.690158E+04
    3.7300    0.103362E+05   -0.361371E+04    0.697495E+04
    3.7350    0.104284E+05   -0.367468E+04    0.705152E+04
    3.7400    0.105203E+05   -0.374066E+04    0.713047E+04
    3.7450    0.106108E+05   -0.381107E+04    0.721096E+04
    3.7500    0.106993E+05   -0.388531E+04    0.729229E+04
    3.7550    0.107849E+05   -0.396279E+04    0.737385E+04
    3.7600    0.108675E+05   -0.404297E+04    0.745526E+04
    3.7650    0.109472E+05   -0.412543E+04    0.753630E+04
    3.7700    0.110241E+05   -0.420989E+04    0.761700E+04
    3.7750    0.110989E+05   -0.429627E+04    0.769759E+04
    3.7800    0.111722E+05   -0.438480E+04    0.777850E+04
    3.7850    0.112448E+05   -0.447607E+04    0.786041E+04
    3.7900    0.113172E+05   -0.457131E+04    0.794426E+04
    3.7950    0.113901E+05   -0.467273E+04    0.803143E+04
    3.8000    0.114638E+05   -0.478455E+04    0.812416E+04
    3.8050    0.115380E+05   -0.491557E+04    0.822678E+04
    3.8100    0.116112E+05   -0.508731E+04    0.834927E+04
    3.8150    0.116737E+05   -0.534784E+04    0.851077E+04
    3.8200    0.117080E+05   -0.548995E+04    0.859896E+04
    3.8250    0.117679E+05   -0.541212E+04    0.859000E+04
    3.8300    0.118424E+05   -0.535408E+04    0.859825E+04
    3.8350    0.119195E+05   -0.533068E+04    0.862510E+04
    3.8400    0.119951E+05   -0.533569E+04    0.866541E+04
    3.8450    0.120674E+05   -0.536391E+04    0.871567E+04
    3.8500    0.121355E+05   -0.541135E+04    0.877341E+04
    3.8550    0.121989E+05   -0.547465E+04    0.883676E+04
    3.8600    0.122576E+05   -0.555088E+04    0.890423E+04
    3.8650    0.123118E+05   -0.563729E+04    0.897457E+04
    3.8700    0.123620E+05   -0.573130E+04    0.904666E+04
    3.8750    0.124086E+05   -0.583050E+04    0.911954E+04
    3.8800    0.124520E+05   -0.593263E+04    0.919230E+04
    3.8850    0.124925E+05   -0.603562E+04    0.926409E+04
    3.8900    0.125306E+05   -0.613762E+04    0.933409E+04
    3.8950    0.125661E+05   -0.623699E+04    0.940154E+04
    3.9000    0.125990E+05   -0.633233E+04    0.946568E+04
    3.9050    0.126291E+05   -0.642250E+04    0.952581E+04
    3.9100    0.126560E+05   -0.650658E+04    0.958131E+04
    3.9150    0.126794E+05   -0.658390E+04    0.963166E+04
    3.9200    0.126990E+05   -0.665398E+04    0.967648E+04
    3.9250    0.127145E+05   -0.671668E+04    0.971560E+04
    3.9300    0.127260E+05   -0.677197E+04    0.974899E+04
    3.9350    0.127337E+05   -0.682005E+04    0.977686E+04
    3.9400    0.127379E+05   -0.686137E+04    0.979965E+04
    3.9450    0.127394E+05   -0.689652E+04    0.981798E+04
    3.9500    0.127390E+05   -0.692627E+04    0.983263E+04
    3.9550    0.127375E+05   -0.695154E+04    0.984451E+04
    3.9600    0.127358E+05   -0.697335E+04    0.985460E+04
    3.9650    0.127349E+05   -0.699279E+04    0.986385E+04
    3.9700    0.127354E+05   -0.701097E+04    0.987318E+04
    3.9750    0.127377E+05   -0.702897E+04    0.988334E+04
    3.9800    0.127421E+05   -0.704780E+04    0.989496E+04
    3.9850    0.127485E+05   -0.706832E+04    0.990842E+04
    3.9900    0.127565E+05   -0.709128E+04    0.992390E+04
    3.9950    0.127656E+05   -0.711712E+04    0.994135E+04
    4.0000    0.127749E+05   -0.714622E+04    0.996058E+04
    4.0050    0.127838E+05   -0.717866E+04    0.998122E+04
    4.0100    0.127913E+05   -0.721434E+04    0.100028E+05
    4.0150    0.127967E+05   -0.725301E+04    0.100249E+05
    4.0200    0.127996E+05   -0.729428E+04    0.100469E+05
    4.0250    0.127995E+05   -0.733771E+04    0.100686E+05
    4.0300    0.127965E+05   -0.738284E+04    0.100897E+05
    4.0350    0.127907E+05   -0.742928E+04    0.101100E+05
    4.0400    0.127826E+05   -0.747660E+04    0.101296E+05
    4.0450    0.127728E+05   -0.752459E+04    0.101487E+05
    4.0500    0.127620E+05   -0.757304E+04    0.101675E+05
    4.0550    0.127510E+05   -0.762193E+04    0.101865E+05
    4.0600    0.127404E+05   -0.767125E+04    0.102058E+05
    4.0650    0.127308E+05   -0.772101E+04    0.102259E+05
    4.0700    0.127228E+05   -0.777093E+04    0.102469E+05
    4.0750    0.127164E+05   -0.782061E+04    0.102685E+05
    4.0800    0.127118E+05   -0.786925E+04    0.102905E+05
    4.0850    0.127088E+05   -0.791568E+04    0.103123E+05
    4.0900    0.127072E+05   -0.795852E+04    0.103329E+05
    4.0950    0.127066E+05   -0.799646E+04    0.103515E+05
    4.1000    0.127064E+05   -0.802853E+04    0.103675E+05
    4.1050    0.127064E+05   -0.805464E+04    0.103805E+05
    4.1100    0.127061E+05   -0.807484E+04    0.103905E+05
    4.1150    0.127053E+05   -0.808984E+04    0.103976E+05
    4.1200    0.127035E+05   -0.810074E+04    0.104021E+05
    4.1250    0.127008E+05   -0.810854E+04    0.104047E+05
    4.1300    0.126968E+05   -0.811414E+04    0.104055E+05
    4.1350    0.126915E+05   -0.811862E+04    0.104051E+05
    4.1400    0.126848E+05   -0.812279E+04    0.104038E+05
    4.1450    0.126764E+05   -0.812741E+04    0.104019E+05
    4.1500    0.126660E+05   -0.813306E+04    0.103995E+05
    4.1550    0.126534E+05   -0.814038E+04    0.103969E+05
    4.1600    0.126383E+05   -0.814971E+04    0.103940E+05
    4.1650    0.126203E+05   -0.816129E+04    0.103908E+05
    4.1700    0.125991E+05   -0.817525E+04    0.103872E+05
    4.1750    0.125746E+05   -0.819156E+04    0.103831E+05
    4.1800    0.125468E+05   -0.821012E+04    0.103785E+05
    4.1850    0.125161E+05   -0.823056E+04    0.103733E+05
    4.1900    0.124829E+05   -0.825251E+04    0.103677E+05
    4.1950    0.124479E+05   -0.827558E+04    0.103617E+05
    4.2000    0.124121E+05   -0.829920E+04    0.103557E+05
    4.2050    0.123766E+05   -0.832284E+04    0.103497E+05
    4.2100    0.123425E+05   -0.834598E+04    0.103443E+05
    4.2150    0.123110E+05   -0.836814E+04    0.103396E+05
    4.2200    0.122831E+05   -0.838891E+04    0.103360E+05
    4.2250    0.122595E+05   -0.840796E+04    0.103337E+05
    4.2300    0.122405E+05   -0.842511E+04    0.103328E+05
    4.2350    0.122264E+05   -0.844019E+04    0.103333E+05
    4.2400    0.122167E+05   -0.845307E+04    0.103349E+05
    4.2450    0.122106E+05   -0.846376E+04    0.103372E+05
    4.2500    0.122072E+05   -0.847225E+04    0.103397E+05
    4.2550    0.122052E+05   -0.847842E+04    0.103418E+05
    4.2600    0.122031E+05   -0.848211E+04    0.103426E+05
    4.2650    0.121995E+05   -0.848317E+04    0.103413E+05
    4.2700    0.121933E+05   -0.848127E+04    0.103373E+05
    4.2750    0.121834E+05   -0.847603E+04    0.103297E+05
    4.2800    0.121692E+05   -0.846702E+04    0.103181E+05
    4.2850    0.121505E+05   -0.845378E+04    0.103021E+05
    4.2900    0.121275E+05   -0.843592E+04    0.102817E+05
    4.2950    0.121009E+05   -0.841315E+04    0.102570E+05
    4.3000    0.120716E+05   -0.838544E+04    0.102285E+05
    4.3050    0.120408E+05   -0.835314E+04    0.101970E+05
    4.3100    0.120101E+05   -0.831723E+04    0.101637E+05
    4.3150    0.119808E+05   -0.827945E+04    0.101301E+05
    4.3200    0.119542E+05   -0.824203E+04    0.100981E+05
    4.3250    0.119314E+05   -0.820765E+04    0.100695E+05
    4.3300    0.119132E+05   -0.817855E+04    0.100459E+05
    4.3350    0.119000E+05   -0.815613E+04    0.100281E+05
    4.3400    0.118918E+05   -0.814072E+04    0.100163E+05
    4.3450    0.118881E+05   -0.813177E+04    0.100100E+05
    4.3500    0.118884E+05   -0.812821E+04    0.100083E+05
    4.3550    0.118916E+05   -0.812871E+04    0.100102E+05
    4.3600    0.118967E+05   -0.813193E+04    0.100143E+05
    4.3650    0.119027E+05   -0.813666E+04    0.100197E+05
    4.3700    0.119085E+05   -0.814182E+04    0.100252E+05
    4.3750    0.119134E+05   -0.814652E+04    0.100299E+05
    4.3800    0.119166E+05   -0.815001E+04    0.100333E+05
    4.3850    0.119178E+05   -0.815173E+04    0.100348E+05
    4.3900    0.119169E+05   -0.815122E+04    0.100341E+05
    4.3950    0.119140E+05   -0.814816E+04    0.100311E+05
    4.4000    0.119094E+05   -0.814227E+04    0.100258E+05
    4.4050    0.119033E+05   -0.813338E+04    0.100183E+05
    4.4100    0.118961E+05   -0.812132E+04    0.100087E+05
    4.4150    0.118882E+05   -0.810597E+04    0.999711E+04
    4.4200    0.118798E+05   -0.808721E+04    0.998350E+04
    4.4250    0.118708E+05   -0.806492E+04    0.996788E+04
    4.4300    0.118612E+05   -0.803899E+04    0.995012E+04
    4.4350    0.118507E+05   -0.800930E+04    0.993002E+04
    4.4400    0.118389E+05   -0.797577E+04    0.990732E+04
    4.4450    0.118251E+05   -0.793833E+04    0.988173E+04
    4.4500    0.118089E+05   -0.789694E+04    0.985292E+04
    4.4550    0.117896E+05   -0.785162E+04    0.982060E+04
    4.4600    0.117666E+05   -0.780243E+04    0.978453E+04
    4.4650    0.117395E+05   -0.774953E+04    0.974453E+04
    4.4700    0.117079E+05   -0.769310E+04    0.970051E+04
    4.4750    0.116715E+05   -0.763340E+04    0.965245E+04
    4.4800    0.116301E+05   -0.757076E+04    0.960043E+04
    4.4850    0.115836E+05   -0.750555E+04    0.954457E+04
    4.4900    0.115319E+05   -0.743817E+04    0.948506E+04
    4.4950    0.114751E+05   -0.736905E+04    0.942208E+04
    4.5000    0.114131E+05   -0.729862E+04    0.935587E+04
    4.5050    0.113460E+05   -0.722730E+04    0.928663E+04
    4.5100    0.112737E+05   -0.715545E+04    0.921455E+04
    4.5150    0.111963E+05   -0.708343E+04    0.913985E+04
    4.5200    0.111139E+05   -0.701152E+04    0.906272E+04
    4.5250    0.110269E+05   -0.693995E+04    0.898345E+04
    4.5300    0.109358E+05   -0.686891E+04    0.890236E+04
    4.5350    0.108416E+05   -0.679851E+04    0.882007E+04
    4.5400    0.107461E+05   -0.672885E+04    0.873748E+04
    4.5450    0.106521E+05   -0.666001E+04    0.865605E+04
    4.5500    0.105641E+05   -0.659205E+04    0.857808E+04
    4.5550    0.104888E+05   -0.652506E+04    0.850693E+04
    4.5600    0.104344E+05   -0.645916E+04    0.844678E+04
    4.5650    0.104078E+05   -0.639447E+04    0.840114E+04
    4.5700    0.104087E+05   -0.633118E+04    0.836996E+04
    4.5750    0.104267E+05   -0.626948E+04    0.834808E+04
    4.5800    0.104456E+05   -0.620956E+04    0.832758E+04
    4.5850    0.104529E+05   -0.615164E+04    0.830228E+04
    4.5900    0.104426E+05   -0.609587E+04    0.826923E+04
    4.5950    0.104138E+05   -0.604237E+04    0.822809E+04
    4.6000    0.103684E+05   -0.599120E+04    0.817981E+04
    4.6050    0.103089E+05   -0.594234E+04    0.812562E+04
    4.6100    0.102377E+05   -0.589568E+04    0.806668E+04
    4.6150    0.101567E+05   -0.585107E+04    0.800387E+04
    4.6200    0.100675E+05   -0.580827E+04    0.793786E+04
    4.6250    0.997138E+04   -0.576704E+04    0.786921E+04
    4.6300    0.986968E+04   -0.572711E+04    0.779839E+04
    4.6350    0.976361E+04   -0.568821E+04    0.772591E+04
    4.6400    0.965459E+04   -0.565015E+04    0.765237E+04
    4.6450    0.954417E+04   -0.561274E+04    0.757846E+04
    4.6500    0.943400E+04   -0.557591E+04    0.750495E+04
    4.6550    0.932556E+04   -0.553961E+04    0.743259E+04
    4.6600    0.921969E+04   -0.550390E+04    0.736180E+04
    4.6650    0.911569E+04   -0.546883E+04    0.729226E+04
    4.6700    0.901050E+04   -0.543450E+04    0.722250E+04
    4.6750    0.889837E+04   -0.540104E+04    0.714970E+04
    4.6800    0.877208E+04   -0.536852E+04    0.707030E+04
    4.6850    0.862547E+04   -0.533701E+04    0.698124E+04
    4.6900    0.845553E+04   -0.530650E+04    0.688102E+04
    4.6950    0.826323E+04   -0.527694E+04    0.677008E+04
    4.7000    0.805225E+04   -0.524823E+04    0.665024E+04
    4.7050    0.782745E+04   -0.522022E+04    0.652384E+04
    4.7100    0.759371E+04   -0.519273E+04    0.639322E+04
    4.7150    0.735519E+04   -0.516558E+04    0.626038E+04
    4.7200    0.711525E+04   -0.513857E+04    0.612691E+04
    4.7250    0.687614E+04   -0.511155E+04    0.599385E+04
    4.7300    0.663968E+04   -0.508439E+04    0.586203E+04
    4.7350    0.640694E+04   -0.505698E+04    0.573196E+04
    4.7400    0.617845E+04   -0.502928E+04    0.560386E+04
    4.7450    0.595444E+04   -0.500124E+04    0.547784E+04
    4.7500    0.573483E+04   -0.497286E+04    0.535385E+04
    4.7550    0.551944E+04   -0.494414E+04    0.523179E+04
    4.7600    0.530794E+04   -0.491506E+04    0.511150E+04
    4.7650    0.509996E+04   -0.488559E+04    0.499277E+04
    4.7700    0.489513E+04   -0.485566E+04    0.487539E+04
    4.7750    0.469308E+04   -0.482517E+04    0.475912E+04
    4.7800    0.449347E+04   -0.479398E+04    0.464373E+04
    4.7850    0.429603E+04   -0.476196E+04    0.452899E+04
    4.7900    0.410054E+04   -0.472892E+04    0.441473E+04
    4.7950    0.390683E+04   -0.469471E+04    0.430077E+04
    4.8000    0.371478E+04   -0.465922E+04    0.418700E+04
    4.8050    0.352428E+04   -0.462234E+04    0.407331E+04
    4.8100    0.333521E+04   -0.458405E+04    0.395963E+04
    4.8150    0.314743E+04   -0.454439E+04    0.384591E+04
    4.8200    0.296074E+04   -0.450348E+04    0.373211E+04
    4.8250    0.277483E+04   -0.446148E+04    0.361816E+04
    4.8300    0.258937E+04   -0.441864E+04    0.350400E+04
    4.8350    0.240385E+04   -0.437521E+04    0.338953E+04
    4.8400    0.221777E+04   -0.433150E+04    0.327464E+04
    4.8450    0.203057E+04   -0.428777E+04    0.315917E+04
    4.8500    0.184162E+04   -0.424429E+04    0.304295E+04
    4.8550    0.165036E+04   -0.420123E+04    0.292579E+04
    4.8600    0.145636E+04   -0.415873E+04    0.280755E+04
    4.8650    0.125926E+04   -0.411682E+04    0.268804E+04
    4.8700    0.105887E+04   -0.407547E+04    0.256717E+04
    4.8750    0.855181E+03   -0.403457E+04    0.244487E+04
    4.8800    0.648428E+03   -0.399394E+04    0.232118E+04
    4.8850    0.438986E+03   -0.395339E+04    0.219619E+04
    4.8900    0.227408E+03   -0.391270E+04    0.207005E+04
    4.8950    0.143615E+02   -0.387168E+04    0.194302E+04
    4.9000   -0.199427E+03   -0.383018E+04    0.181538E+04
    4.9050   -0.413232E+03   -0.378812E+04    0.168745E+04
    4.9100   -0.626508E+03   -0.374550E+04    0.155949E+04
    4.9150   -0.838841E+03   -0.370237E+04    0.143177E+04
    4.9200   -0.104991E+04   -0.365890E+04    0.130449E+04
    4.9250   -0.125973E+04   -0.361526E+04    0.117777E+04
    4.9300   -0.146852E+04   -0.357168E+04    0.105158E+04
    4.9350   -0.167675E+04   -0.352840E+04    0.925829E+03
    4.9400   -0.188505E+04   -0.348563E+04    0.800289E+03
    4.9450   -0.209415E+04   -0.344350E+04    0.674674E+03
    4.9500   -0.230482E+04   -0.340211E+04    0.548647E+03
    4.9550   -0.251768E+04   -0.336144E+04    0.421881E+03
    4.9600   -0.273332E+04   -0.332142E+04    0.294050E+03
    4.9650   -0.295197E+04   -0.328186E+04    0.164945E+03
    4.9700   -0.317357E+04   -0.324255E+04    0.344871E+02
    4.9750   -0.339778E+04   -0.320322E+04   -0.972782E+02
    4.9800   -0.362390E+04   -0.316363E+04   -0.230134E+03
    4.9850   -0.385098E+04   -0.312356E+04   -0.363711E+03
    4.9900   -0.407783E+04   -0.308286E+04   -0.497483E+03
    4.9950   -0.430314E+04   -0.304148E+04   -0.630830E+03
    5.0000   -0.452554E+04   -0.299943E+04   -0.763053E+03
    5.0050   -0.474392E+04   -0.295686E+04   -0.893530E+03
    5.0100   -0.495711E+04   -0.291396E+04   -0.102157E+04
    5.0150   -0.516430E+04   -0.287101E+04   -0.114665E+04
    5.0200   -0.536506E+04   -0.282832E+04   -0.126837E+04
    5.0250   -0.555919E+04   -0.278618E+04   -0.138650E+04
    5.0300   -0.574690E+04   -0.274487E+04   -0.150102E+04
    5.0350   -0.592868E+04   -0.270457E+04   -0.161205E+04
    5.0400   -0.610521E+04   -0.266541E+04   -0.171990E+04
    5.0450   -0.627723E+04   -0.262739E+04   -0.182492E+04
    5.0500   -0.644547E+04   -0.259043E+04   -0.192752E+04
    5.0550   -0.661068E+04   -0.255438E+04   -0.202815E+04
    5.0600   -0.677335E+04   -0.251900E+04   -0.212718E+04
    5.0650   -0.693381E+04   -0.248405E+04   -0.222488E+04
    5.0700   -0.709211E+04   -0.244927E+04   -0.232142E+04
    5.0750   -0.724806E+04   -0.241448E+04   -0.241679E+04
    5.0800   -0.740126E+04   -0.237951E+04   -0.251088E+04
    5.0850   -0.755120E+04   -0.234431E+04   -0.260345E+04
    5.0900   -0.769730E+04   -0.230891E+04   -0.269419E+04
    5.0950   -0.783909E+04   -0.227346E+04   -0.278281E+04
    5.1000   -0.797610E+04   -0.223815E+04   -0.286897E+04
    5.1050   -0.810811E+04   -0.220327E+04   -0.295242E+04
    5.1100   -0.823527E+04   -0.216910E+04   -0.303308E+04
    5.1150   -0.835794E+04   -0.213593E+04   -0.311100E+04
    5.1200   -0.847677E+04   -0.210400E+04   -0.318638E+04
    5.1250   -0.859258E+04   -0.207348E+04   -0.325955E+04
    5.1300   -0.870630E+04   -0.204444E+04   -0.333093E+04
    5.1350   -0.881868E+04   -0.201684E+04   -0.340092E+04
    5.1400   -0.893047E+04   -0.199052E+04   -0.346997E+04
    5.1450   -0.904151E+04   -0.196523E+04   -0.353814E+04
    5.1500   -0.915079E+04   -0.194064E+04   -0.360507E+04
    5.1550   -0.925597E+04   -0.191635E+04   -0.366981E+04
    5.1600   -0.935335E+04   -0.189194E+04   -0.373071E+04
    5.1650   -0.943862E+04   -0.186701E+04   -0.378580E+04
    5.1700   -0.950905E+04   -0.184122E+04   -0.383391E+04
    5.1750   -0.956638E+04   -0.181428E+04   -0.387605E+04
    5.1800   -0.961795E+04   -0.178604E+04   -0.391596E+04
    5.1850   -0.967411E+04   -0.175642E+04   -0.395885E+04
    5.1900   -0.974371E+04   -0.172547E+04   -0.400912E+04
    5.1950   -0.983114E+04   -0.169336E+04   -0.406889E+04
    5.2000   -0.993609E+04   -0.166029E+04   -0.413790E+04
    5.2050   -0.100549E+05   -0.162657E+04   -0.421415E+04
    5.2100   -0.101821E+05   -0.159248E+04   -0.429480E+04
    5.2150   -0.103119E+05   -0.155832E+04   -0.437681E+04
    5.2200   -0.104391E+05   -0.152434E+04   -0.445739E+04
    5.2250   -0.105591E+05   -0.149075E+04   -0.453418E+04
    5.2300   -0.106684E+05   -0.145767E+04   -0.460535E+04
    5.2350   -0.107644E+05   -0.142517E+04   -0.466962E+04
    5.2400   -0.108455E+05   -0.139323E+04   -0.472615E+04
    5.2450   -0.109108E+05   -0.136182E+04   -0.477448E+04
    5.2500   -0.109598E+05   -0.133085E+04   -0.481445E+04
    5.2550   -0.109925E+05   -0.130026E+04   -0.484614E+04
    5.2600   -0.110095E+05   -0.126999E+04   -0.486977E+04
